0.405725703327785	7.40604397974498	55
0.397009680278831	7.40103455249973	55
0.388357294072972	7.39591599488453	55
0.379769911022293	7.39068911517898	55
0.371248887174126	7.38535473876798	55
0.362795568096914	7.37991370801138	55
0.354411288667734	7.37436688211103	55
0.346097372861502	7.36871513697504	55
0.337855133541901	7.36295936507947	55
0.329685872254067	7.35710047532744	55
0.321590879019058	7.35113939290555	55
0.313571432130147	7.34507705913783	55
0.305628797950962	7.33891443133704	55
0.297764230715513	7.33265248265357	55
0.289978972330135	7.32629220192169	55
0.282274252177378	7.31983459350347	55
0.274651286921869	7.31328067713014	55
0.267111280318191	7.30663148774106	55
0.259655423020792	7.29988807532031	55
0.252284892395972	7.29305150473091	55
0.245000852335958	7.28612285554658	55
0.237804453075113	7.27910322188136	55
0.230696831008306	7.27199371221678	55
0.223679108511454	7.26479544922682	55
0.216752393764292	7.25750956960067	55
0.209917780575375	7.25013722386317	55
0.203176348209356	7.24267957619318	55
0.196529161216553	7.23513780423971	55
0.189977269264851	7.22751309893599	55
0.183521706973939	7.21980666431137	55
0.177163493751939	7.21201971730122	55
0.170903633634426	7.20415348755473	55
0.164743115125878	7.19620921724077	55
0.158682911043583	7.18818816085172	55
0.152723978364018	7.18009158500537	55
0.146867258071731	7.17192076824489	55
0.141113675010749	7.16367700083698	55
0.135464137738536	7.15536158456807	55
0.129919538382518	7.14697583253879	55
0.124480752499208	7.13852106895659	55
0.119148638935947	7.12999862892665	55
0.113924039695277	7.12140985824106	55
0.108807779801983	7.11275611316626	55
0.103800667172814	7.10403876022892	55
0.0989034924888961	7.09525917600012	55
0.0941170290708834	7.08641874687799	55
0.089442032756835	7.07751886886877	55
0.0848792417828638	7.06856094736636	55
0.0804293766665579	7.05954639693043	55
0.0760931400932037	7.05047664106297	55
0.0718712168048231	7.04135311198358	55
0.0677642734920457	7.03217725040328	55
0.0637729586888298	7.02295050529696	55
0.0598979026700517	7.01367433367464	55
0.0561397173519775	7.00435020035135	55
0.0524989961956355	6.99497957771584	55
0.0489763141131005	6.98556394549805	55
0.0455722273767101	6.97610479053545	55
0.042287273531221	6.96660360653826	55
0.0391219713089258	6.95706189385359	55
0.036076820547739	6.94748115922847	55
0.0331523021122659	6.93786291557196	55
0.0303488778178702	6.92820868171624	55
0.0276669903577457	6.91851998217674	55
0.0251070632330119	6.90879834691145	55
0.0226695006858377	6.89904531107926	55
0.0203546876356061	6.88926241479759	55
0.018162989618132	6.87945120289918	55
0.0160947527279395	6.86961322468811	55
0.014150303563609	6.8597500336952	55
0.0123299491762046	6.84986318743263	55
0.0106339770207862	6.83995424714805	55
0.00906265491101732	6.83002477757799	55
0.00761623097687469	6.82007634670081	55
0.00629493362546474	6.81011052548906	55
0.00509897150495653	6.80012888766145	55
0.00402853347163257	6.79013300943429	55
0.00308378856006741	6.78012446927263	55
0.00226488595643448	6.770104847641	55
0.00157195497494789	6.76007572675379	55
0.00100510503744222	6.75003869032545	55
0.000564425656093936	6.7399953233204	55
0.000249986419285531	6.7299472117027	55
6.1836980617902e-05	6.71989594218567	55
7.0510683958247e-09	6.70984310198127	55
6.45063942996682e-05	6.69979027854951	55
0.000255324825117587	6.68973905934775	55
0.000572432211080054	6.67969103158002	55
0.00101577847725487	6.66964778194638	55
0.00158529361412696	6.65961089639237	55
0.0022808876886542	6.64958195985857	55
0.00310245085846894	6.63956255603033	55
0.00404985338922237	6.62955426708766	55
0.00512294567507265	6.61955867345539	55
0.00632155826230796	6.60957735355364	55
0.00764550187610591	6.59961188354852	55
0.00909456745042236	6.58966383710328	55
0.0106685261610051	6.57973478512977	55
0.0123671294615276	6.56982629554039	55
0.0141901091228382	6.55993993300052	55
0.0161371772753155	6.5500772586814	55
0.0182080264543271	6.54023983001365	55
0.0204023296487816	6.53042920044128	55
0.0227197403527676	6.52064691917644	55
0.0251598926202703	6.51089453095474	55
0.02772240112296	6.50117357579133	55
0.0304068612110381	6.49148558873772	55
0.0332128489771377	6.48183209963938	55
0.0361399213232626	6.47221463289413	55
0.0391876160307574	6.46263470721147	55
0.0423554518332979	6.45309383537272	55
0.0456429284928882	6.44359352399214	55
0.0490495268788541	6.43413527327902	55
0.0525747090498199	6.42472057680081	55
0.0562179183386555	6.41535092124721	55
0.0599785794403809	6.40602778619545	55
0.0638560985030131	6.39675264387664	55
0.0678498632213425	6.38752695894326	55
0.0719592429336229	6.37835218823791	55
0.07618358872116	6.36922978056325	55
0.0805222335107844	6.3601611764532	55
0.0849744921801883	6.35114780794547	55
0.0895396616661155	6.34219109835544	55
0.0942170210753832	6.33329246205139	55
0.0990058317987189	6.32445330423113	55
0.103905337627396	6.31567502070016	55
0.108914764872647	6.3069589976512	55
0.114033322487838	6.29830661144534	55
0.119260202193387	6.28971922839466	55
0.124594578604395	6.2811982045465	55
0.13003560936099	6.27274488546928	55
0.135582435261341	6.26436060604011	55
0.141234180397336	6.25604669023387	55
0.146989952292903	6.24780445091427	55
0.152848842044935	6.23963518962644	55
0.158809924466822	6.23154019639143	55
0.164872258234547	6.22352074950252	55
0.171034886035331	6.21557811532333	55
0.177296834718805	6.20771354808788	55
0.183657115450682	6.19992828970251	55
0.190114723868901	6.19222356954975	55
0.196668640242237	6.18460060429424	55
0.203317829631317	6.17706059769056	55
0.210061242052057	6.16960474039316	55
0.216897812641465	6.16223420976834	55
0.223826461825791	6.15495016970833	55
0.230846095491011	6.14775377044749	55
0.237955605155594	6.14064614838068	55
0.245153868145549	6.13362842588383	55
0.252439747771703	6.12670171113666	55
0.259812093509204	6.11986709794775	55
0.267269741179197	6.11312566558173	55
0.274811513132663	6.10647847858892	55
0.282436218436383	6.09992658663722	55
0.290142653061002	6.09347102434631	55
0.297929600071156	6.08711281112431	55
0.305795829817644	6.0808529510068	55
0.313740100131601	6.07469243249825	55
0.32176115652065	6.06863222841595	55
0.329857732367004	6.06267329573639	55
0.33802854912748	6.0568165754441	55
0.346272316535392	6.05106299238312	55
0.354587732804302	6.04541345511091	55
0.362973484833584	6.03986885575489	55
0.371428248415783	6.03443006987158	55
0.379950688445718	6.02909795630832	55
0.388539459131315	6.02387335706765	55
0.397193204206116	6.01875709717435	55
0.405910557143457	6.01374998454519	55
0.414690141372255	6.00885280986127	55
0.423530570494384	6.00406634644325	55
0.432430448503605	5.99939135012921	55
0.441388370006008	5.99482855915524	55
0.450402920441945	5.99037869403893	55
0.459472676309402	5.98604245746558	55
0.468596205388788	5.98182053417719	55
0.477772066969097	5.97771359086442	55
0.486998812075416	5.9737222760612	55
0.496274983697734	5.96984722004242	55
0.505599117021019	5.96608903472435	55
0.514969739656528	5.96244831356801	55
0.524385371874322	5.95892563148547	55
0.533844526836923	5.95552154474908	55
0.543345710834109	5.95223659090359	55
0.552887423518784	5.9490712886813	55
0.562468158143906	5.94602613792011	55
0.572086401800413	5.94310161948464	55
0.581740635656135	5.94029819519024	55
0.591429335195629	5.93761630773012	55
0.601150970460923	5.93505638060538	55
0.610904006293113	5.93261881805821	55
0.62068690257478	5.93030400500798	55
0.630498114473193	5.9281123069905	55
0.640336092684259	5.92604407010031	55
0.650199283677173	5.92409962093598	55
0.660086129939739	5.92227926654858	55
0.669995070224322	5.92058329439316	55
0.67992453979438	5.91901197228339	55
0.689872970671564	5.91756554834925	55
0.699838791883312	5.91624425099784	55
0.709820429710927	5.91504828887733	55
0.719816307938086	5.913977850844	55
0.729824848099739	5.91303310593244	55
0.739844469731374	5.91221420332881	55
0.749873590618584	5.91152127234732	55
0.759910627046918	5.91095442240981	55
0.769953994051973	5.91051374302847	55
0.780002105669671	5.91019930379166	55
0.790053375186707	5.91001115435299	55
0.800106215391106	5.90994932442344	55
0.810159038822863	5.91001382376667	55
0.820210258024623	5.91020464219749	55
0.830258285792356	5.91052174958345	55
0.840301535425997	5.91096509584963	55
0.850338420980005	5.9115346109865	55
0.860367357513798	5.91223020506103	55
0.870386761342039	5.91305176823084	55
0.880395050284715	5.91399917076159	55
0.890390643916981	5.91507226304744	55
0.900371963818732	5.91627087563468	55
0.910337433823847	5.91759481924848	55
0.92028548026909	5.91904388482279	55
0.930214532242604	5.92061784353338	55
0.949880145342828	5.92390004423168	55
0.967350744033468	5.926786454829	55
0.984830047027444	5.92964378010688	55
1.00231805432476	5.93247202006532	55
1.0198147659254	5.93527117470432	55
1.03732018182939	5.93804124402387	55
1.05483430203671	5.94078222802398	55
1.07235712654736	5.94349412670466	55
1.08988865536135	5.94617694006588	55
1.10742888847868	5.94883066810767	55
1.12497782589934	5.95145531083002	55
1.14253546762334	5.95405086823292	55
1.16010181365067	5.95661734031638	55
1.17767686398134	5.9591547270804	55
1.19526061861534	5.96166302852498	55
1.21285307755269	5.96414224465012	55
1.23045424079336	5.96659237545582	55
1.24806410833737	5.96901342094207	55
1.26568268018472	5.97140538110888	55
1.28330995633541	5.97376825595625	55
1.30094593678943	5.97610204548418	55
1.31859062154678	5.97840674969266	55
1.33624401060747	5.98068236858171	55
1.3539061039715	5.98292890215131	55
1.37157690163886	5.98514635040147	55
1.38925640360956	5.98733471333219	55
1.40694460988359	5.98949399094347	55
1.42464152046096	5.99162418323531	55
1.44234713534167	5.9937252902077	55
1.46006145452571	5.99579731186065	55
1.47778447801308	5.99784024819417	55
1.4955162058038	5.99985409920823	55
1.51325663789784	6.00183886490286	55
1.53100577429523	6.00379454527804	55
1.54876361499595	6.00572114033379	55
1.56653016	6.00761865007009	55
1.58430540930739	6.00948707448695	55
1.60208936291812	6.01132641358437	55
1.61988202083218	6.01313666736235	55
1.63768338304958	6.01491783582088	55
1.65549344957032	6.01666991895998	55
1.67331222039439	6.01839291677963	55
1.69113969552179	6.02008682927984	55
1.70897587495253	6.0217516564606	55
1.72682075868661	6.02338739832193	55
1.74467434672402	6.02499405486381	55
1.76253663906477	6.02657162608625	55
1.78040763570885	6.02812011198926	55
1.79828733665627	6.02963951257282	55
1.81617574190703	6.03112982783693	55
1.83407285146112	6.03259105778161	55
1.85197866531855	6.03402320240684	55
1.86989318347931	6.03542626171263	55
1.88781640594341	6.03680023569899	55
1.90574833271084	6.03814512436589	55
1.92368896378162	6.03946092771336	55
1.94163829915572	6.04074764574139	55
1.95959633883316	6.04200527844997	55
1.97756308281394	6.04323382583911	55
1.99553853109805	6.04443328790881	55
2.0135226836855	6.04560366465907	55
2.03151554057629	6.04674495608988	55
2.04951710177041	6.04785716220126	55
2.06752736726786	6.04894028299319	55
2.08554633706865	6.04999431846568	55
2.10357401117278	6.05101926861873	55
2.12161038958024	6.05201513345234	55
2.13965547229104	6.05298191296651	55
2.15770925930518	6.05391960716123	55
2.17577175062265	6.05482821603651	55
2.19384294624345	6.05570773959235	55
2.2119228461676	6.05655817782875	55
2.23001145039507	6.05737953074571	55
2.24810875892589	6.05817179834322	55
2.26621477176004	6.0589349806213	55
2.28432948889752	6.05966907757993	55
2.30245291033834	6.06037408921912	55
2.3205850360825	6.06105001553887	55
2.33872586612999	6.06169685653917	55
2.35687540048082	6.06231461222004	55
2.37503363913498	6.06290328258146	55
2.39320058209248	6.06346286762344	55
2.41137622935331	6.06399336734598	55
2.42956058091749	6.06449478174908	55
2.44775363678499	6.06496711083273	55
2.46595539695583	6.06541035459695	55
2.48416586143001	6.06582451304172	55
2.50238503020752	6.06620958616705	55
2.52061290328837	6.06656557397294	55
2.53884948067256	6.06689247645939	55
2.55709476236008	6.06719029362639	55
2.57534874835094	6.06745902547396	55
2.59361143864513	6.06769867200208	55
2.61188283324266	6.06790923321076	55
2.63016293214352	6.0680907091	55
2.64845173534772	6.06824309966979	55
2.66674924285525	6.06836640492015	55
2.68505545466613	6.06846062485107	55
2.70337037078033	6.06852575946254	55
2.72169399119788	6.06856180875457	55
2.74002631591875	6.06856877272715	55
2.75836734494297	6.0685466513803	55
2.77671707827052	6.068495444714	55
2.7950755159014	6.06841515272827	55
2.81344265783562	6.06830577542309	55
2.83181850407318	6.06816731279847	55
2.85020305461407	6.0679997648544	55
2.8685963094583	6.0678031315909	55
2.88699826860586	6.06757741300795	55
2.90540893205676	6.06732260910557	55
2.923828299811	6.06703871988374	55
2.94225637186857	6.06672574534247	55
2.96069314822948	6.06638368548175	55
2.97913862889372	6.0660125403016	55
2.9975928138613	6.065612309802	55
3.01605570313221	6.06518299398296	55
3.03452729670646	6.06472459284448	55
3.05300759458405	6.06423710638656	55
3.07149659676497	6.0637205346092	55
3.08999430324923	6.06317487751239	55
3.10850071403682	6.06260013509614	55
3.12701582912775	6.06199630736045	55
3.14553964852201	6.06136339430532	55
3.16407217221961	6.06070139593075	55
3.18261340022055	6.06001031223674	55
3.20116333252482	6.05929014322328	55
3.21972196913243	6.05854088889039	55
3.23828931004337	6.05776254923805	55
3.25686535525765	6.05695512426627	55
3.27545010477526	6.05611861397504	55
3.29404355859621	6.05525301836438	55
3.3126457167205	6.05435833743427	55
3.33125657914812	6.05343457118472	55
3.34987614587908	6.05248171961573	55
3.36850441691337	6.0514997827273	55
3.387141392251	6.05048876051943	55
3.40578707189196	6.04944865299211	55
3.42444145583627	6.04837946014536	55
3.4431045440839	6.04728118197916	55
3.46177633663487	6.04615381849352	55
3.48045683348918	6.04499736968843	55
3.49914603464682	6.04381183556391	55
3.5178439401078	6.04259721611994	55
3.53655054987212	6.04135351135654	55
3.55526586393977	6.04008072127369	55
3.57398988231075	6.0387788458714	55
3.59272260498508	6.03744788514966	55
3.61146403196273	6.03608783910849	55
3.63021416324373	6.03469870774788	55
3.64897299882806	6.03328049106782	55
3.66774053871572	6.03183318906832	55
3.68651678290672	6.03035680174938	55
3.70530173140106	6.02885132911099	55
3.72409538419873	6.02731677115317	55
3.74289774129974	6.0257531278759	55
3.76170880270408	6.02416039927919	55
3.78052856841176	6.02253858536304	55
3.79935703842278	6.02088768612745	55
3.81819421273713	6.01920770157242	55
3.83704009135481	6.01749863169794	55
3.85589467427584	6.01576047650403	55
3.87475796150019	6.01399323599066	55
3.89362995302789	6.01219691015786	55
3.91251064885892	6.01037149900562	55
3.93140004899328	6.00851700253394	55
3.95029815343098	6.00663342074281	55
3.96920496217202	6.00472075363224	55
3.98812047521639	6.00277900120224	55
4.0070446925641	6.00080816345278	55
4.02597761421514	5.99880824038389	55
4.04491924016952	5.99677923199556	55
4.06386957042724	5.99472113828778	55
4.08282860498829	5.99263395926056	55
4.10179634385268	5.9905176949139	55
4.1207727870204	5.9883723452478	55
4.13975793449146	5.98619791026225	55
4.15875178626585	5.98399438995727	55
4.17775434234358	5.98176178433284	55
4.19676560272465	5.97950009338898	55
4.21578556740905	5.97720931712566	55
4.23481423639678	5.97488945554291	55
4.25385160968786	5.97254050864072	55
4.27289768728227	5.97016247641908	55
4.29195246918001	5.96775535887801	55
4.31101595538109	5.96531915601749	55
4.33008814588551	5.96285386783752	55
4.34916904069326	5.96035949433812	55
4.36825863980435	5.95783603551928	55
4.38735694321877	5.95528349138099	55
4.40646395093653	5.95270186192326	55
4.42557966295762	5.95009114714609	55
4.44470407928205	5.94745134704948	55
4.46383719990982	5.94478246163343	55
4.48297902484092	5.94208449089793	55
4.50212955407535	5.939357434843	55
4.52128878761313	5.93660129346862	55
4.54045672545424	5.9338160667748	55
4.55963336759868	5.93100175476154	55
4.57881871404646	5.92815835742883	55
4.59801276479758	5.92528587477669	55
4.61721551985203	5.9223843068051	55
4.63642697920982	5.91945365351407	55
4.65564714287094	5.9164939149036	55
4.6748760108354	5.91350509097368	55
4.69411358310319	5.91048718172433	55
4.71335985967432	5.90744018715554	55
4.73261484054879	5.9043641072673	55
4.75187852572659	5.90125894205962	55
4.77115091520773	5.8981246915325	55
4.7904320089922	5.89496135568593	55
4.80972180708001	5.89176893451993	55
4.82902030947115	5.88854742803448	55
4.84832751616564	5.88529683622959	55
4.86764342716345	5.88201715910526	55
4.8869680424646	5.87870839666149	55
4.90630136206909	5.87537054889828	55
4.92564338597691	5.87200361581562	55
4.94499411418807	5.86860759741353	55
4.96435354670257	5.86518249369199	55
4.9837216835204	5.86172830465101	55
5.00309852464157	5.85824503029059	55
5.02248407006607	5.85473267061072	55
5.04187831979391	5.85119122561142	55
5.06128127382508	5.84762069529267	55
5.08069293215959	5.84402107965448	55
5.10011329479743	5.84039237869685	55
5.11954236173861	5.83673459241977	55
5.13898013298313	5.83304772082326	55
5.15842660853098	5.8293317639073	55
5.17788178838217	5.82558672167191	55
5.19734567253669	5.82181259411707	55
5.21681826099455	5.81800938124278	55
5.23629955375575	5.81417708304906	55
5.25578955082028	5.81031569953589	55
5.27528825218815	5.80642523070329	55
5.29479565785935	5.80250567655124	55
5.31431176783389	5.79855703707975	55
5.33383658211176	5.79457931228882	55
5.35337010069297	5.79057250217844	55
5.37291232357752	5.78653660674863	55
5.3924632507654	5.78247162599937	55
5.41202288225661	5.77837755993067	55
5.43159121805117	5.77425440854253	55
5.45116825814905	5.77010217183495	55
5.47075400255028	5.76592084980792	55
5.49034845125484	5.76171044246146	55
5.50995160426273	5.75747094979555	55
5.52956346157397	5.7532023718102	55
5.54918402318853	5.74890470850541	55
5.56881328910643	5.74457795988117	55
5.58845125932767	5.7402221259375	55
5.60809793385225	5.73583720667438	55
5.62775331268016	5.73142320209183	55
5.6474173958114	5.72698011218982	55
5.66709018324598	5.72250793696838	55
5.6867716749839	5.7180066764275	55
5.70646187102515	5.71347633056717	55
5.72616077136974	5.70891689938741	55
5.74586837601766	5.7043283828882	55
5.76558468496893	5.69971078106955	55
5.78530969822352	5.69506409393145	55
5.80504341578145	5.69038832147392	55
5.82478583764272	5.68568346369694	55
5.84453696380732	5.68094952060053	55
5.86429679427526	5.67618649218467	55
5.88406532904654	5.67139437844937	55
5.90384256812115	5.66657317939462	55
5.92362851149909	5.66172289502044	55
5.94342315918037	5.65684352532681	55
5.96322651116499	5.65193507031374	55
5.98303856745294	5.64699752998123	55
6.00285932804423	5.64203090432928	55
6.02268879293886	5.63703519335789	55
6.04252696213682	5.63201039706705	55
6.06237383563811	5.62695651545678	55
6.08222941344274	5.62187354852706	55
6.10209369555071	5.6167614962779	55
6.12196668196202	5.61162035870929	55
6.14184837267665	5.60645013582125	55
6.16173876769463	5.60125082761376	55
6.18163786701594	5.59602243408684	55
6.20154567064059	5.59076495524046	55
6.22146217856857	5.58547839107466	55
6.24138739079989	5.5801627415894	55
6.26132130733454	5.57481800678471	55
6.28126392817253	5.56944418666057	55
6.30121525331385	5.56404128121699	55
6.32117528275851	5.55860929045398	55
6.34114401650651	5.55314821437151	55
6.36112145455784	5.54765805296961	55
6.38110759691251	5.54213880624826	55
6.40110244357051	5.53659047420748	55
6.42110599453185	5.53101305684725	55
6.44111824979653	5.52540655416758	55
6.46113920936454	5.51977096616847	55
6.48116887323588	5.51410629284991	55
6.50120724141057	5.50841253421192	55
6.52125431388859	5.50268969025448	55
6.54131009066994	5.4969377609776	55
6.56137457175463	5.49115674638128	55
6.58144775714265	5.48534664646552	55
6.60152964683401	5.47950746123031	55
6.62162024082871	5.47363919067567	55
6.64171953912674	5.46774183480158	55
6.66182754172811	5.46181539360805	55
6.68194424863281	5.45585986709508	55
6.70206965984085	5.44987525526267	55
6.72220377535223	5.44386155811081	55
6.74234659516694	5.43781877563952	55
6.76249811928499	5.43174690784878	55
6.78265834770637	5.4256459547386	55
6.80282728043109	5.41951591630897	55
6.82300491745914	5.41335679255991	55
6.84319125879053	5.4071685834914	55
6.86338630442526	5.40095128910346	55
6.88359005436332	5.39470490939607	55
6.90380250860472	5.38842944436924	55
6.92402366714945	5.38212489402297	55
6.94425352999752	5.37579125835725	55
6.96449209714892	5.3694285373721	55
6.98473936860366	5.3630367310675	55
7.00499534436173	5.35661583944346	55
7.02526002442315	5.35016586249998	55
7.04553340878789	5.34368680023706	55
7.06581549745598	5.33717865265469	55
7.08610629042739	5.33064141975289	55
7.10640578770215	5.32407510153164	55
7.12671398928024	5.31747969799095	55
7.14703089516167	5.31085520913082	55
7.16735650534643	5.30420163495124	55
7.18769081983452	5.29751897545223	55
7.20803383862596	5.29080723063377	55
7.22838556172073	5.28406640049587	55
7.24874598911883	5.27729648503853	55
7.26911512082027	5.27049748426175	55
7.28949295682505	5.26366939816553	55
7.30987949713316	5.25681222674986	55
7.3302747417446	5.24992597001475	55
7.35067869065939	5.2430106279602	55
7.37109134387751	5.23606620058621	55
7.39151270139896	5.22909268789278	55
7.41194276322375	5.2220900898799	55
7.43238152935188	5.21505840654759	55
7.45282899978334	5.20799763789583	55
7.47328517451814	5.20090778392463	55
7.49375005355627	5.19378884463399	55
7.51422363689774	5.18664082002391	55
7.53470592454254	5.17946371009438	55
7.55519691649068	5.17225751484542	55
7.57569661274216	5.16502223427701	55
7.59620501329697	5.15775786838916	55
7.61672211815512	5.15046441718186	55
7.6372479273166	5.14314188065513	55
7.65778244078142	5.13579025880896	55
7.67832565854958	5.12840955164334	55
7.69887758062107	5.12099975915828	55
7.71943820699589	5.11356088135378	55
7.74000753767405	5.10609291822984	55
7.76058557265555	5.09859586978645	55
7.78117231194039	5.09106973602363	55
7.80176775552856	5.08351451694136	55
7.82237190342006	5.07593021253965	55
7.8429847556149	5.0683168228185	55
7.86360631211308	5.0606743477779	55
7.88423657291459	5.05300278741787	55
7.90487553801944	5.04530214173839	55
7.92552320742762	5.03757241073947	55
7.94617958113914	5.02981359442112	55
7.966844659154	5.02202569278332	55
7.98751844147219	5.01420870582607	55
8.00820092809371	5.00636263354938	55
8.02889211901858	4.99848747595326	55
8.04959201424677	4.99058323303769	55
8.07030061377831	4.98264990480268	55
8.09101791761318	4.97468749124823	55
8.11174392575138	4.96669599237434	55
8.13247863819292	4.958675408181	55
8.1532220549378	4.95062573866822	55
8.17397417598601	4.942546983836	55
8.19473500133756	4.93443914368434	55
8.21550453099245	4.92630221821324	55
8.23628276495066	4.91813620742269	55
8.25706970321222	4.90994111131271	55
8.27786534577711	4.90171692988328	55
8.29866969264534	4.89346366313441	55
8.3194827438169	4.8851813110661	55
8.3403044992918	4.87686987367834	55
8.36113495907003	4.86852935097115	55
8.3819741231516	4.86015974294451	55
8.40282199153651	4.85176104959843	55
8.42367856422475	4.84333327093291	55
8.44454384121633	4.83487640694795	55
8.46541782251124	4.82639045764355	55
8.48630050810949	4.8178754230197	55
8.50719189801107	4.80933130307641	55
8.52809199221599	4.80075809781369	55
8.54900079072425	4.79215580723151	55
8.56991829353584	4.7835244313299	55
8.59084450065077	4.77486397010885	55
8.61177941206903	4.76617442356835	55
8.63272302779063	4.75745579170841	55
8.65367534781556	4.74870807452903	55
8.67463637214383	4.73993127203021	55
8.69560610077544	4.73112538421195	55
8.71658453371038	4.72229041107424	55
8.73757167094866	4.7134263526171	55
8.75856751249027	4.70453320884051	55
8.77957205833522	4.69561097974448	55
8.8005853084835	4.68665966532901	55
8.82160726293512	4.67767926559409	55
8.84263792169008	4.66866978053974	55
8.86367728474837	4.65963121016594	55
8.88472535211	4.6505635544727	55
8.90578212377496	4.64146681346002	55
8.92684759974326	4.6323409871279	55
8.9479217800149	4.62318607547634	55
8.96900466458986	4.61400207850533	55
8.99009625346817	4.60478899621488	55
9.01119654664981	4.59554682860499	55
9.03230554413479	4.58627557567566	55
9.05342324592311	4.57697523742689	55
9.07454965201475	4.56764581385867	55
9.09568476240974	4.55828730497102	55
9.11682857710806	4.54889971076392	55
9.13798109610972	4.53948303123738	55
9.15914231941471	4.5300372663914	55
9.18031224702304	4.52056241622598	55
9.2014908789347	4.51105848074111	55
9.2226782151497	4.5015254599368	55
9.24387425566803	4.49196335381305	55
9.2650790004897	4.48237216236987	55
9.28629244961471	4.47275188560723	55
9.30751460304305	4.46310252352516	55
9.32874546077473	4.45342407612364	55
9.34998502280974	4.44371654340268	55
9.37123328914809	4.43397992536229	55
9.39249025978978	4.42421422200245	55
9.4137559347348	4.41441943332316	55
9.43503031398316	4.40459555932444	55
9.45631339753485	4.39474260000627	55
9.47760518538988	4.38486055536866	55
9.49890567754824	4.37494942541161	55
9.52021487400994	4.36500921013512	55
9.54153277477497	4.35503990953919	55
9.56285937984335	4.34504152362381	55
9.58419468921505	4.335014052389	55
9.60553870289009	4.32495749583474	55
9.62689142086847	4.31487185396104	55
9.64825284315019	4.3047571267679	55
9.66962296973524	4.29461331425531	55
9.69100180062362	4.28444041642329	55
9.71238933581534	4.27423843327182	55
9.7337855753104	4.26400736480091	55
9.75519051910879	4.25374721101056	55
9.77660416721052	4.24345797190077	55
9.79802651961558	4.23313964747154	55
9.81945757632398	4.22279223772286	55
9.84089733733572	4.21241574265474	55
9.86234580265079	4.20201016226718	55
9.8838029722692	4.19157549656018	55
9.90526884619094	4.18111174553374	55
9.92674342441602	4.17061890918785	55
9.94822670694443	4.16009698752253	55
9.96971869377618	4.14954598053776	55
9.99121938491127	4.13896588823355	55
10.0127287803497	4.1283567106099	55
10.0342468800914	4.1177184476668	55
10.0557736841365	4.10705109940427	55
10.077309192485	4.09635466582229	55
10.0988534051367	4.08562914692087	55
10.1204063220918	4.07487454270001	55
10.1419679433503	4.06409085315971	55
10.163538268912	4.05327807829997	55
10.1851172987772	4.04243621812078	55
10.2067050329456	4.03156527262215	55
10.2283014714174	4.02066524180409	55
10.2499066141925	4.00973612566657	55
10.2715204612709	3.99877792420962	55
10.2931430126527	3.98779063743322	55
10.3147742683378	3.97677426533739	55
10.3364142283263	3.96572880792211	55
10.3580628926181	3.95465426518739	55
10.3797202612132	3.94355063713323	55
10.4013863341117	3.93241792375963	55
10.4230611113135	3.92125612506658	55
10.4447445928186	3.91006524105409	55
10.4664367786271	3.89884527172217	55
10.4881376687389	3.8875962170708	55
10.509847263154	3.87631807709998	55
10.5315655618725	3.86501085180973	55
10.5532925648943	3.85367454120003	55
10.5750282722195	3.8423091452709	55
10.596772683848	3.83091466402232	55
10.6185257997798	3.8194910974543	55
10.640287620015	3.80803844556683	55
10.6620581445535	3.79655670835993	55
10.6838373733953	3.78504588583358	55
10.7056253065404	3.7735059779878	55
10.7274219439889	3.76193698482257	55
10.7492272857408	3.7503389063379	55
10.771041331796	3.73871174253378	55
10.7928640821545	3.72705549341023	55
10.8146955368163	3.71537015896723	55
10.8365356957815	3.70365573920479	55
10.85838455905	3.69191223412291	55
10.8802421266218	3.68013964372159	55
10.902108398497	3.66833796800083	55
10.9239833746756	3.65650720696062	55
10.9458670551574	3.64464736060098	55
10.9677594399426	3.63275842892189	55
10.9896605290311	3.62084041192336	55
11.011570322423	3.60889330960538	55
11.0334888201182	3.59691712196797	55
11.0554160221167	3.58491184901111	55
11.0773519284186	3.57287749073481	55
11.0992965390238	3.56081404713908	55
11.1212498539324	3.54872151822389	55
11.1432118731442	3.53659990398927	55
11.1651825966595	3.52444920443521	55
11.187162024478	3.5122694195617	55
11.2091501565999	3.50006054936875	55
11.2311469930251	3.48782259385636	55
11.2531525337537	3.47555555302453	55
11.2751667787856	3.46325942687326	55
11.2971897281208	3.45093421540254	55
11.3192213817594	3.43857991861239	55
11.3412617397013	3.42619653650279	55
11.3633108019465	3.41378406907375	55
11.3853685684951	3.40134251632526	55
11.407435039347	3.38887187825734	55
11.4295102145022	3.37637215486997	55
11.4515940939608	3.36384334616317	55
11.4736866777227	3.35128545213692	55
11.495787965788	3.33869847279123	55
11.5178979581566	3.3260824081261	55
11.5400166548285	3.31343725814152	55
11.5621440558037	3.30076302283751	55
11.5842801610823	3.28805970221405	55
11.6064249706643	3.27532729627115	55
11.6285784845495	3.26256580500881	55
11.6507407027381	3.24977522842702	55
11.6729116252301	3.2369555665258	55
11.6950912520253	3.22410681930513	55
11.717279583124	3.21122898676502	55
11.7394766185259	3.19832206890547	55
11.7616823582312	3.18538606572648	55
11.7838968022398	3.17242097722805	55
11.8061199505518	3.15942680341017	55
11.828351803167	3.14640354427285	55
11.8505923600857	3.1333511998161	55
11.8728416213076	3.1202697700399	55
11.8950995868329	3.10715925494425	55
11.9173662566615	3.09401965452917	55
11.9396416307935	3.08085096879464	55
11.9619257092288	3.06765319774067	55
11.9842184919675	3.05442634136727	55
12.0065199790094	3.04117039967442	55
12.0288301703547	3.02788537266212	55
12.0511490660034	3.01457126033039	55
12.0734766659554	3.00122806267921	55
12.0958129702107	2.98785577970859	55
12.1181579787693	2.97445441141853	55
12.1405116916313	2.96102395780903	55
12.1628741087966	2.94756441888009	55
12.1852452302653	2.9340757946317	55
12.2076250560373	2.92055808506387	55
12.2300135861126	2.90701129017661	55
12.2524108204913	2.89343540996989	55
12.2748167591733	2.87983044444374	55
12.2972314021586	2.86619639359815	55
12.3196547494473	2.85253325743311	55
12.3420868010393	2.83884103594864	55
12.3645275569347	2.82511972914472	55
12.3869770171333	2.81136933702136	55
12.4094351816354	2.79758985957855	55
12.4319020504407	2.78378129681631	55
12.4543776235494	2.76994364873462	55
12.4768619009614	2.7560769153335	55
12.4993548826768	2.74218109661292	55
12.5218565686955	2.72825619257291	55
12.5443669590175	2.71430220321346	55
12.5668860536429	2.70031912853456	55
12.5894138525716	2.68630696853623	55
12.6119503558036	2.67226572321845	55
12.634495563339	2.65819539258123	55
12.6570494751777	2.64409597662457	55
12.6796120913197	2.62996747534846	55
12.7021834117651	2.61580988875292	55
12.7247634365138	2.60162321683793	55
12.7473521655659	2.5874074596035	55
12.7699495989213	2.57316261704963	55
12.79255573658	2.55888868917632	55
12.8151705785421	2.54458567598356	55
12.8377941248075	2.53025357747137	55
12.8604263753762	2.51589239363973	55
12.8830673302483	2.50150212448865	55
12.9057169894237	2.48708277001813	55
12.9283753529024	2.47263433022817	55
12.9510424206845	2.45815680511876	55
12.9737181927699	2.44365019468991	55
12.9964026691586	2.42911449894163	55
13.0190958498507	2.4145497178739	55
13.0417977348461	2.39995585148672	55
13.0645083241449	2.38533289978011	55
13.087227617747	2.37068086275405	55
13.1099556156524	2.35599974040856	55
13.1326923178611	2.34128953274362	55
13.1554377243732	2.32655023975924	55
13.1781918351887	2.31178186145542	55
13.2009546503074	2.29698439783215	55
13.2237261697295	2.28215784888945	55
13.246506393455	2.2673022146273	55
13.2692953214838	2.25241749504571	55
13.2920929538159	2.23750369014468	55
13.3148992904513	2.22256079992421	55
13.3377143313901	2.20758882438429	55
13.3605380766322	2.19258776352494	55
13.3833705261777	2.17755761734614	55
13.4062116800265	2.1624983858479	55
13.4290615381786	2.14741006903022	55
13.451920100634	2.13229266689309	55
13.4747873673928	2.11714617943653	55
13.497663338455	2.10197060666052	55
13.5205480138204	2.08676594856507	55
13.5434413934892	2.07153220515018	55
13.5663434774614	2.05626937641585	55
13.5892542657369	2.04097746236208	55
13.6121737583157	2.02565646298886	55
13.6351019551978	2.0103063782962	55
13.6580388563833	1.9949272082841	55
13.6809844618721	1.97951895295256	55
13.7039387716643	1.96408161230158	55
13.7269017857598	1.94861518633115	55
13.7498735041586	1.93311967504129	55
13.7728539268607	1.91759507843198	55
13.7958430538662	1.90204139650323	55
13.8188408851751	1.88645862925504	55
13.8418474207872	1.87084677668741	55
13.8648626607027	1.85520583880033	55
13.8878866049216	1.83953581559382	55
13.9109192534438	1.82383670706786	55
13.9339606062693	1.80810851322246	55
13.9570106633981	1.79235123405761	55
13.9800694248303	1.77656486957333	55
14.0031368905658	1.76074941976961	55
14.0262130606047	1.74490488464644	55
14.0492979349469	1.72903126420383	55
14.0723915135924	1.71312855844178	55
14.0954937965412	1.69719676736029	55
14.1186047837934	1.68123589095935	55
14.141724475349	1.66524592923898	55
14.1648528712078	1.64922688219916	55
14.18798997137	1.6331787498399	55
14.2111357758356	1.6171015321612	55
14.2342902846045	1.60099522916306	55
14.2574534976767	1.58485984084547	55
14.2806254150522	1.56869536720844	55
14.3038060367311	1.55250180825198	55
14.3269953627133	1.53627916397607	55
14.3501933929989	1.52002743438071	55
14.3734001275878	1.50374661946592	55
14.39661556648	1.48743671923168	55
14.4198397096755	1.47109773367801	55
14.4430725571744	1.45472966280489	55
14.4663141089767	1.43833250661233	55
14.4895643650822	1.42190626510033	55
14.5128233254911	1.40545093826888	55
14.5360909902034	1.388966526118	55
14.559367359219	1.37245302864767	55
14.5826524325379	1.3559104458579	55
14.6059462101601	1.33933877774869	55
14.6292486920857	1.32273802432004	55
14.6525598783146	1.30610818557194	55
14.6758797688469	1.28944926150441	55
14.6992083636825	1.27276125211743	55
14.7225456628214	1.25604415741101	55
14.7458916662637	1.23929797738515	55
14.7692463740093	1.22252271203984	55
14.7926097860582	1.2057183613751	55
14.8159819024105	1.18888492539091	55
14.8393627230661	1.17202240408728	55
14.862752248025	1.15513079746421	55
14.8861504772873	1.1382101055217	55
14.9095574108529	1.12126032825975	55
14.9329730487218	1.10428146567835	55
14.9563973908941	1.08727351777752	55
14.9798304373697	1.07023648455723	55
15.0032721881487	1.05317036601751	55
15.026722643231	1.03607516215835	55
15.0501818026166	1.01895087297975	55
15.0736496663056	1.0017974984817	55
15.0971262342979	0.984615038664213	55
15.1206115065935	0.967403493527284	55
15.1441054831925	0.950162863070913	55
15.1676081640948	0.932893147295101	55
15.1911195493004	0.915594346199845	55
15.2146396388094	0.898266459785147	55
15.2381684326217	0.880909488051009	55
15.2617059307373	0.86352343099743	55
15.2852521331563	0.846108288624409	55
15.3088070398786	0.828664060931946	55
15.3323706509043	0.811190747920039	55
15.3559429662333	0.793688349588693	55
15.3795239858656	0.776156865937904	55
15.4031137098013	0.758596296967673	55
15.4267121380403	0.741006642678001	55
15.4503192705826	0.723387903068886	55
15.4739351074283	0.70574007814033	55
15.4975596485773	0.688063167892333	55
15.5211928940296	0.670357172324894	55
15.5448348437853	0.652622091438014	55
15.5684854978443	0.63485792523169	55
15.5921448562067	0.617064673705925	55
15.6158129188724	0.599242336860719	55
15.6394896858414	0.581390914696072	55
15.6631751571137	0.563510407211981	55
15.6868693326894	0.545600814408449	55
15.7105722125684	0.527662136285476	55
15.7342837967508	0.509694372843061	55
15.7580040852365	0.491697524081204	55
15.7817330780255	0.473671589999904	55
15.8054707751179	0.455616570599165	55
15.8292171765136	0.437532465878983	55
15.8529722822127	0.41941927583936	55
15.876736092215	0.401277000480294	55
15.9005086065207	0.383105639801785	55
15.9242898251298	0.364905193803836	55
15.9480797480422	0.346675662486446	55
15.9718783752579	0.328417045849614	55
15.9956857067769	0.31012934389334	55
16.0195017425993	0.291812556617622	55
16.0433264827251	0.273466684022464	55
16.0671599271541	0.255091726107865	55
16.0910020758865	0.236687682873825	55
16.1148529289223	0.218254554320342	55
16.1387124862613	0.199792340447415	55
16.1625807479037	0.181301041255049	55
16.1864577138495	0.162780656743241	55
16.2103433840986	0.14423118691199	55
16.234237758651	0.125652631761299	55
16.2581408375067	0.107044991291164	55
16.2820526206658	0.0884082655015899	55
16.3059731081282	0.0697424543925722	55
16.329902299894	0.0510475579641136	55
16.3538401959631	0.0323235762162133	55
16.3777867963355	0.0135705091488703	55
16.4017421010113	-0.00521164323791456	55
16.4257061099904	-0.0240228809441394	55
16.4496788232728	-0.0428632039698078	55
16.4736602408586	-0.0617326123149162	55
16.4976503627477	-0.0806311059794691	55
16.5216491889401	-0.0995586849634611	55
16.5456567194359	-0.118515349266896	55
16.569672954235	-0.137501098889772	55
16.5936978933374	-0.156515933832089	55
16.6177315367432	-0.175559854093851	55
16.6417738844524	-0.194632859675052	55
16.6658249364648	-0.213734950575695	55
16.6898846927806	-0.23286612679578	55
16.7139531533997	-0.252026388335307	55
16.7380303183222	-0.271215735194278	55
16.762116187548	-0.290434167372688	55
16.7862107610771	-0.309681684870539	55
16.8103140389096	-0.328958287687833	55
16.8344260210454	-0.348263975824568	55
16.8585467074845	-0.367598749280747	55
16.882676098227	-0.386962608056367	55
16.9068141932728	-0.406355552151426	55
16.930960992622	-0.425777581565928	55
16.9551164962745	-0.445228696299873	55
16.9792807042303	-0.46470889635326	55
17.0034536164894	-0.484218181726089	55
17.0276352330519	-0.503756552418358	55
17.0518255539178	-0.523324008430069	55
17.0760245790869	-0.542920549761221	55
17.1002323085594	-0.562546176411818	55
17.1244487423353	-0.582200888381855	55
17.1486738804144	-0.601884685671332	55
17.1729077227969	-0.621597568280252	55
17.1971502694828	-0.641339536208614	55
17.221401520472	-0.66111058945642	55
17.2456614757645	-0.680910728023665	55
17.2699301353603	-0.700739951910352	55
17.2942074992595	-0.72059826111648	55
17.318493567462	-0.740485655642053	55
17.3427883399679	-0.760402135487064	55
17.3670918167771	-0.780347700651518	55
17.3914039978896	-0.800322351135414	55
17.4157248833055	-0.820326086938751	55
17.4400544730247	-0.840358908061533	55
17.4643927670472	-0.860420814503754	55
17.4887397653731	-0.880511806265416	55
17.5130954680023	-0.90063188334652	55
17.5374598749348	-0.920781045747066	55
17.5618329861707	-0.940959293467056	55
17.5862148017099	-0.961166626506486	55
17.6106053215525	-0.981403044865358	55
17.6350045456984	-1.00166854854367	55
17.6594124741476	-1.02196313754143	55
17.6838291069001	-1.04228681185862	55
17.708254443956	-1.06263957149526	55
17.7326884853153	-1.08302141645134	55
17.7571312309778	-1.10343234672686	55
17.7815826809437	-1.12387236232183	55
17.806042835213	-1.14434146323624	55
17.8305116937855	-1.16483964947008	55
17.8549892566614	-1.18536692102337	55
17.8794755238407	-1.2059232778961	55
17.9039704953233	-1.22650872008828	55
17.9284741711092	-1.24712324759989	55
17.9529865511984	-1.26776686043095	55
17.977507635591	-1.28843955858145	55
18.0020374242869	-1.30914134205138	55
18.0265759172862	-1.32987221084077	55
18.0511231145888	-1.35063216494959	55
18.0756790161947	-1.37142120437786	55
18.100243622104	-1.39223932912556	55
18.1248169323166	-1.41308653919271	55
18.1493989468325	-1.4339628345793	55
18.1739896656518	-1.45486821528533	55
18.1985890887744	-1.47580268131081	55
18.2231972162003	-1.49676623265572	55
18.2478140479296	-1.51775886932008	55
18.2724395839622	-1.53878059130388	55
18.2970738242982	-1.55983139860712	55
18.3217167689375	-1.5809112912298	55
18.3463684178801	-1.60202026917193	55
18.371028771126	-1.62315833243349	55
18.3956978286753	-1.6443254810145	55
18.420375590528	-1.66552171491495	55
18.4450620566839	-1.68674703413484	55
18.4697572271432	-1.70800143867418	55
18.4944611019059	-1.72928492853295	55
18.5191736809718	-1.75059750371117	55
18.5438949643411	-1.77193916420883	55
18.5686249520138	-1.79330991002593	55
18.5933636439898	-1.81470974116247	55
18.6181110402691	-1.83613865761845	55
18.6428671408517	-1.85759665939388	55
18.6676319457377	-1.87908374648874	55
18.692405454927	-1.90059991890305	55
18.7171876684197	-1.9221451766368	55
18.7419785862157	-1.94371951968999	55
18.766778208315	-1.96532294806263	55
18.7915865347177	-1.98695546175471	55
18.8164035654237	-2.00861706076622	55
18.841229300433	-2.03030774509718	55
18.8660637397457	-2.05202751474758	55
18.8909068833617	-2.07377636971743	55
18.915758731281	-2.09555431000671	55
18.9406192835037	-2.11736133561544	55
18.9654885400297	-2.13919744654361	55
18.9903665008591	-2.16106264279122	55
19.0152531659918	-2.18295692435827	55
19.0401485354278	-2.20488029124476	55
19.0650526091672	-2.2268327434507	55
19.0899653872098	-2.24881428097607	55
19.1148868695559	-2.27082490382089	55
19.1398170562052	-2.29286461198515	55
19.1647559471579	-2.31493340546886	55
19.189703542414	-2.337031284272	55
19.2146598419734	-2.35915824839458	55
19.2396248458361	-2.38131429783661	55
19.2645985540021	-2.40349943259808	55
19.2895809664715	-2.42571365267899	55
19.3145720832442	-2.44795695807935	55
19.3395719043202	-2.47022934879914	55
19.3645804296996	-2.49253082483837	55
19.3895976593824	-2.51486138619705	55
19.4146235933684	-2.53722103287517	55
19.4396582316578	-2.55960976487273	55
19.4647015742505	-2.58202758218974	55
19.4897536211466	-2.60447448482618	55
19.514814372346	-2.62695047278207	55
19.5398838278487	-2.6494555460574	55
19.5649619876548	-2.67198970465217	55
19.5900488517642	-2.69455294856638	55
19.615144420177	-2.71714527780003	55
19.6402486928931	-2.73976669235313	55
19.6653616699125	-2.76241719222567	55
19.6904833512352	-2.78509677741765	55
19.7156137368613	-2.80780544792907	55
19.7407528267907	-2.83054320375993	55
19.7659006210235	-2.85331004491023	55
19.7910571195596	-2.87610597137998	55
19.816222322399	-2.89893098316917	55
19.8413962295418	-2.9217850802778	55
19.8665788409879	-2.94466826270587	55
19.8917701567373	-2.96758053045338	55
19.9169701767901	-2.99052188352034	55
19.9421789011462	-3.01349232190673	55
19.9673963298056	-3.03649184561257	55
19.9926224627684	-3.05952045463785	55
20.0178573000345	-3.08257814898257	55
20.043100841604	-3.10566492864674	55
20.0683530874768	-3.12878079363034	55
20.0936140376529	-3.15192574393339	55
20.1188836921324	-3.17509977955588	55
20.1441620509152	-3.19830290049781	55
20.1694491140013	-3.22153510675918	55
20.1947448813907	-3.24479639833999	55
20.2200493530835	-3.26808677524025	55
20.2453625290797	-3.29140623745995	55
20.2706844093792	-3.31475478499909	55
20.296014993982	-3.33813241785767	55
20.3213542828881	-3.36153913603569	55
20.3467022760976	-3.38497493953315	55
20.3720589736104	-3.40843982835006	55
20.3974243754266	-3.43193380248641	55
20.4227984815461	-3.4554568619422	55
20.4481812919689	-3.47900900671743	55
20.473572806695	-3.5025902368121	55
20.4989730257245	-3.52620055222622	55
20.5243819490574	-3.54983995295978	55
20.5497995766935	-3.57350843901278	55
20.575225908633	-3.59720601038522	55
20.6006609448759	-3.6209326670771	55
20.626104685422	-3.64468840908842	55
20.6515571302716	-3.66847323641919	55
20.6770182794244	-3.6922871490694	55
20.7024881328806	-3.71613014703904	55
20.7279666906401	-3.74000223032813	55
20.7534539527029	-3.76390339893667	55
20.7789499190691	-3.78783365286464	55
20.8044545897387	-3.81179299211206	55
20.8299679647115	-3.83578141667892	55
20.8554900439877	-3.85979892656521	55
20.8810208275672	-3.88384552177096	55
20.9065603154501	-3.90792120229614	55
20.9321085076363	-3.93202596814077	55
20.9576654041258	-3.95615981930483	55
20.9832310049187	-3.98032275578834	55
21.0088053100149	-4.00451477759129	55
21.0343883194145	-4.02873588471368	55
21.0599800331174	-4.05298607715552	55
21.0855804511236	-4.07726535491679	55
21.1111895734331	-4.10157371799751	55
21.136807400046	-4.12591116639767	55
21.1624339309622	-4.15027770011727	55
21.1880691661818	-4.17467331915631	55
21.2137131057047	-4.19909802351479	55
21.2393657495309	-4.22355181319272	55
21.2650270976605	-4.24803468819009	55
21.2906971500934	-4.2725466485069	55
21.3163759068296	-4.29708769414315	55
21.3420633678692	-4.32165782509884	55
21.3677595332121	-4.34625704137398	55
21.3934644028584	-4.37088534296855	55
21.4191779768079	-4.39554272988257	55
21.4449002550609	-4.42022920211603	55
21.4706312376171	-4.44494475966893	55
21.4963709244767	-4.46968940254128	55
21.5221193156396	-4.49446313073306	55
21.5478764111059	-4.51926594424429	55
21.5736422108755	-4.54409784307496	55
21.5994167149484	-4.56895882722507	55
21.6251999233247	-4.59384889669462	55
21.6509918360043	-4.61876805148361	55
21.6767924529872	-4.64371629159205	55
21.7026017742735	-4.66869361701993	55
21.7284197998631	-4.69370002776725	55
21.7542465297561	-4.71873552383401	55
21.7800819639523	-4.74380010522021	55
21.805926102452	-4.76889377192586	55
21.8317789452549	-4.79401652395094	55
21.8576404923612	-4.81916836129547	55
21.8835107437708	-4.84434928395944	55
21.9093896994838	-4.86955929194285	55
21.9352773595001	-4.8947983852457	55
21.9611737238197	-4.920066563868	55
21.9870787924427	-4.94536382780973	55
22.012992565369	-4.97069017707092	55
22.0389150425986	-4.99604561165154	55
22.0648462241316	-5.0214301315516	55
22.0907861099679	-5.0468437367711	55
22.1167347001076	-5.07228642731004	55
22.1426919945505	-5.09775820316843	55
22.1686579932969	-5.12325906434626	55
22.1946326963465	-5.14878901084353	55
22.2206161036995	-5.17434804266024	55
22.2466082153558	-5.1999361597964	55
22.2726090313155	-5.225553362252	55
22.2986185515785	-5.25119965002703	55
22.3246367761448	-5.27687502312151	55
22.3506637050145	-5.30257948153543	55
22.3766993381875	-5.3283130252688	55
22.4027436756638	-5.3540756543216	55
22.4287967174435	-5.37986736869385	55
22.4548584635265	-5.40568816838554	55
22.4809289139129	-5.43153805339667	55
22.5070080686025	-5.45741702372724	55
22.5330959275956	-5.48332507937725	55
22.5591924908919	-5.50926222034671	55
22.5852977584916	-5.5352284466356	55
22.6114117303946	-5.56122375824394	55
22.637534406601	-5.58724815517172	55
22.6636657871107	-5.61330163741895	55
22.6898058719237	-5.63938420498561	55
22.7159546610401	-5.66549585787172	55
22.7240308279977	-5.67341304254119	55
22.7322547868214	-5.68117659759562	55
22.7406236155778	-5.68878376468087	55
22.749134340862	-5.6962318410067	55
22.7577839388537	-5.70351818030705	55
22.7665693363919	-5.71064019378026	55
22.7754874120668	-5.71759535100885	55
22.7845349973285	-5.72438118085859	55
22.7937088776131	-5.73099527235643	55
22.8030057934845	-5.73743527554717	55
22.8124224417929	-5.74369890232833	55
22.8219554768479	-5.74978392726314	55
22.8316015116076	-5.75568818837123	55
22.8413571188818	-5.76140958789672	55
22.8512188325495	-5.76694609305361	55
22.861183148791	-5.77229573674799	55
22.8712465273322	-5.77745661827692	55
22.8814053927024	-5.78242690400376	55
22.8916561355053	-5.78720482800967	55
22.9019951137008	-5.791788692721	55
22.912418653899	-5.79617686951244	55
22.9229230526659	-5.80036779928567	55
22.9335045778385	-5.8043599930233	55
22.9441594698514	-5.80815203231791	55
22.9548839430721	-5.81174256987598	55
22.9656741871463	-5.81513032999663	55
22.9765263683518	-5.81831410902481	55
22.9874366309603	-5.82129277577899	55
22.9984010986073	-5.82406527195306	55
23.0094158756697	-5.82663061249233	55
23.0204770486497	-5.82898788594351	55
23.0315806875652	-5.83113625477859	55
23.0427228473462	-5.83307495569234	55
23.0538995692363	-5.83480329987356	55
23.0651068821995	-5.83632067324978	55
23.0763408043308	-5.83762653670548	55
23.0875973442712	-5.83872042627358	55
23.0988725026257	-5.83960195330034	55
23.1101622733842	-5.84027080458339	55
23.1214626453448	-5.84072674248307	55
23.1327696035393	-5.8409696050068	55
23.1440791306593	-5.84099930586668	55
23.1553872084835	-5.84081583451015	55
23.1666898193058	-5.8404192561237	55
23.1779829473624	-5.83980971160975	55
23.1892625802587	-5.83898741753655	55
23.2005247103948	-5.83795266606129	55
23.2117653363895	-5.83670582482622	55
23.2229804645018	-5.8352473368281	55
23.2341661100503	-5.83357772026078	55
23.2453182988282	-5.83169756833107	55
23.2564330685161	-5.82960754904799	55
23.2675064700891	-5.82730840498546	55
23.2785345692204	-5.8248009530184	55
23.2895134476789	-5.82208608403256	55
23.3004392047214	-5.81916476260796	55
23.3113079584784	-5.8160380266762	55
23.3221158473335	-5.81270698715166	55
23.3328590312952	-5.80917282753682	55
23.3435336933614	-5.80543680350178	55
23.3541360408754	-5.80150024243807	55
23.3646623068738	-5.79736454298711	55
23.3751087514243	-5.7930311745432	55
23.385471662955	-5.78850167673153	55
23.3957473595726	-5.7837776588611	55
23.4059321903711	-5.77886079935297	55
23.4160225367287	-5.77375284514391	55
23.4260148135933	-5.76845561106573	55
23.4359054707565	-5.76297097920046	55
23.4456909941149	-5.7573008982117	55
23.4553679069187	-5.75144738265222	55
23.4649327710068	-5.74541251224824	55
23.4743821880286	-5.73919843116046	55
23.4837128006513	-5.73280734722231	55
23.4929212937524	-5.72624153115548	55
23.5020043955984	-5.71950331576316	55
23.5109588790063	-5.71259509510118	55
23.5197815624909	-5.70551932362747	55
23.5284693113947	-5.69827851532992	55
23.5370190390019	-5.69087524283325	55
23.545427707635	-5.68331213648492	55
23.5536923297341	-5.67559188342062	55
23.5618099689183	-5.66771722660948	55
23.569777741029	-5.65969096387959	55
23.5775928151548	-5.65151594692386	55
23.5852524146369	-5.64319508028691	55
23.5927538180563	-5.63473132033301	55
23.6000943602	-5.6261276741958	55
23.6072714330083	-5.61738719870976	55
23.6142824865014	-5.60851299932422	55
23.6211250296854	-5.59950822899997	55
23.6277966314373	-5.59037608708902	55
23.6342949213687	-5.58111981819792	55
23.6406175906683	-5.57174271103492	55
23.6467623929216	-5.56224809724155	55
23.6527271449097	-5.55263935020888	55
23.6585097273846	-5.54291988387898	55
23.6641080858224	-5.53309315153196	55
23.6695202311528	-5.52316264455902	55
23.6747442404665	-5.51313189122201	55
23.6797782576978	-5.50300445539983	55
23.6846204942844	-5.4927839353222	55
23.6892692298026	-5.48247396229124	55
23.6937228125789	-5.47207819939127	55
23.6979796602765	-5.46160034018736	55
23.7020382604577	-5.45104410741298	55
23.7058971711211	-5.44041325164738	55
23.7095550212143	-5.42971154998299	55
23.7130105111204	-5.41894280468345	55
23.7162624131203	-5.40811084183269	55
23.7193095718288	-5.39721950997554	55
23.7221509046049	-5.38627267875034	55
23.7247854019366	-5.37527423751411	55
23.7272121277995	-5.36422809396064	55
23.7294302199895	-5.35313817273214	55
23.7314388904289	-5.34200841402482	55
23.7332374254468	-5.33084277218894	55
23.7348251860322	-5.3196452143239	55
23.7362016080613	-5.30841971886868	55
23.737366202498	-5.29717027418836	55
23.7383185555673	-5.28590087715707	55
23.7390583289028	-5.27461553173791	55
23.7395852596666	-5.26331824756039	55
23.7398991606425	-5.25201303849577	55
23.7399999203032	-5.240703921231	55
23.7398875028492	-5.2293949138416	55
23.7395619482219	-5.21809003436404	55
23.7390233720892	-5.20679329936817	55
23.7382719658048	-5.19550872253015	55
23.7373079963396	-5.18424031320639	55
23.7361318061875	-5.17299207500908	55
23.7347438132432	-5.16176800438367	55
23.733144510654	-5.15057208918902	55
23.7313344666445	-5.13940830728049	55
23.7293143243147	-5.12828062509664	55
23.7270848014116	-5.11719299624995	55
23.724646690074	-5.10614936012216	55
23.7220008565513	-5.0951536404646	55
23.7191482408955	-5.08420974400411	55
23.7160898566274	-5.073321559055	55
23.7128267903764	-5.06249295413751	55
23.7093602014943	-5.05172777660344	55
23.7056913216437	-5.04102985126908	55
23.7018214543602	-5.03040297905637	55
23.6977519745891	-5.01985093564242	55
23.6934843281972	-5.00937747011799	55
23.689020031459	-4.99898630365552	55
23.6843606705178	-4.98868112818698	55
23.6795079008224	-4.97846560509213	55
23.6744634465388	-4.9683433638977	55
23.6692290999376	-4.95831800098778	55
23.6638067207572	-4.94839307832607	55
23.658198235543	-4.93857212219035	55
23.6524056369632	-4.92885862191955	55
23.6464309831004	-4.91925602867408	55
23.6402763967208	-4.90976775420958	55
23.6339440645196	-4.90039716966481	55
23.6274362363442	-4.89114760436382	55
23.6207552243951	-4.88202234463313	55
23.6139034024038	-4.87302463263406	55
23.6068832047903	-4.86415766521086	55
23.5996971257972	-4.85542459275481	55
23.5923477186042	-4.84682851808499	55
23.5848375944207	-4.83837249534578	55
23.5771694215581	-4.83005952892181	55
23.5693459244816	-4.82189257237047	55
23.5621115618682	-4.81459801429208	55
23.554739732002	-4.80723120862095	55
23.5474197932363	-4.79991625920966	55
23.5383782788773	-4.79088090992958	55
23.5287063677659	-4.78121559765012	55
23.5197708570789	-4.77228618740992	55
23.5091996467863	-4.76172219949591	55
23.501154395192	-4.7536824483252	55
23.4922473281119	-4.74478147469992	55
23.4824231744536	-4.73496404649085	55
23.4716261516722	-4.7241744206482	55
23.4598001171998	-4.71235649454036	55
23.446888719876	-4.69945395729262	55
23.432835551377	-4.68541044112598	55
23.4253631969709	-4.67794322270087	55
23.4175842976456	-4.67016967269583	55
23.409491853717	-4.66208279652719	55
23.4010788903215	-4.65367562443076	55
23.392338462148	-4.64494121619119	55
23.3832636581702	-4.6358726658713	55
23.3738476063788	-4.62646310654139	55
23.3640834785136	-4.61670571500863	55
23.3539644947955	-4.60659371654635	55
23.3434839286592	-4.5961203896234	55
23.3326351114849	-4.58527907063347	55
23.3214114373306	-4.57406315862443	55
23.3098063676643	-4.56246612002768	55
23.2978134360964	-4.55048149338748	55
23.2854262531114	-4.53810289409027	55
23.2726385108006	-4.52532401909401	55
23.2594439875941	-4.51213865165755	55
23.2458365529926	-4.49854066606992	55
23.2318101723002	-4.48452403237969	55
23.2173589113562	-4.47008282112431	55
23.2024769412674	-4.45521120805941	55
23.1871585431401	-4.43990347888821	55
23.1713981128127	-4.42415403399076	55
23.1551901655875	-4.40795739315337	55
23.1385293409629	-4.39130820029787	55
23.1214104073657	-4.37420122821099	55
23.1038282668835	-4.35663138327368	55
23.0857779599962	-4.33859371019046	55
23.0672546703091	-4.32008339671874	55
23.0482537292844	-4.30109577839815	55
23.0287706209734	-4.28162634327991	55
23.0088009867491	-4.26167073665612	55
22.9883406300381	-4.24122476578914	55
22.9673855210528	-4.22028440464089	55
22.9459318015236	-4.19884579860222	55
22.9239757894311	-4.17690526922221	55
22.9015139837384	-4.15445931893753	55
22.8785430691229	-4.13150463580178	55
22.8550599207089	-4.10803809821479	55
22.8310616087997	-4.08405677965201	55
22.8065454036094	-4.05955795339381	55
22.7815087799956	-4.03453909725481	55
22.7559494221914	-4.00899789831324	55
22.7298652285374	-3.98293225764027	55
22.7032543162141	-3.95634029502934	55
22.676115025974	-3.9292203537255	55
22.6484459268738	-3.90157100515472	55
22.6202458210047	-3.87339105365159	55
22.5915137477824	-3.84467954074616	55
22.5622489850055	-3.81543574622159	55
22.5324510466	-3.78565918585827	55
22.502119679881	-3.75534960869616	55
22.4712548628125	-3.72450699429481	55
22.4398568012674	-3.69313154999341	55
22.407925926287	-3.66122370817086	55
22.3754628913409	-3.62878412350582	55
22.3424685695864	-3.59581367023673	55
22.308944051129	-3.56231343942192	55
22.2748906402815	-3.52828473619963	55
22.2403098528239	-3.49372907704805	55
22.2052034132635	-3.45864818704542	55
22.1695732520941	-3.42304399713004	55
22.1334215030562	-3.38691864136031	55
22.0967505003966	-3.35027445417486	55
22.0595627761283	-3.3131139676525	55
22.0218610572899	-3.27543990877238	55
21.9836482632058	-3.23725519667396	55
21.9449275027457	-3.19856293991709	55
21.9057020715843	-3.15936643374208	55
21.8659754494614	-3.11966915732972	55
21.8257512974411	-3.07947477106139	55
21.7850334551722	-3.03878711377904	55
21.7438259381476	-2.99761020004528	55
21.7021329349639	-2.95594821740346	55
21.6599588045816	-2.91380552363766	55
21.6173080735846	-2.87118664403282	55
21.5741854334399	-2.82809626863471	55
21.5305957377575	-2.78453924951004	55
21.4865439995501	-2.74052059800652	55
21.4420353884929	-2.69604548201284	55
21.3970752281832	-2.65111922321885	55
21.3516689934004	-2.60574729437547	55
21.3058223073657	-2.55993531655483	55
21.2595409390017	-2.51368905641032	55
21.2128308001922	-2.46701442343661	55
21.1656979430423	-2.41991746722974	55
21.1181485571375	-2.37240437474712	55
21.0701889668042	-2.32448146756766	55
21.0218256283689	-2.27615519915173	55
20.9730651274182	-2.22743215210131	55
20.9239141760585	-2.17831903541995	55
20.8743796101758	-2.12882268177294	55
20.8244683866955	-2.07895004474722	55
20.7741875808421	-2.02870819611153	55
20.7235443833987	-1.97810432307645	55
20.6725460979674	-1.92714572555444	55
20.6212001382285	-1.87583981341988	55
20.5695140252004	-1.82419410376917	55
20.5174953844994	-1.7722162181807	55
20.4651519435995	-1.71991387997502	55
20.412491529092	-1.66729491147474	55
20.3595220639457	-1.61436723126479	55
20.3062515647659	-1.56113885145226	55
20.252688139055	-1.50761787492658	55
20.1988399824714	-1.45381249261953	55
20.1447153760902	-1.39973098076531	55
20.0903226836621	-1.3453816981606	55
20.0356703488738	-1.2907730834246	55
19.9807668926071	-1.23591365225906	55
19.9256209101996	-1.18081199470836	55
19.8702410687034	-1.12547677241958	55
19.8146361041456	-1.06991671590252	55
19.7588148187879	-1.01414062178979	55
19.7027860783861	-0.958157350096793	55
19.6465588094503	-0.901975821481865	55
19.590141996504	-0.845605014506259	55
19.5335446793447	-0.789053962894261	55
19.476775950303	-0.732331752793179	55
19.4198449515026	-0.67544752003344	55
19.3627608721199	-0.618410447388623	55
19.3055329456443	-0.561229761835528	55
19.2481704471372	-0.503914731814191	55
19.1906826904923	-0.44647466448803	55
19.1330790256951	-0.388918903003774	55
19.0753688360827	-0.331256823751597	55
19.0175615356038	-0.273497833625151	55
18.9596665660779	-0.21565136728161	55
18.9016933944559	-0.157726884401754	55
18.8436515100789	-0.0997338669499817	55
18.7855504219387	-0.0416818164343864	55
18.7273996559373	0.0164197488331927	55
18.6692087521466	0.0745612964771327	55
18.6109872620682	0.132733282797941	55
18.5527447458932	0.190926155512217	55
18.4944907697619	0.249130356492631	55
18.4362349030237	0.307336324507801	55
18.3779867154971	0.365534497961135	55
18.3197557747325	0.423715317625378	55
18.2615516432754	0.481869229374872	55
18.2033838759297	0.539986686917556	55
18.1452620170221	0.598058154527008	55
18.0871955976647	0.656074109774488	55
18.0291941330193	0.714025046260948	55
17.9712671195606	0.771901476349121	55
17.9134240323399	0.829693933895486	55
17.8556743222485	0.887392976982368	55
17.7980274132816	0.944989190649948	55
17.7404926998016	1.00247318962828	55
17.6830795438017	1.05983562106935	55
17.6257972721696	1.11706716727913	55
17.568655173951	1.17415854844956	55
17.511662497613	1.23110052539063	55
17.4548284483081	1.28788390226242	55
17.3981621851371	1.34449952930707	55
17.3416728184136	1.40093830558089	55
17.2853694069267	1.45719118168637	55
17.2292609552049	1.51324916250421	55
17.1733564107798	1.56910330992536	55
17.1176646614496	1.62474474558306	55
17.0621945325425	1.68016465358486	55
17.0069547841804	1.73535428324467	55
16.9519541085426	1.79030495181481	55
16.8972011271291	1.84500804721802	55
16.8427043880245	1.89945503077949	55
16.7884723631611	1.95363743995893	55
16.7345134455829	2.00754689108256	55
16.6808359467091	2.06117508207522	55
16.6274480935976	2.11451379519233	55
16.5743580262083	2.16755489975193	55
16.5215737946672	2.22029035486678	55
16.4691033565296	2.27271221217634	55
16.4169545740439	2.32481261857883	55
16.3651352114148	2.37658381896325	55
16.3136529320673	2.42801815894141	55
16.26251529591	2.47910808758	55
16.211729756599	2.52984616013262	55
16.1613036588008	2.58022504077175	55
16.1112442354567	2.63023750532088	55
16.0615586050457	2.6798764439865	55
16.0122537688485	2.7291348640901	55
15.9633366082109	2.77800589280031	55
15.9148138818072	2.82648277986481	55
15.8666922229043	2.87455890034247	55
15.8189781366245	2.92222775733531	55
15.7716779972098	2.96948298472057	55
15.7247980452852	3.01631834988278	55
15.678344385122	3.06272775644571	55
15.6323229819017	3.1087052470045	55
15.5867396589796	3.15424500585762	55
15.541600095148	3.19934136173894	55
15.4969098219003	3.24398879054979	55
15.4526742206942	3.28818191809094	55
15.4088985202152	3.33191552279468	55
15.3655877936404	3.37518453845685	55
15.3227469559022	3.41798405696882	55
15.2803807609515	3.46030933104963	55
15.2384937990215	3.50215577697795	55
15.197090493891	3.54351897732411	55
15.1561751001485	3.58439468368219	55
15.1157517004554	3.624778819402	55
15.0758242028095	3.66466748232116	55
15.0363963378086	3.70405694749713	55
14.9974716559145	3.74294366993919	55
14.9590535247159	3.78132428734058	55
14.9211451261927	3.81919562281041	55
14.8837494539787	3.85655468760581	55
14.846869310626	3.89339868386389	55
14.810507304868	3.92972500733382	55
14.7746658488835	3.96553125010883	55
14.7393471555597	4.00081520335829	55
14.7045532357561	4.03557486005969	55
14.6702858955679	4.06980841773074	55
14.6365467335899	4.10351428116134	55
14.6033371381797	4.13669106514565	55
14.5706582847215	4.16933759721415	55
14.5385111328894	4.20145292036564	55
14.5068964239114	4.23303629579927	55
14.4758146778325	4.26408720564662	55
14.4452661907788	4.29460535570366	55
14.4152510322204	4.32459067816288	55
14.3857690422357	4.35404333434526	55
14.3568198287742	4.38296371743231	55
14.328402764921	4.41135245519816	55
14.3005169862689	4.43921041263217	55
14.273161390297	4.46653869255936	55
14.2463346397998	4.49333863221456	55
14.2200351675812	4.51961179855392	55
14.1942611811807	4.54535998353368	55
14.1690106676	4.57058519938883	55
14.1442813980295	4.5952896739119	55
14.1200709325752	4.61947584573161	55
14.0963766249847	4.64314635959164	55
14.0731956273741	4.66630406162933	55
14.0505248949541	4.6889519946544	55
14.0283611907573	4.71109339342767	55
14.0067010903638	4.73273167993982	55
13.9855409866285	4.75387045869004	55
13.9648770944071	4.77451351196479	55
13.9447054552829	4.79466479511654	55
13.9250219422934	4.81432843184245	55
13.9058222646565	4.83350870946312	55
13.8871019724974	4.8522100742013	55
13.8688564615747	4.87043712646058	55
13.8510809780076	4.88819461610418	55
13.8337706230015	4.90548743773361	55
13.8169203575756	4.92232062596743	55
13.8005250072883	4.93869935071993	55
13.7845792669647	4.95462891247989	55
13.7690777054227	4.97011473758926	55
13.7540147701994	4.98516237352193	55
13.7393847922778	4.99977748416242	55
13.7251819908135	5.0139658450846	55
13.7114004778608	5.02773333883042	55
13.6980342630997	5.04108595018861	55
13.6850772585621	5.05402976147344	55
13.6725232833583	5.06657094780341	55
13.660366068404	5.07871577237996	55
13.6485992611462	5.09047058176625	55
13.6372164302902	5.1018418011658	55
13.6262110705257	5.11283592970126	55
13.6155766072539	5.12345953569314	55
13.6053064013135	5.13371925193849	55
13.5953937537075	5.14362177098964	55
13.5858319103297	5.15317384043295	55
13.5766140666911	5.16238225816746	55
13.5677333726465	5.1712538676837	55
13.5591829371214	5.17979555334233	55
13.5509558328377	5.1880142356529	55
13.5430451010409	5.19591686655259	55
13.5354437562267	5.20351042468487	55
13.5281447908669	5.21080191067829	55
13.5144258866398	5.22450675036021	55
13.5018320672728	5.23708765091894	55
13.4903069618004	5.24860092727392	55
13.4797943006275	5.25910279286254	55
13.470238066778	5.26864920855913	55
13.4615826471443	5.27729573159409	55
13.4537729837358	5.28509736447289	55
13.443525617735	5.29533418860494	55
13.43487945394	5.303971453654	55
13.4276603234241	5.31118315138682	55
13.41996618689	5.31886936356668	55
13.4118125206958	5.32701462994706	55
13.404559684207	5.33425999383797	55
13.3973804364061	5.34143184482118	55
13.3901832046026	5.34862139363097	55
13.3823767808759	5.35641479840878	55
13.3744817523098	5.36428589728844	55
13.3664573810245	5.37227196560631	55
13.359293951437	5.37938831056912	55
13.3510380164518	5.38757447287497	55
13.3415865064003	5.3969256279005	55
13.3308338104931	5.40753780600086	55
13.3228893314769	5.41536072993264	55
13.3142863228616	5.42381541644197	55
13.3049921227486	5.43293022981891	55
13.2949738318058	5.44273333035251	55
13.2841983661698	5.45325259975372	55
13.2726325103495	5.46451556657824	55
13.2602429701291	5.47654933164938	55
13.2469964254716	5.48938049348094	55
13.2328595834213	5.5030350737001	55
13.2254469172495	5.51017910136813	55
13.2177992310075	5.5175384424703	55
13.2099123942509	5.5251161542505	55
13.2017822881474	5.53291524391403	55
13.1934048071297	5.54093866629699	55
13.1847758605492	5.54918932153582	55
13.1758913743286	5.55767005273669	55
13.1667472926155	5.56638364364503	55
13.1573395794357	5.57533281631495	55
13.1476642203462	5.58452022877875	55
13.1377172240884	5.59394847271633	55
13.1274946242416	5.60362007112468	55
13.116992480876	5.61353747598737	55
13.106206882206	5.62370306594398	55
13.0951339462432	5.63411914395957	55
13.0837698224501	5.64478793499416	55
13.0721106933929	5.65571158367218	55
13.060152776395	5.66689215195195	55
13.0478923251897	5.67833161679511	55
13.0353256315744	5.69003186783614	55
13.0224490270628	5.70199470505179	55
13.0092588845387	5.71422183643053	55
12.9957516199092	5.72671487564206	55
12.9819236937576	5.73947533970672	55
12.9677716129969	5.75250464666501	55
12.953291932523	5.76580411324701	55
12.938481256868	5.77937495254188	55
12.9233362418531	5.79321827166731	55
12.907853596242	5.80733506943894	55
12.8920300833943	5.82172623403993	55
12.8758625229185	5.83639254069032	55
12.8593477923254	5.85133464931655	55
12.842482828681	5.86655310222091	55
12.8252646302602	5.88204832175101	55
12.8076902581995	5.89782060796924	55
12.7897568381507	5.91387013632224	55
12.7714615619338	5.93019695531035	55
12.7528016891905	5.94680098415709	55
12.7337745490369	5.96368201047862	55
12.7143775417174	5.98083968795322	55
12.6946081402576	5.99827353399072	55
12.6744638921174	6.01598292740199	55
12.6539424208444	6.03396710606841	55
12.633041427727	6.0522251646113	55
12.6117586934478	6.07075605206144	55
12.5900920797367	6.08955856952847	55
12.5680395310241	6.10863136787043	55
12.5455990760943	6.12797294536314	55
12.5227688297383	6.14758164536974	55
12.4995469944078	6.1674556540101	55
12.4759318618673	6.18759299783033	55
12.4519218148486	6.2079915414722	55
12.4275153287029	6.22864898534264	55
12.4027109730548	6.2495628632832	55
12.3775074134551	6.27073054023947	55
12.3519034130341	6.29214920993062	55
12.3258978341551	6.31381589251882	55
12.2994896400665	6.33572743228012	55
12.2726778964094	6.3578804956309	55
12.2454617716718	6.38027157172077	55
12.2178405365774	6.40289697562754	55
12.1898135633207	6.42575285192509	55
12.1613803248022	6.44883517825292	55
12.1325403938628	6.47213976888566	55
12.1032934425186	6.4956622783026	55
12.0736392411961	6.51939820475723	55
12.0435776579663	6.54334289384679	55
12.0131086577801	6.56749154208174	55
11.9822323017027	6.59183920045535	55
11.9509487461484	6.61638077801321	55
11.9192582421156	6.64111104542274	55
11.8871611344213	6.66602463854275	55
11.8546578609363	6.69111606199296	55
11.8217489518193	6.71637969272351	55
11.7884350287523	6.74180978358452	55
11.7547168041751	6.7674004668956	55
11.7205950805201	6.7931457580154	55
11.6860707494471	6.81903955891111	55
11.651144791078	6.84507566172801	55
11.6158182732317	6.87124775235901	55
11.5800923506589	6.89754941401416	55
11.5439682642766	6.92397413079016	55
11.5074473404031	6.95051529123997	55
11.470530989993	6.97716619194223	55
11.4332207078714	7.0039200410709	55
11.3955180719692	7.0307699619647	55
11.3574247425575	7.05770899669668	55
11.3189424614827	7.08473010964375	55
11.280073051401	7.11182619105622	55
11.2408184150134	7.1389900606273	55
11.2011805343003	7.16621447106266	55
11.1611614697563	7.19349211164993	55
11.1207633596253	7.22081561182826	55
11.0799884191345	7.24817754475782	55
11.0388389397302	7.27557043088938	55
10.9973172883117	7.30298674153376	55
10.9554259064666	7.33041890243144	55
10.9131673097052	7.35785929732204	55
10.8705440866958	7.38530027151388	55
10.8275588984988	7.41273413545349	55
10.784214477802	7.44015316829514	55
10.7405136281553	7.46754962147038	55
10.6964592232052	7.49491572225756	55
10.6520542059299	7.52224367735138	55
10.6073015878737	7.54952567643239	55
10.5622044483822	7.57675389573656	55
10.516765933837	7.60392050162476	55
10.4709892568899	7.63101765415231	55
10.4248776956987	7.65803751063856	55
10.378434593161	7.68497222923634	55
10.3316633561495	7.71181397250152	55
10.2845674547467	7.73855491096257	55
10.2371504214795	7.76518722669005	55
10.1894158505544	7.79170311686616	55
10.1413673970916	7.81809479735427	55
10.0930087763605	7.84435450626844	55
10.0443437630139	7.87047450754295	55
9.99537619032316	7.89644709450186	55
9.9461099494127	7.92226459342848	55
9.89654898849501	7.94791936713497	55
9.84669731210527	7.9734038185318	55
9.79655898033616	7.99871039419735	55
9.74613810807268	8.02383158794739	55
9.69543886422687	8.04875994440462	55
9.64446547097263	8.07348806256821	55
9.59322220298047	8.09800859938333	55
9.54171338665226	8.12231427331067	55
9.48994339935609	8.14639786789598	55
9.43791666866095	8.17025223533958	55
9.38563767157156	8.19387030006593	55
9.33311093376314	8.21724506229313	55
9.28034102881617	8.24036960160242	55
9.22733257745117	8.2632370805078	55
9.17409024676348	8.28584074802546	55
9.12061874945806	8.30817394324337	55
9.06692284308421	8.33023009889083	55
9.01300732927038	8.3520027449079	55
8.95887705295896	8.37348551201504	55
8.90453690164102	8.39467213528257	55
8.84999180459111	8.41555645770026	55
8.79524673210203	8.43613243374679	55
8.74030669471959	8.45639413295933	55
8.68517674247742	8.47633574350304	55
8.62986196413171	8.49595157574065	55
8.574367486396	8.51523606580192	55
8.51869847317597	8.53418377915321	55
8.46286012480419	8.55278941416702	55
8.40685767727491	8.57104780569149	55
8.35069640147883	8.58895392861997	55
8.29438160243788	8.60650290146048	55
8.23791861853999	8.62368998990531	55
8.18131282077388	8.64051061040054	55
8.12456961196381	8.65696033371554	55
8.06769442600439	8.6730348885125	55
8.0106927270953	8.688730164916	55
7.95357000897615	8.70404221808249	55
7.89633179416118	8.71896727176986	55
7.83898363317404	8.73350172190696	55
7.78153110378264	8.74764214016312	55
7.72397981023382	8.76138527751765	55
7.66633538248823	8.77472806782947	55
7.60860347545502	8.78766763140651	55
7.55078976822665	8.80020127857535	55
7.49289996331368	8.81232651325069	55
7.43493978587954	8.82404103650487	55
7.37691498297526	8.83534275013746	55
7.31883132277432	8.84622976024474	55
7.26069459380736	8.85670038078924	55
7.20251060419701	8.86675313716928	55
7.1442851808926	8.87638676978806	55
7.08602416888391	8.88560023734743	55
7.02773343021649	8.89439271753361	55
6.96941884275738	8.90276360442657	55
6.91108629891479	8.91071250530325	55
6.85274170435733	8.91823923743535	55
6.79439097673328	8.92534382488716	55
6.73604004438977	8.93202649531342	55
6.6776948450921	8.9382876767571	55
6.61936132474293	8.94412799444725	55
6.56104543610153	8.94954826759684	55
6.50275313750301	8.95454950620056	55
6.44449039157761	8.95913290783265	55
6.38626316396988	8.96329985444476	55
6.32807742205795	8.96705190916373	55
6.26993913367279	8.97039081308944	55
6.2118542658174	8.97331848209264	55
6.1538287833861	8.97583700361276	55
6.09586864788375	8.97794863345576	55
6.037979816145	8.97965579259194	55
5.98016823905351	8.98096106395376	55
5.92243986026122	8.98186718923368	55
5.86480061490757	8.98237706568198	55
5.80725642833876	8.98249374290462	55
5.74981321482697	8.98222041966098	55
5.6924768762896	8.98156044066178	55
5.63525330100856	8.98051729336687	55
5.57814836234943	8.97909460478304	55
5.52116791748077	8.97729613826186	55
5.46431780609333	8.97512579029752	55
5.4076038491193	8.97258758732463	55
5.35103184745156	8.96968568251608	55
5.29460758066288	8.96642435258083	55
5.23833680572521	8.96280799456176	55
5.1822252557289	8.9588411226335	55
5.12627863860195	8.95452836490022	55
5.07050263582923	8.94987446019352	55
5.01490290117175	8.94488425487018	55
4.95948505938588	8.93956269961006	55
4.90425470494259	8.93391484621387	55
4.84921740074673	8.92794584440103	55
4.7943786768562	8.92166093860748	55
4.73974402920126	8.91506546478352	55
4.68531891830372	8.90816484719161	55
4.63110876799624	8.90096459520425	55
4.5771189641415	8.89347030010173	55
4.5233548533515	8.88568763187003	55
4.46982174170676	8.87762233599859	55
4.41652489347559	8.86928023027818	55
4.36346952983333	8.8606672015987	55
4.31066082758155	8.85178920274701	55
4.25810391786735	8.84265224920475	55
4.20580388490257	8.83326241594621	55
4.15376576468304	8.82362583423609	55
4.10199454370779	8.81374868842738	55
4.05049515769834	8.80363721275916	55
3.99927249031793	8.79329768815442	55
3.94833137189072	8.78273643901791	55
3.89767657812108	8.77195983003397	55
3.8473128288128	8.76097426296431	55
3.79724478658836	8.74978617344589	55
3.74747705560815	8.73840202778872	55
3.69801418028971	8.7268283197737	55
3.64886064402698	8.71507156745042	55
3.60002086790954	8.70313830993501	55
3.55149920944184	8.69103510420798	55
3.50329996126246	8.67876852191199	55
3.45542734986335	8.66634514614975	55
3.40788553430905	8.65377156828179	55
3.36067860495596	8.64105438472431	55
3.31381058217153	8.62820019374701	55
3.26728541505358	8.61521559227089	55
3.22110698014948	8.60210717266612	55
3.1752790801754	8.58888151954983	55
3.12980544273558	8.57554520658396	55
3.08468971904154	8.56210479327305	55
3.03993548263132	8.54856682176212	55
2.99554622808877	8.53493781363445	55
2.95152536976272	8.52122426670945	55
2.90787624048628	8.50743265184041	55
2.86460209029603	8.49356940971244	55
2.82170608515133	8.47964094764017	55
2.77919130565349	8.46565363636572	55
2.73706074576506	8.45161380685636	55
2.69531731152902	8.4375277471025	55
2.65396381978808	8.42340169891538	55
2.61300299690391	8.409241854725	55
2.57243747747633	8.39505435437787	55
2.53226980306261	8.3808452819349	55
2.49250242089668	8.36662066246916	55
2.45313768260839	8.35238645886378	55
2.41417784294273	8.33814856860971	55
2.37562505847909	8.32391282060361	55
2.33748138635049	8.30968497194559	55
2.29974878296282	8.29547070473713	55
2.26242910271409	8.28127562287885	55
2.22552409671368	8.26710524886836	55
2.18903541150155	8.25296502059806	55
2.15296458776751	8.238860288153	55
2.11731305907043	8.22479631060869	55
2.08208215055754	8.2107782528289	55
2.04727307768361	8.19681118226357	55
2.0128869449302	8.18290006574651	55
1.97892474452495	8.16904976629337	55
1.94538735516076	8.15526503989932	55
1.91227554071507	8.141550532337	55
1.87958994896908	8.12791077595428	55
1.84733111032702	8.11435018647211	55
1.81549943653535	8.10087305978232	55
1.78409521940203	8.08748356874547	55
1.75311862951576	8.0741857599887	55
1.72256971496521	8.06098355070349	55
1.6924484000583	8.0478807254436	55
1.66275448412446	8.0348809330506	55
1.63348764136621	8.02198768519419	55
1.60464742234642	8.00920435742938	55
1.57623325586187	7.9965341908482	55
1.54824445082267	7.98398029374042	55
1.52068019813175	7.9715456432543	55
1.49353957256432	7.9592330870574	55
1.46682153464727	7.94704534499724	55
1.44052493253872	7.93498501076213	55
1.41464850390737	7.92305455354187	55
1.38919087781202	7.91125631968854	55
1.36415057658104	7.89959253437722	55
1.33952601769175	7.88806530326674	55
1.31531551564996	7.87667661416049	55
1.29151728386936	7.86542833866707	55
1.26812943655101	7.85432223386114	55
1.24514999056279	7.84335994394412	55
1.22257686731885	7.83254300190494	55
1.20040789465907	7.82187283118081	55
1.1786408087285	7.81135074731794	55
1.15727325585685	7.80097795963236	55
1.1363027944379	7.79075557287059	55
1.11572689680899	7.78068458887044	55
1.09554295113046	7.77076590822175	55
1.07574826326511	7.76100033192712	55
1.05634005865765	7.75138856306271	55
1.03731548421418	7.74193120843895	55
1.01867161018158	7.73262878026129	55
1.00040543202706	7.72348169779099	55
0.982513872317526	7.71449028900582	55
0.964993782599094	7.70565479226087	55
0.947841945276519	7.69697535794923	55
0.931055075492657	7.68845205016282	55
0.91462982300792	7.68008484835306	55
0.89856277407973	7.6718736489917	55
0.882850453341975	7.66381826723152	55
0.867489325684467	7.65591843856709	55
0.852475798132391	7.64817382049554	55
0.837806221725764	7.64058399417727	55
0.823476893398892	7.63314846609677	55
0.809484057859822	7.62586666972329	55
0.795823909469798	7.61873796717166	55
0.782492594122717	7.61176165086302	55
0.769486211124584	7.60493694518553	55
0.756800815072967	7.59826300815519	55
0.744432417736453	7.59173893307654	55
0.7323769899341	7.58536375020342	55
0.720630463414897	7.57913642839977	55
0.709188732737216	7.57305587680028	55
0.69804765714827	7.56712094647126	55
0.687203062463564	7.5613304320713	55
0.676650742946353	7.55568307351207	55
0.666386463187098	7.55017755761906	55
0.65640595998292	7.54481251979231	55
0.646704944217054	7.53958654566719	55
0.637279102738306	7.53449817277513	55
0.62812410024051	7.52954589220442	55
0.619235581141977	7.52472815026088	55
0.602240480715092	7.51548985353101	55
0.586258622713074	7.50677002049224	55
0.571254624268177	7.49855477882052	55
0.557192958532051	7.49082969910509	55
0.544038014818311	7.48357984799256	55
0.531754158745105	7.47678984133091	55
0.520305792377679	7.47044389731353	55
0.509657414370945	7.46452588962329	55
0.49977368011205	7.45901940057657	55
0.490619461862939	7.45390777426731	55
0.478179831603767	7.44694382525364	55
0.467187141909707	7.44077305539171	55
0.457527421003326	7.43533786145604	55
0.446529275183537	7.42913591532863	55
0.437448023446515	7.4240050400158	55
0.42842228449016	7.41889836728991	55
0.41933967536598	7.41375504299895	55
0.410632519223589	7.40882324453581	55
