0.356473006998937	7.09147325402771	44.5
0.348141611721397	7.08584730772111	44.5
0.339881570121475	7.08011711297024	44.5
0.331694186555493	7.07428357463927	44.5
0.323580753906227	7.06834761391154	44.5
0.315542553378746	7.06231016814405	44.5
0.307580854298096	7.05617219071948	44.5
0.299696913908856	7.04993465089562	44.5
0.291891977176606	7.04359853365231	44.5
0.284167276591336	7.03716483953592	44.5
0.276524031972815	7.03063458450132	44.5
0.268963450277971	7.0240087997515	44.5
0.261486725410299	7.01728853157467	44.5
0.254095038031329	7.01047484117909	44.5
0.246789555374185	7.00356880452544	44.5
0.239571431059266	6.99657151215698	44.5
0.232441804912077	6.98948406902728	44.5
0.225401802783235	6.98230759432578	44.5
0.218452536370688	6.97504322130102	44.5
0.21159510304416	6.96769209708172	44.5
0.204830585671867	6.96025538249561	44.5
0.198160052449519	6.95273425188612	44.5
0.19158455673164	6.94512989292698	44.5
0.185105136865228	6.93744350643461	44.5
0.178722816025793	6.92967630617854	44.5
0.17243860205578	6.92182951868973	44.5
0.166253487305426	6.9139043830669	44.5
0.160168448476048	6.90590215078082	44.5
0.154184446465819	6.89782408547675	44.5
0.148302426218025	6.88967146277482	44.5
0.142523316571848	6.88144557006869	44.5
0.136848030115696	6.87314770632216	44.5
0.131277463043091	6.86477918186411	44.5
0.125812495011149	6.85634131818156	44.5
0.120453989001674	6.84783544771101	44.5
0.115202791184882	6.83926291362801	44.5
0.110059730785784	6.83062506963505	44.5
0.105025619953236	6.82192327974785	44.5
0.100101253631696	6.8131589180799	44.5
0.0952874094356916	6.80433336862551	44.5
0.0905848475270246	6.79544802504124	44.5
0.0859943104947343	6.78650429042585	44.5
0.0815165232378333	6.77750357709871	44.5
0.0771521928508379	6.7684473063768	44.5
0.0729020085121088	6.75933690835025	44.5
0.0687666413750232	6.75017382165652	44.5
0.0647467444619904	6.74095949325321	44.5
0.060842952561333	6.73169537818961	44.5
0.0570558821270468	6.72238293937686	44.5
0.053386131181454	6.71302364735702	44.5
0.0498342792207701	6.70361898007078	44.5
0.0464008871235942	6.69417042262415	44.5
0.0430864970623397	6.68467946705386	44.5
0.0398916324176187	6.67514761209182	44.5
0.0368167976955946	6.66557636292844	44.5
0.0338624784483147	6.6559672309749	44.5
0.0310291411970358	6.64632173362453	44.5
0.0283172333585548	6.63664139401319	44.5
0.025727183174557	6.62692774077871	44.5
0.0232593996439912	6.61718230781954	44.5
0.0209142724584842	6.60740663405252	44.5
0.0186921719408043	6.59760226316987	44.5
0.0165934489863827	6.58777074339539	44.5
0.0146184350079029	6.57791362724003	44.5
0.0127674418829673	6.56803247125671	44.5
0.0110407619048478	6.55812883579449	44.5
0.00943866773632906	6.54820428475222	44.5
0.00796141236665249	6.53826038533157	44.5
0.0066092290715658	6.52829870778951	44.5
0.00538233137648636	6.51832082519042	44.5
0.00428091302278277	6.50832831315763	44.5
0.00330514793718106	6.49832274962462	44.5
0.00245519020429996	6.48830571458586	44.5
0.00173117404231826	6.47827878984731	44.5
0.00113321378178111	6.46824355877662	44.5
0.000661403847545428	6.45820160605311	44.5
0.00031581874386899	6.44815451741751	44.5
9.65130426462402e-05	6.43810387942161	44.5
3.52137478931702e-06	6.42805127917764	44.5
3.68584247608661e-05	6.41799830410771	44.5
0.000196518928253897	6.40794654169314	44.5
0.00048247767302434	6.39789757922373	44.5
0.000894689502871304	6.38785300354714	44.5
0.00143308932476849	6.37781440081832	44.5
0.00209759211914251	6.367783356249	44.5
0.00288809295329906	6.35776145385741	44.5
0.00380446699799275	6.34775027621811	44.5
0.00484656954713891	6.33775140421211	44.5
0.00601423604066442	6.3277664167772	44.5
0.00730728209049425	6.31779689065866	44.5
0.00872550350966728	6.30784440016021	44.5
0.0102686763445813	6.2979105168955	44.5
0.0119365569103562	6.28799680953984	44.5
0.0137288818293164	6.27810484358255	44.5
0.0156453680725798	6.26823618107972	44.5
0.0176857130047517	6.25839238040756	44.5
0.0198495944317152	6.24857499601632	44.5
0.0221366706515083	6.23878557818479	44.5
0.0245465805082832	6.22902567277554	44.5
0.027078943449337	6.21929682099076	44.5
0.0297333595852056	6.20960055912894	44.5
0.0325094097528097	6.19993841834223	44.5
0.035406655581647	6.19031192439465	44.5
0.0384246395630152	6.18072259742121	44.5
0.041562885122258	6.17117195168779	44.5
0.044820896694022	6.16166149535207	44.5
0.0481981598005119	6.15219273022536	44.5
0.0516941411327327	6.14276715153543	44.5
0.0553082886347054	6.13338624769041	44.5
0.0590400315906427	6.12405150004379	44.5
0.0628887807150725	6.11476438266041	44.5
0.0668539282458918	6.10552636208379	44.5
0.0709348480403398	6.09633889710444	44.5
0.0751308956738737	6.08720343852961	44.5
0.0794414085419298	6.0781214289541	44.5
0.0838657059645574	6.0690943025325	44.5
0.0884030892939053	6.06012348475273	44.5
0.0930528420245466	6.0512103922109	44.5
0.0978142299066238	6.04235643238764	44.5
0.102686501061794	6.03356300342586	44.5
0.107668886101962	6.02483149390993	44.5
0.112760598250771	6.01616328264641	44.5
0.117960833467848	6.00755973844634	44.5
0.123268770575769	5.9990222199091	44.5
0.128683571389734	5.99055207520783	44.5
0.134204380849922	5.98215064187657	44.5
0.139830327156523	5.97381924659903	44.5
0.145560521907395	5.96555920499911	44.5
0.151394060238361	5.95737182143313	44.5
0.157330020966094	5.94925838878386	44.5
0.163367466733584	5.94122018825638	44.5
0.169505444158154	5.93325848917573	44.5
0.175742983982017	5.92537454878649	44.5
0.182079101225326	5.91756961205424	44.5
0.188512795341717	5.90984491146897	44.5
0.195043050376309	5.90220166685045	44.5
0.20166883512613	5.8946410851556	44.5
0.208389103302959	5.88716436028793	44.5
0.215202793698548	5.87977267290896	44.5
0.222108830352196	5.87246719025182	44.5
0.229106122720658	5.8652490659369	44.5
0.236193565850355	5.85811943978971	44.5
0.243370040551855	5.85107943766087	44.5
0.250634413576611	5.84413017124832	44.5
0.257985537795912	5.83727273792179	44.5
0.265422252382025	5.8305082205495	44.5
0.27294338299151	5.82383768732715	44.5
0.280547741950654	5.81726219160927	44.5
0.288234128443026	5.81078277174286	44.5
0.296001328699094	5.80440045090343	44.5
0.3038481161879	5.79811623693341	44.5
0.311773251810734	5.79193112218306	44.5
0.319775484096811	5.78584608335368	44.5
0.327853549400888	5.77986208134345	44.5
0.336006172102811	5.77398006109566	44.5
0.344232064808945	5.76820095144948	44.5
0.352529928555476	5.76252566499333	44.5
0.360898453013525	5.75695509792072	44.5
0.36933631669607	5.75149012988878	44.5
0.377842187166621	5.74613162387931	44.5
0.386414721249626	5.74088042606252	44.5
0.395052565242579	5.73573736566342	44.5
0.40375435512978	5.73070325483087	44.5
0.412518716797731	5.72577888850933	44.5
0.421344266252126	5.72096504431332	44.5
0.430229609836395	5.71626248240466	44.5
0.439173344451786	5.71167194537237	44.5
0.448174057778923	5.70719415811547	44.5
0.457230328500832	5.70282982772847	44.5
0.466340726527383	5.69857964338974	44.5
0.475503813221117	5.69444427625266	44.5
0.484718141624422	5.69042437933962	44.5
0.493982256688028	5.68652058743897	44.5
0.503294695500773	5.68273351700468	44.5
0.512653987520616	5.67906376605909	44.5
0.522058654806849	5.6755119140984	44.5
0.531507212253487	5.67207852200123	44.5
0.540998167823777	5.66876413193997	44.5
0.550530022785812	5.66556926729525	44.5
0.560101271949198	5.66249443257323	44.5
0.569710403902736	5.65954011332595	44.5
0.579355901253101	5.65670677607467	44.5
0.589036240864444	5.65399486823619	44.5
0.598749894098925	5.65140481805219	44.5
0.608495327058092	5.64893703452162	44.5
0.61827100082511	5.64659190733612	44.5
0.628075371707768	5.64436980681844	44.5
0.637906891482246	5.64227108386402	44.5
0.647764007637601	5.64029606988554	44.5
0.657645163620927	5.6384450767606	44.5
0.667548799083146	5.63671839678248	44.5
0.677473350125413	5.63511630261396	44.5
0.68741724954607	5.63363904724429	44.5
0.697378927088123	5.6322868639492	44.5
0.70735680968721	5.63105996625412	44.5
0.717349321720002	5.62995854790042	44.5
0.727354885253012	5.62898278281481	44.5
0.737371920291769	5.62813282508193	44.5
0.747398845030319	5.62740880891995	44.5
0.757434076101011	5.62681084865941	44.5
0.767476028824527	5.62633903872518	44.5
0.777523117460121	5.6259934536215	44.5
0.787573755456028	5.62577414792028	44.5
0.797626355699999	5.62568115625242	44.5
0.80767933076992	5.62571449330239	44.5
0.817731093184492	5.62587415380589	44.5
0.827780055653904	5.62616011255066	44.5
0.837824631330492	5.6265723243805	44.5
0.847863234059316	5.6271107242024	44.5
0.857894278628633	5.62777522699678	44.5
0.867916181020223	5.62856572783093	44.5
0.877927358659521	5.62948210187563	44.5
0.887926230665524	5.63052420442477	44.5
0.897911218100432	5.6316918709183	44.5
0.907880744218979	5.63298491696813	44.5
0.91783323471742	5.6344031383873	44.5
0.927767117982133	5.63594631122221	44.5
0.937680825337794	5.63761419178799	44.5
0.947572791295086	5.63940651670695	44.5
0.957441453797915	5.64132300295021	44.5
0.967285254470071	5.64336334788239	44.5
0.977102638861313	5.64552722930935	44.5
0.986892056692841	5.64781430552914	44.5
1.00891582759167	5.65315026783562	44.5
1.02877184143941	5.65792734294537	44.5
1.04863157089836	5.66267046422494	44.5
1.06849501596854	5.66737963167435	44.5
1.08836217664993	5.67205484529359	44.5
1.10823305294255	5.67669610508266	44.5
1.12810764484638	5.68130341104155	44.5
1.14798595236143	5.68587676317028	44.5
1.16786797548771	5.69041616146883	44.5
1.1877537142252	5.69492160593722	44.5
1.20764316857391	5.69939309657543	44.5
1.22753633853384	5.70383063338347	44.5
1.24743322410499	5.70823421636134	44.5
1.26733382528735	5.71260384550905	44.5
1.28723814208094	5.71693952082658	44.5
1.30714617448575	5.72124124231394	44.5
1.32705792250177	5.72550900997113	44.5
1.34697338612902	5.72974282379814	44.5
1.36689256536748	5.73394268379499	44.5
1.38681546021717	5.73810858996167	44.5
1.40674207067807	5.74224054229818	44.5
1.42667239675019	5.74633854080451	44.5
1.44660643843353	5.75040258548067	44.5
1.46654419572809	5.75443267632667	44.5
1.48648566863388	5.75842881334249	44.5
1.50643085715087	5.76239099652814	44.5
1.52637976127909	5.76631922588363	44.5
1.54633238101853	5.77021350140894	44.5
1.56628871636919	5.77407382310408	44.5
1.58624876733106	5.77790019096905	44.5
1.60621253390416	5.78169260500385	44.5
1.62618001608847	5.78545106520848	44.5
1.64615121388401	5.78917557158293	44.5
1.66612612729076	5.79286612412722	44.5
1.68610475630873	5.79652272284133	44.5
1.70608710093792	5.80014536772528	44.5
1.72607316117833	5.80373405877905	44.5
1.74606293702996	5.80728879600266	44.5
1.76605642849281	5.81080957939609	44.5
1.78605363556688	5.81429640895935	44.5
1.80605455825217	5.81774928469245	44.5
1.82605919654868	5.82116820659536	44.5
1.8460675504564	5.82455317466812	44.5
1.86607961997535	5.82790418891069	44.5
1.88609540510551	5.8312212493231	44.5
1.9061149058469	5.83450435590534	44.5
1.9261381221995	5.83775350865741	44.5
1.94616505416332	5.84096870757931	44.5
1.96619570173836	5.84414995267103	44.5
1.98623006492463	5.84729724393259	44.5
2.00626814372211	5.85041058136397	44.5
2.0263099381308	5.85348996496518	44.5
2.04635544815072	5.85653539473623	44.5
2.06640467378186	5.8595468706771	44.5
2.08645761502422	5.8625243927878	44.5
2.1065142718778	5.86546796106833	44.5
2.12657464434259	5.86837757551869	44.5
2.14663873241861	5.87125323613888	44.5
2.16670653610584	5.8740949429289	44.5
2.18677805540429	5.87690269588875	44.5
2.20685329031397	5.87967649501843	44.5
2.22693224083486	5.88241634031793	44.5
2.24701490696697	5.88512223178727	44.5
2.2671012887103	5.88779416942643	44.5
2.28719138606485	5.89043215323543	44.5
2.30728519903062	5.89303618321425	44.5
2.32738272760761	5.8956062593629	44.5
2.34748397179581	5.89814238168138	44.5
2.36758893159524	5.90064455016969	44.5
2.38769760700589	5.90311276482784	44.5
2.40780999802775	5.90554702565581	44.5
2.42792610466083	5.9079473326536	44.5
2.44804592690514	5.91031368582123	44.5
2.46816946476066	5.91264608515869	44.5
2.4882967182274	5.91494453066598	44.5
2.50842768730536	5.91720902234309	44.5
2.52856237199454	5.91943956019004	44.5
2.54870077229494	5.92163614420681	44.5
2.56884288820656	5.92379877439342	44.5
2.5889887197294	5.92592745074985	44.5
2.60913826686346	5.92802217327611	44.5
2.62929152960873	5.93008294197221	44.5
2.64944850796523	5.93210975683813	44.5
2.66960920193295	5.93410261787388	44.5
2.68977361151188	5.93606152507946	44.5
2.70994173670203	5.93798647845487	44.5
2.73011357750341	5.93987747800011	44.5
2.750289133916	5.94173452371517	44.5
2.77046840593981	5.94355761560007	44.5
2.79065139357484	5.9453467536548	44.5
2.81083809682109	5.94710193787935	44.5
2.83102851567856	5.94882316827374	44.5
2.85122265014725	5.95051044483795	44.5
2.87142050022716	5.95216376757199	44.5
2.89162206591828	5.95378313647587	44.5
2.91182734722063	5.95536855154957	44.5
2.93203634413419	5.9569200127931	44.5
2.95224905665898	5.95843752020646	44.5
2.97246548479498	5.95992107378965	44.5
2.99268562854221	5.96137067354267	44.5
3.01290948790065	5.96278631946551	44.5
3.03313706287031	5.96416801155819	44.5
3.05336835345119	5.9655157498207	44.5
3.07360335964329	5.96682953425304	44.5
3.09384208144661	5.9681093648552	44.5
3.11408451886115	5.9693552416272	44.5
3.13433067188691	5.97056716456902	44.5
3.15458054052388	5.97174513368067	44.5
3.17483412477208	5.97288914896216	44.5
3.19509142463149	5.97399921041347	44.5
3.21535244010213	5.97507531803461	44.5
3.23561717118398	5.97611747182558	44.5
3.25588561787706	5.97712567178638	44.5
3.27615778018135	5.97809991791701	44.5
3.29643365809686	5.97904021021747	44.5
3.31671325162359	5.97994654868775	44.5
3.33699656076154	5.98081893332787	44.5
3.35728358551071	5.98165736413782	44.5
3.3775743258711	5.98246184111759	44.5
3.39786878184271	5.9832323642672	44.5
3.41816695342553	5.98396893358663	44.5
3.43846884061958	5.98467154907589	44.5
3.45877444342485	5.98534021073498	44.5
3.47908376184133	5.98597491856391	44.5
3.49939679586904	5.98657567256266	44.5
3.51971354550796	5.98714247273123	44.5
3.5400340107581	5.98767531906964	44.5
3.56035819161946	5.98817421157788	44.5
3.58068608809204	5.98863915025595	44.5
3.60101770017584	5.98907013510385	44.5
3.62135302787086	5.98946716612157	44.5
3.6416920711771	5.98983024330913	44.5
3.66203483009456	5.99015936666652	44.5
3.68238130462324	5.99045453619373	44.5
3.70273149476313	5.99071575189078	44.5
3.72308540051425	5.99094301375765	44.5
3.74344302187658	5.99113632179435	44.5
3.76380435885014	5.99129567600088	44.5
3.78416941143491	5.99142107637724	44.5
3.8045381796309	5.99151252292343	44.5
3.82491066343812	5.99157001563945	44.5
3.84528686285655	5.9915935545253	44.5
3.8656667778862	5.99158313958098	44.5
3.88605040852707	5.99153877080648	44.5
3.90643775477916	5.99146044820182	44.5
3.92682881664246	5.99134817176698	44.5
3.94722359411699	5.99120194150198	44.5
3.96762208720274	5.9910217574068	44.5
3.9880242958997	5.99080761948146	44.5
4.00843022020789	5.99055952772594	44.5
4.02883986012729	5.99027748214025	44.5
4.04925321565792	5.98996148272439	44.5
4.06967028679976	5.98961152947837	44.5
4.09009107355282	5.98922762240216	44.5
4.1105155759171	5.9888097614958	44.5
4.1309437938926	5.98835794675925	44.5
4.15137572747932	5.98787217819254	44.5
4.17181137667726	5.98735245579566	44.5
4.19225074148642	5.9867987795686	44.5
4.2126938219068	5.98621114951138	44.5
4.23314061793839	5.98558956562398	44.5
4.25359112958121	5.98493402790642	44.5
4.27404535683525	5.98424453635868	44.5
4.2945032997005	5.98352109098077	44.5
4.31496495817697	5.9827636917727	44.5
4.33543033226467	5.98197233873444	44.5
4.35589942196358	5.98114703186603	44.5
4.37637222727371	5.98028777116744	44.5
4.39684874819506	5.97939455663867	44.5
4.41732898472763	5.97846738827974	44.5
4.43781293687142	5.97750626609064	44.5
4.45830060462643	5.97651119007137	44.5
4.47879198799266	5.97548216022192	44.5
4.4992870869701	5.97441917654231	44.5
4.51978590155877	5.97332223903252	44.5
4.54028843175865	5.97219134769257	44.5
4.56079467756976	5.97102650252244	44.5
4.58130463899208	5.96982770352214	44.5
4.60181831602563	5.96859495069167	44.5
4.62233570867039	5.96732824403104	44.5
4.64285681692637	5.96602758354022	44.5
4.66338164079357	5.96469296921924	44.5
4.68391018027199	5.96332440106809	44.5
4.70444243536163	5.96192187908677	44.5
4.72497840606249	5.96048540327528	44.5
4.74551809237457	5.95901497363361	44.5
4.76606149429786	5.95751059016178	44.5
4.78660861183238	5.95597225285978	44.5
4.80715944497812	5.9543999617276	44.5
4.82771399373507	5.95279371676526	44.5
4.84827225810324	5.95115351797274	44.5
4.86883423808264	5.94947936535005	44.5
4.88939993367325	5.94777125889719	44.5
4.90996934487508	5.94602919861416	44.5
4.93054247168813	5.94425318450096	44.5
4.9511193141124	5.94244321655759	44.5
4.97169987214789	5.94059929478405	44.5
4.9922841457946	5.93872141918034	44.5
5.01287213505253	5.93680958974645	44.5
5.03346383992168	5.9348638064824	44.5
5.05405926040204	5.93288406938818	44.5
5.07465839649363	5.93087037846378	44.5
5.09526124819643	5.92882273370922	44.5
5.11586781551046	5.92674113512448	44.5
5.1364780984357	5.92462558270957	44.5
5.15709209697216	5.9224760764645	44.5
5.17770981111985	5.92029261638925	44.5
5.19833124087875	5.91807520248383	44.5
5.21895638624887	5.91582383474824	44.5
5.23958524723021	5.91353851318248	44.5
5.26021782382277	5.91121923778655	44.5
5.28085411602654	5.90886600856044	44.5
5.30149412384154	5.90647882550417	44.5
5.32213784726776	5.90405768861772	44.5
5.34278528630519	5.90160259790111	44.5
5.36343644095385	5.89911355335433	44.5
5.38409131121372	5.89659055497737	44.5
5.40474989708482	5.89403360277025	44.5
5.42541219856713	5.89144269673295	44.5
5.44607821566066	5.88881783686548	44.5
5.46674794836541	5.88615902316784	44.5
5.48742139668138	5.88346625564003	44.5
5.50809856060857	5.88073953428205	44.5
5.52877944014698	5.8779788590939	44.5
5.54946403529661	5.87518423007558	44.5
5.57015234605746	5.87235564722709	44.5
5.59084437242952	5.86949311054842	44.5
5.61154011441281	5.86659662003959	44.5
5.63223957200731	5.86366617570059	44.5
5.65294274521304	5.86070177753141	44.5
5.67364963402998	5.85770342553207	44.5
5.69436023845815	5.85467111970255	44.5
5.71507455849753	5.85160486004286	44.5
5.73579259414813	5.848504646553	44.5
5.75651434540995	5.84537047923297	44.5
5.77723981228299	5.84220235808278	44.5
5.79796899476725	5.83900028310241	44.5
5.81870189286273	5.83576425429187	44.5
5.83943850656942	5.83249427165115	44.5
5.86017883588734	5.82919033518027	44.5
5.88092288081648	5.82585244487922	44.5
5.90167064135683	5.82248060074799	44.5
5.92242211750841	5.8190748027866	44.5
5.9431773092712	5.81563505099503	44.5
5.96393621664521	5.8121613453733	44.5
5.98469883963045	5.80865368592139	44.5
6.0054651782269	5.80511207263931	44.5
6.02623523243457	5.80153650552706	44.5
6.04700900225346	5.79792698458464	44.5
6.06778648768357	5.79428350981205	44.5
6.0885676887249	5.79060608120929	44.5
6.10935260537744	5.78689469877636	44.5
6.13014123764121	5.78314936251326	44.5
6.1509335855162	5.77937007241999	44.5
6.1717296490024	5.77555682849655	44.5
6.19252942809983	5.77170963074293	44.5
6.21333292280847	5.76782847915915	44.5
6.23414013312834	5.76391337374519	44.5
6.25495105905942	5.75996431450106	44.5
6.27576570060172	5.75598130142677	44.5
6.29658405775524	5.7519643345223	44.5
6.31740613051998	5.74791341378766	44.5
6.33823191889594	5.74382853922285	44.5
6.35906142288312	5.73970971082787	44.5
6.37989464248152	5.73555692860272	44.5
6.40073157769113	5.7313701925474	44.5
6.42157222851197	5.72714950266191	44.5
6.44241659494403	5.72289485894625	44.5
6.4632646769873	5.71860626140041	44.5
6.48411647464179	5.71428371002441	44.5
6.50497198790751	5.70992720481823	44.5
6.52583121678444	5.70553674578189	44.5
6.54669416127259	5.70111233291537	44.5
6.56756082137196	5.69665396621869	44.5
6.58843119708255	5.69216164569183	44.5
6.60930528840436	5.6876353713348	44.5
6.63018309533739	5.6830751431476	44.5
6.65106461788164	5.67848096113023	44.5
6.67194985603711	5.67385282528269	44.5
6.69283880980379	5.66919073560498	44.5
6.7137314791817	5.6644946920971	44.5
6.73462786417082	5.65976469475904	44.5
6.75552796477117	5.65500074359082	44.5
6.77643178098273	5.65020283859242	44.5
6.79733931280551	5.64537097976386	44.5
6.81825056023952	5.64050516710512	44.5
6.83916552328474	5.63560540061622	44.5
6.86008420194118	5.63067168029714	44.5
6.88100659620884	5.62570400614789	44.5
6.90193270608772	5.62070237816847	44.5
6.92286253157781	5.61566679635888	44.5
6.94379607267913	5.61059726071912	44.5
6.96473332939167	5.60549377124919	44.5
6.98567430171542	5.60035632794909	44.5
7.0066189896504	5.59518493081882	44.5
7.02756739319659	5.58997957985838	44.5
7.04851951235401	5.58474027506776	44.5
7.06947534712264	5.57946701644698	44.5
7.09043489750249	5.57415980399602	44.5
7.11139816349356	5.5688186377149	44.5
7.13236514509585	5.5634435176036	44.5
7.15333584230936	5.55803444366213	44.5
7.17431025513409	5.55259141589049	44.5
7.19528838357004	5.54711443428869	44.5
7.21627022761721	5.54160349885671	44.5
7.2372557872756	5.53605860959456	44.5
7.2582450625452	5.53047976650224	44.5
7.27923805342603	5.52486696957975	44.5
7.30023475991807	5.51922021882708	44.5
7.32123518202134	5.51353951424425	44.5
7.34223931973582	5.50782485583124	44.5
7.36324717306152	5.50207624358807	44.5
7.38425874199844	5.49629367751473	44.5
7.40527402654658	5.49047715761121	44.5
7.42629302670594	5.48462668387752	44.5
7.44731574247652	5.47874225631366	44.5
7.46834217385832	5.47282387491964	44.5
7.48937232085134	5.46687153969544	44.5
7.51040618345558	5.46088525064107	44.5
7.53144376167103	5.45486500775653	44.5
7.55248505549771	5.44881081104182	44.5
7.5735300649356	5.44272266049693	44.5
7.59457878998472	5.43660055612188	44.5
7.61563123064505	5.43044449791666	44.5
7.6366873869166	5.42425448588127	44.5
7.65774725879937	5.4180305200157	44.5
7.67881084629336	5.41177260031996	44.5
7.69987814939857	5.40548072679406	44.5
7.720949168115	5.39915489943798	44.5
7.74202390244265	5.39279511825174	44.5
7.76310235238152	5.38640138323532	44.5
7.78418451793161	5.37997369438873	44.5
7.80527039909291	5.37351205171197	44.5
7.82635999586544	5.36701645520504	44.5
7.84745330824918	5.36048690486794	44.5
7.86855033624415	5.35392340070067	44.5
7.88965107985033	5.34732594270322	44.5
7.91075553906773	5.34069453087561	44.5
7.93186371389635	5.33402916521782	44.5
7.9529756043362	5.32732984572987	44.5
7.97409121038726	5.32059657241174	44.5
7.99521053204953	5.31382934526344	44.5
8.01633356932303	5.30702816428498	44.5
8.03746032220775	5.30019302947634	44.5
8.05859079070369	5.29332394083753	44.5
8.07972497481085	5.28642089836855	44.5
8.10086287452922	5.2794839020694	44.5
8.12200448985882	5.27251295194008	44.5
8.14314982079963	5.26550804798059	44.5
8.16429886735166	5.25846919019093	44.5
8.18545162951492	5.2513963785711	44.5
8.20660810728939	5.24428961312109	44.5
8.22776830067508	5.23714889384092	44.5
8.24893220967199	5.22997422073057	44.5
8.27009983428012	5.22276559379006	44.5
8.29127117449947	5.21552301301938	44.5
8.31244623033004	5.20824647841851	44.5
8.33362500177182	5.20093598998749	44.5
8.35480748882483	5.19359154772629	44.5
8.37599369148906	5.18621315163492	44.5
8.3971836097645	5.17880080171338	44.5
8.41837724365116	5.17135449796167	44.5
8.43957459314905	5.16387424037979	44.5
8.46077565825815	5.15636002896773	44.5
8.48198043897847	5.14881186372551	44.5
8.50318893531002	5.14122974465312	44.5
8.52440114725277	5.13361367175055	44.5
8.54561707480676	5.12596364501782	44.5
8.56683671797196	5.11827966445491	44.5
8.58806007674837	5.11056173006184	44.5
8.60928715113601	5.10280984183859	44.5
8.63051794113487	5.09502399978517	44.5
8.65175244674494	5.08720420390158	44.5
8.67299066796624	5.07935045418782	44.5
8.69423260479875	5.07146275064389	44.5
8.71547825724249	5.06354109326979	44.5
8.73672762529744	5.05558548206552	44.5
8.75798070896361	5.04759591703108	44.5
8.779237508241	5.03957239816646	44.5
8.80049802312961	5.03151492547168	44.5
8.82176225362944	5.02342349894673	44.5
8.84303019974049	5.0152981185916	44.5
8.86430186146276	5.0071387844063	44.5
8.88557723879625	4.99894549639084	44.5
8.90685633174095	4.9907182545452	44.5
8.92813914029688	4.98245705886939	44.5
8.94942566446403	4.97416190936341	44.5
8.97071590424239	4.96583280602726	44.5
8.99200985963197	4.95746974886094	44.5
9.01330753063278	4.94907273786445	44.5
9.0346089172448	4.94064177303779	44.5
9.05591401946804	4.93217685438096	44.5
9.0772228373025	4.92367798189396	44.5
9.09853537074818	4.91514515557678	44.5
9.11985161980508	4.90657837542944	44.5
9.1411715844732	4.89797764145192	44.5
9.16249526475254	4.88934295364423	44.5
9.1838226606431	4.88067431200638	44.5
9.20515377214487	4.87197171653835	44.5
9.22648859925787	4.86323516724015	44.5
9.24782714198208	4.85446466411178	44.5
9.26916940031752	4.84566020715324	44.5
9.29051537426417	4.83682179636453	44.5
9.31186506382204	4.82794943174565	44.5
9.33321846899113	4.8190431132966	44.5
9.35457558977144	4.81010284101738	44.5
9.37593642616297	4.80112861490798	44.5
9.39730097816572	4.79212043496842	44.5
9.41866924577969	4.78307830119869	44.5
9.44004122900488	4.77400221359878	44.5
9.46141692784129	4.76489217216871	44.5
9.48279634228891	4.75574817690846	44.5
9.50417947234776	4.74657022781804	44.5
9.52556631801782	4.73735832489745	44.5
9.54695687929911	4.72811246814669	44.5
9.56835115619161	4.71883265756576	44.5
9.58974914869533	4.70951889315466	44.5
9.61115085681028	4.70017117491339	44.5
9.63255628053644	4.69078950284195	44.5
9.65396541987382	4.68137387694033	44.5
9.67537827482242	4.67192429720855	44.5
9.69679484538224	4.6624407636466	44.5
9.71821513155327	4.65292327625447	44.5
9.73963913333553	4.64337183503218	44.5
9.76106685072901	4.63378643997971	44.5
9.78249828373371	4.62416709109707	44.5
9.80393343234962	4.61451378838427	44.5
9.82537229657675	4.60482653184129	44.5
9.84681487641511	4.59510532146814	44.5
9.86826117186468	4.58535015726482	44.5
9.88971118292547	4.57556103923133	44.5
9.91116490959748	4.56573796736766	44.5
9.93262235188071	4.55588094167383	44.5
9.95408350977516	4.54598996214983	44.5
9.97554838328083	4.53606502879565	44.5
9.99701697239772	4.52610614161132	44.5
10.0184892771258	4.5161133005968	44.5
10.0399652974652	4.50608650575211	44.5
10.0614450334157	4.49602575707726	44.5
10.0829284849775	4.48593105457223	44.5
10.1044156521505	4.47580239823703	44.5
10.1259065349347	4.46563978807166	44.5
10.1474011333301	4.45544322407612	44.5
10.1688994473367	4.44521270625041	44.5
10.1904014769546	4.43494823459453	44.5
10.2119072221837	4.42464980910848	44.5
10.233416683024	4.41431742979226	44.5
10.2549298594755	4.40395109664586	44.5
10.2764467515382	4.3935508096693	44.5
10.2979673592122	4.38311656886256	44.5
10.3194916824974	4.37264837422566	44.5
10.3410197213937	4.36214622575858	44.5
10.3625514759014	4.35161012346134	44.5
10.3840869460202	4.34104006733392	44.5
10.4056261317503	4.33043605737633	44.5
10.4271690330915	4.31979809358858	44.5
10.448715650044	4.30912617597065	44.5
10.4702659826077	4.29842030452254	44.5
10.4918200307827	4.28768047924427	44.5
10.5133777945688	4.27690670013583	44.5
10.5349392739662	4.26609896719722	44.5
10.5565044689748	4.25525728042844	44.5
10.5780733795946	4.24438163982948	44.5
10.5996460058256	4.23347204540036	44.5
10.6212223476678	4.22252849714106	44.5
10.6428024051213	4.2115509950516	44.5
10.664386178186	4.20053953913196	44.5
10.6859736668619	4.18949412938215	44.5
10.707564871149	4.17841476580218	44.5
10.7291597910474	4.16730144839202	44.5
10.7507584265569	4.15615417715171	44.5
10.7723607776777	4.14497295208121	44.5
10.7939668444097	4.13375777318055	44.5
10.8155766267529	4.12250864044972	44.5
10.8371901247074	4.11122555388872	44.5
10.858807338273	4.09990851349755	44.5
10.8804282674499	4.0885575192762	44.5
10.902052912238	4.07717257122469	44.5
10.9236812726373	4.065753669343	44.5
10.9453133486478	4.05430081363114	44.5
10.9669491402696	4.04281400408912	44.5
10.9885886475026	4.03129324071692	44.5
11.0102318703468	4.01973852351455	44.5
11.0318788088022	4.00814985248202	44.5
11.0535294628688	3.9965272276193	44.5
11.0751838325467	3.98487064892642	44.5
11.0968419178357	3.97318011640337	44.5
11.118503718736	3.96145563005015	44.5
11.1401692352475	3.94969718986676	44.5
11.1618384673703	3.93790479585319	44.5
11.1835114151042	3.92607844800946	44.5
11.2051880784494	3.91421814633555	44.5
11.2268684574058	3.90232389083148	44.5
11.2485525519734	3.89039568149723	44.5
11.2702403621522	3.87843351833281	44.5
11.2919318879422	3.86643740133823	44.5
11.3136271293435	3.85440733051347	44.5
11.335326086356	3.84234330585854	44.5
11.3570287589797	3.83024532737344	44.5
11.3787351472146	3.81811339505817	44.5
11.4004452510607	3.80594750891273	44.5
11.4221590705181	3.79374766893712	44.5
11.4438766055867	3.78151387513133	44.5
11.4655978562665	3.76924612749538	44.5
11.4873228225575	3.75694442602925	44.5
11.5090515044597	3.74460877073296	44.5
11.5307839019732	3.7322391616065	44.5
11.5525200150978	3.71983559864986	44.5
11.5742598438337	3.70739808186305	44.5
11.5960033881808	3.69492661124607	44.5
11.6177506481392	3.68242118679892	44.5
11.6395016237087	3.66988180852161	44.5
11.6612563148895	3.65730847641412	44.5
11.6830147216815	3.64470119047645	44.5
11.7047768440847	3.63205995070862	44.5
11.7265426820991	3.61938475711062	44.5
11.7483122357248	3.60667560968245	44.5
11.7700855049616	3.5939325084241	44.5
11.7918624898097	3.58115545333559	44.5
11.813643190269	3.5683444444169	44.5
11.8354276063395	3.55549948166805	44.5
11.8572157380213	3.54262056508902	44.5
11.8790075853142	3.52970769467982	44.5
11.9008031482184	3.51676087044046	44.5
11.9226024267338	3.50378009237092	44.5
11.9444054208605	3.49076536047121	44.5
11.9662121305983	3.47771667474133	44.5
11.9880225559473	3.46463403518128	44.5
12.0098366969076	3.45151744179105	44.5
12.0316545534791	3.43836689457066	44.5
12.0534761256618	3.4251823935201	44.5
12.0753014134558	3.41196393863937	44.5
12.0971304168609	3.39871152992846	44.5
12.1189631358773	3.38542516738739	44.5
12.1407995705049	3.37210485101614	44.5
12.1626397207437	3.35875058081472	44.5
12.1844835865937	3.34536235678313	44.5
12.206331168055	3.33194017892138	44.5
12.2281824651275	3.31848404722945	44.5
12.2500374778112	3.30499396170735	44.5
12.2718962061061	3.29146992235508	44.5
12.2937586500122	3.27791192917264	44.5
12.3156248095295	3.26431998216002	44.5
12.3374946846581	3.25069408131724	44.5
12.3593682753979	3.23703422664429	44.5
12.3812455817489	3.22334041814117	44.5
12.4031266037111	3.20961265580787	44.5
12.4250113412846	3.19585093964441	44.5
12.4468997944692	3.18205526965077	44.5
12.4687919632651	3.16822564582696	44.5
12.4906878476722	3.15436206817298	44.5
12.5125874476905	3.14046453668884	44.5
12.5344907633201	3.12653305137452	44.5
12.5563977945608	3.11256761223003	44.5
12.5783085414128	3.09856821925537	44.5
12.600223003876	3.08453487245054	44.5
12.6221411819504	3.07046757181553	44.5
12.644063075636	3.05636631735036	44.5
12.6659886849329	3.04223110905502	44.5
12.687918009841	3.0280619469295	44.5
12.7098510503603	3.01385883097382	44.5
12.7317878064908	2.99962176118796	44.5
12.7537282782325	2.98535073757194	44.5
12.7756724655855	2.97104576012574	44.5
12.7976203685496	2.95670682884937	44.5
12.819571987125	2.94233394374283	44.5
12.8415273213116	2.92792710480612	44.5
12.8634863711095	2.91348631203924	44.5
12.8854491365185	2.89901156544219	44.5
12.9074156175388	2.88450286501497	44.5
12.9293858141703	2.86996021075758	44.5
12.951359726413	2.85538360267002	44.5
12.9733373542669	2.84077304075229	44.5
12.995318697732	2.82612852500438	44.5
13.0173037568084	2.81145005542631	44.5
13.039292531496	2.79673763201806	44.5
13.0612850217948	2.78199125477964	44.5
13.0832812277048	2.76721092371105	44.5
13.105281149226	2.7523966388123	44.5
13.1272847863585	2.73754840008337	44.5
13.1492921391022	2.72266620752427	44.5
13.1713032074571	2.707750061135	44.5
13.1933179914232	2.69279996091556	44.5
13.2153364910005	2.67781590686595	44.5
13.2373587061891	2.66279789898616	44.5
13.2593846369889	2.64774593727621	44.5
13.2814142833999	2.63266002173609	44.5
13.3034476454221	2.61754015236579	44.5
13.3254847230555	2.60238632916533	44.5
13.3475255163002	2.58719855213469	44.5
13.369570025156	2.57197682127389	44.5
13.3916182496231	2.55672113658291	44.5
13.4136701897014	2.54143149806176	44.5
13.4357258453909	2.52610790571044	44.5
13.4577852166917	2.51075035952895	44.5
13.4798483036037	2.49535885951729	44.5
13.5019151061268	2.47993340567546	44.5
13.5239856242613	2.46447399800346	44.5
13.5460598580069	2.44898063650129	44.5
13.5681378073637	2.43345332116895	44.5
13.5902194723318	2.41789205200643	44.5
13.6123048529111	2.40229682901375	44.5
13.6343939491016	2.38666765219089	44.5
13.6564867609033	2.37100452153786	44.5
13.6785832883162	2.35530743705467	44.5
13.7006835313404	2.3395763987413	44.5
13.7227874899758	2.32381140659776	44.5
13.7448951642224	2.30801246062405	44.5
13.7670065540802	2.29217956082018	44.5
13.7891216595492	2.27631270718612	44.5
13.8112404806295	2.26041189972191	44.5
13.8333630173209	2.24447713842751	44.5
13.8554892696236	2.22850842330295	44.5
13.8776192375376	2.21250575434822	44.5
13.8997529210627	2.19646913156331	44.5
13.921890320199	2.18039855494824	44.5
13.9440314349466	2.16429402450299	44.5
13.9661762653054	2.14815554022758	44.5
13.9883248112754	2.13198310212199	44.5
14.0104770728566	2.11577671018623	44.5
14.0326330500491	2.0995363644203	44.5
14.0547927428528	2.08326206482421	44.5
14.0769561512676	2.06695381139794	44.5
14.0991232752937	2.05061160414149	44.5
14.1212941149311	2.03423544305488	44.5
14.1434686701796	2.0178253281381	44.5
14.1656469410394	2.00138125939115	44.5
14.1878289275104	1.98490323681403	44.5
14.2100146295926	1.96839126040673	44.5
14.232204047286	1.95184533016927	44.5
14.2543971805906	1.93526544610163	44.5
14.2765940295065	1.91865160820383	44.5
14.2987945940336	1.90200381647585	44.5
14.3209988741719	1.8853220709177	44.5
14.3432068699214	1.86860637152938	44.5
14.3654185812821	1.85185671831089	44.5
14.3876340082541	1.83507311126223	44.5
14.4098531508372	1.8182555503834	44.5
14.4320760090316	1.8014040356744	44.5
14.4543025828373	1.78451856713523	44.5
14.4765328722541	1.76759914476589	44.5
14.4987668772821	1.75064576856637	44.5
14.5210045979214	1.73365843853669	44.5
14.5432460341719	1.71663715467683	44.5
14.5654911860336	1.69958191698681	44.5
14.5877400535065	1.68249272546661	44.5
14.6099926365907	1.66536958011625	44.5
14.6322489352861	1.64821248093571	44.5
14.6545089495926	1.631021427925	44.5
14.6767726795104	1.61379642108412	44.5
14.6990401250395	1.59653746041307	44.5
14.7213112861797	1.57924454591185	44.5
14.7435861629312	1.56191767758046	44.5
14.7658647552939	1.54455685541889	44.5
14.7881470632678	1.52716207942716	44.5
14.8104330868529	1.50973334960526	44.5
14.8327228260492	1.49227066595318	44.5
14.8550162808568	1.47477402847094	44.5
14.8773134512756	1.45724343715852	44.5
14.8996143373056	1.43967889201594	44.5
14.9219189389468	1.42208039304318	44.5
14.9442272561992	1.40444794024025	44.5
14.9665392890629	1.38678153360715	44.5
14.9888550375377	1.36908117314388	44.5
15.0111745016238	1.35134685885044	44.5
15.0334976813212	1.33357859072683	44.5
15.0558245766297	1.31577636877305	44.5
15.0781551875494	1.2979401929891	44.5
15.1004895140804	1.28007006337498	44.5
15.1228275562226	1.26216597993068	44.5
15.145169313976	1.24422794265622	44.5
15.1675147873406	1.22625595155158	44.5
15.1898639763165	1.20825000661678	44.5
15.2122168809036	1.1902101078518	44.5
15.2345735011018	1.17213625525665	44.5
15.2569338369114	1.15402844883133	44.5
15.2792978883321	1.13588668857584	44.5
15.301665655364	1.11771097449019	44.5
15.3240371380072	1.09950130657435	44.5
15.3464123362616	1.08125768482835	44.5
15.3687912501272	1.06298010925218	44.5
15.391173879604	1.04466857984584	44.5
15.413560224692	1.02632309660933	44.5
15.4359502853913	1.00794365954264	44.5
15.4583440617018	0.989530268645789	44.5
15.4807415536235	0.971082923918764	44.5
15.5031427611564	0.952601625361567	44.5
15.5255476843005	0.934086372974199	44.5
15.5479563230559	0.915537166756662	44.5
15.5703686774225	0.896954006708954	44.5
15.5927847474003	0.878336892831077	44.5
15.6152045329893	0.859685825123025	44.5
15.6376280341895	0.841000803584804	44.5
15.660055251001	0.822281828216414	44.5
15.6824861834236	0.803528899017852	44.5
15.7049208314575	0.78474201598912	44.5
15.7273591951026	0.765921179130216	44.5
15.749801274359	0.747066388441142	44.5
15.7722470692265	0.728177643921899	44.5
15.7946965797053	0.709254945572482	44.5
15.8171498057953	0.690298293392897	44.5
15.8396067474965	0.671307687383139	44.5
15.8620674048089	0.652283127543212	44.5
15.8845317777325	0.633224613873113	44.5
15.9069998662674	0.614132146372845	44.5
15.9294716704135	0.595005725042406	44.5
15.9519471901708	0.575845349881793	44.5
15.9744264255393	0.556651020891012	44.5
15.9969093765191	0.53742273807006	44.5
16.01939604311	0.518160501418939	44.5
16.0418864253122	0.498864310937646	44.5
16.0643805231256	0.47953416662618	44.5
16.0868783365502	0.460170068484546	44.5
16.109379865586	0.44077201651274	44.5
16.1318851102331	0.421340010710765	44.5
16.1543940704914	0.401874051078616	44.5
16.1769067463609	0.382374137616297	44.5
16.1994231378416	0.362840270323811	44.5
16.2219432449335	0.343272449201151	44.5
16.2444670676367	0.323670674248322	44.5
16.266994605951	0.304034945465319	44.5
16.2895258598766	0.284365262852148	44.5
16.3120608294135	0.264661626408807	44.5
16.3345995145615	0.244924036135295	44.5
16.3571419153207	0.225152492031611	44.5
16.3796880316912	0.205346994097755	44.5
16.4022378636729	0.185507542333731	44.5
16.4247914112658	0.165634136739534	44.5
16.4473486744699	0.145726777315169	44.5
16.4699096532853	0.125785464060633	44.5
16.4924743477118	0.105810196975923	44.5
16.5150427577496	0.0858009760610443	44.5
16.5376148833986	0.0657578013159963	44.5
16.5601907246588	0.0456806727407759	44.5
16.5827702815303	0.025569590335385	44.5
16.6053535540129	0.00542455409982256	44.5
16.6279405421068	-0.0147544359659095	44.5
16.6505312458119	-0.0349673798618113	44.5
16.6731256651282	-0.0552142775878854	44.5
16.6957238000558	-0.0754951291441293	44.5
16.7183256505945	-0.0958099345305463	44.5
16.7409312167445	-0.116158693747131	44.5
16.7635404985057	-0.136541406793889	44.5
16.7861534958781	-0.156958073670815	44.5
16.8087702088617	-0.177408694377912	44.5
16.8313906374566	-0.197893268915182	44.5
16.8540147816627	-0.218411797282622	44.5
16.87664264148	-0.238964279480232	44.5
16.8992742169085	-0.259550715508012	44.5
16.9219095079482	-0.280171105365963	44.5
16.9445485145992	-0.300825449054087	44.5
16.9671912368613	-0.32151374657238	44.5
16.9898376747347	-0.342235997920843	44.5
17.0124878282193	-0.362992203099477	44.5
17.0351416973151	-0.383782362108281	44.5
17.0577992820222	-0.40460647494726	44.5
17.0804605823405	-0.425464541616406	44.5
17.1031255982699	-0.446356562115723	44.5
17.1257943298106	-0.467282536445211	44.5
17.1484667769626	-0.488242464604869	44.5
17.1711429397257	-0.509236346594701	44.5
17.1938228181001	-0.530264182414701	44.5
17.2165064120856	-0.551325972064872	44.5
17.2391937216824	-0.572421715545212	44.5
17.2618847468905	-0.593551412855724	44.5
17.2845794877097	-0.614715063996409	44.5
17.3072779441402	-0.635912668967263	44.5
17.3299801161818	-0.657144227768288	44.5
17.3526860038347	-0.678409740399483	44.5
17.3753956070988	-0.699709206860849	44.5
17.3981089259742	-0.721042627152387	44.5
17.4208259604607	-0.742410001274095	44.5
17.4435467105585	-0.763811329225972	44.5
17.4662711762675	-0.78524661100802	44.5
17.4889993575877	-0.806715846620239	44.5
17.5117312545191	-0.828219036062633	44.5
17.5344668670618	-0.849756179335194	44.5
17.5572061952157	-0.871327276437924	44.5
17.5799492389807	-0.892932327370827	44.5
17.6026959983571	-0.9145713321339	44.5
17.6254464733446	-0.936244290727146	44.5
17.6482006639433	-0.95795120315056	44.5
17.6709585701533	-0.979692069404145	44.5
17.6937201919745	-1.0014668894879	44.5
17.7164855294069	-1.02327566340183	44.5
17.7392545824505	-1.04511839114593	44.5
17.7620273511053	-1.06699507272019	44.5
17.7848038353714	-1.08890570812463	44.5
17.8075840352487	-1.11085029735924	44.5
17.8303679507372	-1.13282884042403	44.5
17.8531555818369	-1.15484133731898	44.5
17.8759469285478	-1.1768877880441	44.5
17.89874199087	-1.19896819259939	44.5
17.9215407688034	-1.22108255098485	44.5
17.944343262348	-1.24323086320049	44.5
17.9671494715038	-1.26541312924629	44.5
17.9899593962708	-1.28762934912227	44.5
18.0127730366491	-1.30987952282841	44.5
18.0355903926386	-1.33216365036473	44.5
18.0584114642392	-1.35448173173122	44.5
18.0812362514512	-1.37683376692788	44.5
18.1040647542743	-1.39921975595471	44.5
18.1268969727086	-1.42163969881171	44.5
18.1497329067542	-1.44409359549888	44.5
18.172572556411	-1.46658144601622	44.5
18.195415921679	-1.48910325036373	44.5
18.2182630025582	-1.51165900854142	44.5
18.2411137990487	-1.53424872054927	44.5
18.2639683111503	-1.55687238638729	44.5
18.2868265388632	-1.57953000605549	44.5
18.3096884821873	-1.60222157955385	44.5
18.3325541411226	-1.62494710688239	44.5
18.3554235156692	-1.6477065880411	44.5
18.378296605827	-1.67050002302998	44.5
18.4011734115959	-1.69332741184903	44.5
18.4240539329761	-1.71618875449825	44.5
18.4469381699676	-1.73908405097763	44.5
18.4698261225702	-1.76201330128719	44.5
18.492717790784	-1.78497650542693	44.5
18.5156131746091	-1.80797366339683	44.5
18.5385122740454	-1.8310047751969	44.5
18.5614150890929	-1.85406984082715	44.5
18.5843216197517	-1.87716886028756	44.5
18.6072318660216	-1.90030183357814	44.5
18.6301458279028	-1.9234687606989	44.5
18.6530635053952	-1.94666964164983	44.5
18.6759848984988	-1.96990447643093	44.5
18.6989100072136	-1.99317326504219	44.5
18.7218388315397	-2.01647600748363	44.5
18.744771371477	-2.03981270375524	44.5
18.7677076270254	-2.06318335385702	44.5
18.7906475981851	-2.08658795778897	44.5
18.8135912849561	-2.11002651555109	44.5
18.8365386873382	-2.13349902714339	44.5
18.8594898053316	-2.15700549256585	44.5
18.8824446389362	-2.18054591181849	44.5
18.905403188152	-2.20412028490129	44.5
18.928365452979	-2.22772861181426	44.5
18.9513314334172	-2.25137089255741	44.5
18.9743011294667	-2.27504712713073	44.5
18.9972745411274	-2.29875731553422	44.5
19.0202516683993	-2.32250145776787	44.5
19.0432325112824	-2.3462795538317	44.5
19.0662170697767	-2.3700916037257	44.5
19.0892053438823	-2.39393760744987	44.5
19.1121973335991	-2.41781756500421	44.5
19.1351930389271	-2.44173147638873	44.5
19.1581924598663	-2.46567934160341	44.5
19.1811955964167	-2.48966116064826	44.5
19.2042024485784	-2.51367693352329	44.5
19.2272130163513	-2.53772666022848	44.5
19.2502272997353	-2.56181034076385	44.5
19.2732452987307	-2.58592797512938	44.5
19.2962670133372	-2.61007956332509	44.5
19.3192924435549	-2.63426510535097	44.5
19.3423215893839	-2.65848460120702	44.5
19.3653544508241	-2.68273805089323	44.5
19.3883910278755	-2.70702545440962	44.5
19.4114313205381	-2.73134681175619	44.5
19.434475328812	-2.75570212293292	44.5
19.457523052697	-2.78009138793982	44.5
19.4805744921933	-2.80451460677689	44.5
19.5036296473008	-2.82897177944413	44.5
19.5266885180196	-2.85346290594155	44.5
19.5497511043495	-2.87798798626913	44.5
19.5728174062907	-2.90254702042689	44.5
19.595887423843	-2.92714000841482	44.5
19.6189611570066	-2.95176695023291	44.5
19.6420386057815	-2.97642784588118	44.5
19.6651197701675	-3.00112269535962	44.5
19.6882046501648	-3.02585149866823	44.5
19.7112932457732	-3.05061425580701	44.5
19.7343855569929	-3.07541096677596	44.5
19.7574815838239	-3.10024163157508	44.5
19.780581326266	-3.12510625020437	44.5
19.8036847843193	-3.15000482266384	44.5
19.8267919579839	-3.17493734895347	44.5
19.8499028472597	-3.19990382907327	44.5
19.8730174521467	-3.22490426302325	44.5
19.896135772645	-3.24993865080339	44.5
19.9192578087544	-3.27500699241371	44.5
19.9423835604751	-3.3001092878542	44.5
19.965513027807	-3.32524553712486	44.5
19.9886462107501	-3.35041574022569	44.5
20.0117831093044	-3.37561989715668	44.5
20.0349237234699	-3.40085800791785	44.5
20.0580680532467	-3.42613007250919	44.5
20.0812160986347	-3.45143609093071	44.5
20.1043678596339	-3.47677606318239	44.5
20.1275233362443	-3.50214998926424	44.5
20.150682528466	-3.52755786917627	44.5
20.1738454362988	-3.55299970291846	44.5
20.1970120597429	-3.57847549049082	44.5
20.2201823987982	-3.60398523189336	44.5
20.2433564534647	-3.62952892712607	44.5
20.2665342237425	-3.65510657618895	44.5
20.2897157096314	-3.68071817908199	44.5
20.3129009111316	-3.70636373580521	44.5
20.336089828243	-3.7320432463586	44.5
20.3592824609656	-3.75775671074216	44.5
20.3824788092995	-3.78350412895589	44.5
20.4056788732445	-3.80928550099979	44.5
20.4288826528008	-3.83510082687387	44.5
20.4520901479683	-3.86095010657811	44.5
20.475301358747	-3.88683334011253	44.5
20.4985162851369	-3.91275052747711	44.5
20.5217349271381	-3.93870166867186	44.5
20.5449572847505	-3.96468676369679	44.5
20.568183357974	-3.99070581255189	44.5
20.5914131468088	-4.01675881523716	44.5
20.6146466512549	-4.04284577175259	44.5
20.6378838713121	-4.0689666820982	44.5
20.6611248069806	-4.09512154627398	44.5
20.6843694582603	-4.12131036427993	44.5
20.7076178251512	-4.14753313611605	44.5
20.7308699076533	-4.17378986178234	44.5
20.7541257057666	-4.20008054127881	44.5
20.7773852194912	-4.22640517460544	44.5
20.800648448827	-4.25276376176225	44.5
20.823915393774	-4.27915630274922	44.5
20.8471860543322	-4.30558279756636	44.5
20.8704604305017	-4.33204324621368	44.5
20.8937385222823	-4.35853764869117	44.5
20.9170203296742	-4.38506600499883	44.5
20.9403058526773	-4.41162831513665	44.5
20.9635950912916	-4.43822457910465	44.5
20.9868880455171	-4.46485479690282	44.5
21.0101847153539	-4.49151896853116	44.5
21.0334851008019	-4.51821709398967	44.5
21.0567892018611	-4.54494917327836	44.5
21.0800970185315	-4.57171520639721	44.5
21.1034085508131	-4.59851519334623	44.5
21.126723798706	-4.62534913412543	44.5
21.15004276221	-4.65221702873479	44.5
21.1733654413253	-4.67911887717433	44.5
21.1966918360518	-4.70605467944403	44.5
21.2200219463896	-4.73302443554391	44.5
21.2433557723385	-4.76002814547396	44.5
21.2666933138987	-4.78706580923418	44.5
21.2900345710701	-4.81413742682457	44.5
21.3133795438527	-4.84124299824513	44.5
21.3367282322465	-4.86838252349586	44.5
21.3600806362515	-4.89555600257676	44.5
21.3834367558678	-4.92276343548783	44.5
21.4067965910953	-4.95000482222907	44.5
21.430160141934	-4.97728016280049	44.5
21.4535274083839	-5.00458945720207	44.5
21.476898390445	-5.03193270543383	44.5
21.5002730881174	-5.05930990749575	44.5
21.523651501401	-5.08672106338785	44.5
21.5470336302958	-5.11416617311011	44.5
21.5704194748018	-5.14164523666255	44.5
21.593809034919	-5.16915825404516	44.5
21.6172023106475	-5.19670522525794	44.5
21.6405993019872	-5.22428615030089	44.5
21.664000008938	-5.25190102917401	44.5
21.6874044315002	-5.2795498618773	44.5
21.7108125696735	-5.30723264841077	44.5
21.734224423458	-5.3349493887744	44.5
21.7576399928538	-5.3627000829682	44.5
21.7810592778608	-5.39048473099218	44.5
21.804482278479	-5.41830333284632	44.5
21.8279089947084	-5.44615588853064	44.5
21.8513394265491	-5.47404239804512	44.5
21.874773574001	-5.50196286138978	44.5
21.898211437064	-5.52991727856461	44.5
21.9216530157383	-5.55790564956961	44.5
21.9450983100239	-5.58592797440478	44.5
21.9685473199206	-5.61398425307012	44.5
21.9920000454286	-5.64207448556563	44.5
22.0154564865478	-5.67019867189131	44.5
22.0389166432782	-5.69835681204716	44.5
22.0623805156198	-5.72654890603319	44.5
22.0858481035726	-5.75477495384938	44.5
22.1093194071367	-5.78303495549574	44.5
22.132794426312	-5.81132891097228	44.5
22.1562731610985	-5.83965682027899	44.5
22.1797556114962	-5.86801868341586	44.5
22.2032417775051	-5.89641450038291	44.5
22.2267316591253	-5.92484427118013	44.5
22.2502252563566	-5.95330799580752	44.5
22.2737225691992	-5.98180567426508	44.5
22.2972235976531	-6.01033730655281	44.5
22.3207283417181	-6.03890289267071	44.5
22.3442368013943	-6.06750243261878	44.5
22.3677489766818	-6.09613592639702	44.5
22.3912648675805	-6.12480337400544	44.5
22.4147844740904	-6.15350477544402	44.5
22.4383077962115	-6.18224013071277	44.5
22.4618348339439	-6.2110094398117	44.5
22.4853655872875	-6.2398127027408	44.5
22.5089000562422	-6.26864991950006	44.5
22.5324382408082	-6.2975210900895	44.5
22.5559801409855	-6.32642621450911	44.5
22.5795257567739	-6.35536529275889	44.5
22.6030750881736	-6.38433832483884	44.5
22.6266281351845	-6.41334531074896	44.5
22.6501848978066	-6.44238625048925	44.5
22.6737453760399	-6.47146114405971	44.5
22.680945996475	-6.4801822306415	44.5
22.6883097166117	-6.48876604748283	44.5
22.6958339201554	-6.49720954479445	44.5
22.7035159337922	-6.50550972264199	44.5
22.7113530281394	-6.51366363201176	44.5
22.7193424187147	-6.5216683758586	44.5
22.7274812669256	-6.52952111013513	44.5
22.735766681078	-6.53721904480226	44.5
22.7441957174039	-6.54475944482045	44.5
22.7527653811067	-6.55213963112149	44.5
22.7614726274258	-6.55935698156031	44.5
22.7703143627179	-6.56640893184668	44.5
22.7792874455567	-6.57329297645624	44.5
22.7883886878485	-6.58000666952071	44.5
22.7976148559652	-6.58654762569692	44.5
22.8069626718933	-6.59291352101429	44.5
22.8164288143983	-6.59910209370052	44.5
22.8260099202048	-6.60511114498521	44.5
22.8357025851916	-6.61093853988103	44.5
22.8455033656009	-6.61658220794235	44.5
22.8554087792621	-6.62204014400076	44.5
22.8654153068289	-6.62731040887757	44.5
22.8755193930298	-6.63239113007278	44.5
22.8857174479309	-6.63728050243032	44.5
22.896005848212	-6.64197678877949	44.5
22.9063809384534	-6.6464783205521	44.5
22.916839032435	-6.65078349837535	44.5
22.9273764144458	-6.65489079264006	44.5
22.937989340604	-6.65879874404413	44.5
22.9486740401877	-6.66250596411105	44.5
22.9594267169739	-6.66601113568316	44.5
22.9702435505877	-6.66931301338971	44.5
22.9811206978596	-6.67241042408926	44.5
22.9920542941911	-6.67530226728655	44.5
23.0030404549274	-6.67798751552345	44.5
23.0140752767379	-6.68046521474405	44.5
23.025154839003	-6.68273448463362	44.5
23.0362752052069	-6.68479451893137	44.5
23.0474324243365	-6.68664458571692	44.5
23.058622532285	-6.68828402767036	44.5
23.0698415532603	-6.68971226230576	44.5
23.0810855011976	-6.69092878217816	44.5
23.0923503811759	-6.69193315506384	44.5
23.1036321908368	-6.69272502411389	44.5
23.1149269218071	-6.69330410798102	44.5
23.1262305611228	-6.69367020091949	44.5
23.1375390926545	-6.69382317285821	44.5
23.1488484985348	-6.69376296944698	44.5
23.1601547605858	-6.6934896120758	44.5
23.1714538617463	-6.69300319786722	44.5
23.1827417874995	-6.69230389964191	44.5
23.1940145272991	-6.6913919658572	44.5
23.2052680759944	-6.69026772051881	44.5
23.216498435253	-6.68893156306576	44.5
23.2277016149819	-6.68738396822843	44.5
23.2388736347445	-6.6856254858599	44.5
23.2500105251755	-6.68365674074058	44.5
23.2611083293908	-6.68147843235623	44.5
23.2721631043933	-6.67909133464947	44.5
23.2831709224741	-6.67649629574472	44.5
23.2941278726079	-6.67369423764696	44.5
23.3050300618424	-6.67068615591409	44.5
23.3158736166818	-6.66747311930323	44.5
23.3266546844627	-6.66405626939097	44.5
23.3373694347229	-6.66043682016784	44.5
23.3480140605627	-6.6566160576069	44.5
23.3585847799973	-6.65259533920689	44.5
23.3690778373004	-6.64837609350993	44.5
23.3794895043387	-6.64395981959391	44.5
23.3898160818965	-6.63934808653992	44.5
23.4000539009899	-6.63454253287478	44.5
23.4101993241705	-6.6295448659888	44.5
23.4202487468178	-6.62435686152923	44.5
23.4301985984199	-6.61898036276937	44.5
23.4400453438417	-6.61341727995361	44.5
23.4497854845816	-6.60766958961879	44.5
23.4594155600139	-6.60173933389192	44.5
23.4689321486186	-6.59562861976462	44.5
23.4783318691972	-6.58933961834452	44.5
23.4876113820737	-6.58287456408388	44.5
23.4967673902813	-6.57623575398571	44.5
23.5057966407339	-6.5694255467876	44.5
23.5146959253819	-6.56244636212376	44.5
23.5234620823517	-6.55530067966526	44.5
23.5320919970696	-6.54799103823906	44.5
23.5405826033679	-6.54052003492594	44.5
23.5489308845747	-6.53289032413782	44.5
23.5571338745853	-6.52510461667459	44.5
23.5651886589165	-6.51716567876106	44.5
23.5730923757419	-6.50907633106407	44.5
23.5808422169083	-6.50083944769032	44.5
23.5884354289342	-6.49245795516526	44.5
23.5958693139874	-6.48393483139328	44.5
23.6031412308441	-6.47527310459967	44.5
23.6102485958267	-6.46647585225471	44.5
23.6171888837224	-6.45754619998028	44.5
23.6239596286799	-6.4484873204393	44.5
23.6305584250858	-6.43930243220855	44.5
23.6369829284191	-6.42999479863507	44.5
23.6432308560844	-6.42056772667676	44.5
23.6492999882226	-6.41102456572739	44.5
23.6551881685002	-6.40136870642661	44.5
23.6608933048746	-6.39160357945526	44.5
23.6664133703381	-6.38173265431644	44.5
23.6717464036377	-6.37175943810285	44.5
23.6768905099721	-6.36168747425073	44.5
23.6818438616647	-6.35152034128088	44.5
23.6866046988133	-6.34126165152723	44.5
23.6911713299152	-6.3309150498534	44.5
23.695542132468	-6.32048421235769	44.5
23.6997155535465	-6.30997284506701	44.5
23.7036901103539	-6.2993846826201	44.5
23.7074643907491	-6.28872348694066	44.5
23.7110370537484	-6.27799304590075	44.5
23.7144068300016	-6.26719717197498	44.5
23.7175725222432	-6.25633970088594	44.5
23.7205330057177	-6.24542449024142	44.5
23.7232872285797	-6.23445541816379	44.5
23.7258342122667	-6.22343638191212	44.5
23.7281730518476	-6.21237129649752	44.5
23.7303029163438	-6.20126409329217	44.5
23.7322230490247	-6.19011871863245	44.5
23.7339327676762	-6.17893913241693	44.5
23.7354314648434	-6.16772930669935	44.5
23.7367186080464	-6.15649322427741	44.5
23.7377937399693	-6.1452348772777	44.5
23.7386564786228	-6.1339582657373	44.5
23.73930651748	-6.12266739618258	44.5
23.7397436255853	-6.11136628020575	44.5
23.7399676476361	-6.10005893303949	44.5
23.7399785040386	-6.08874937213042	44.5
23.7397761909354	-6.07744161571167	44.5
23.7393607802075	-6.06613968137525	44.5
23.7387324194483	-6.05484758464462	44.5
23.7378913319115	-6.04356933754799	44.5
23.7368378164313	-6.03230894719283	44.5
23.7355722473168	-6.02107041434223	44.5
23.7340950742188	-6.00985773199339	44.5
23.7324068219698	-5.99867488395896	44.5
23.7305080903977	-5.9875258434516	44.5
23.7283995541129	-5.97641457167231	44.5
23.7260819622682	-5.96534501640306	44.5
23.7235561382931	-5.95432111060411	44.5
23.7208229796007	-5.94334677101671	44.5
23.7178834572693	-5.93242589677146	44.5
23.7147386156971	-5.92156236800297	44.5
23.7113895722315	-5.91076004447129	44.5
23.7078375167717	-5.90002276419053	44.5
23.7040837113459	-5.88935434206525	44.5
23.7001294896635	-5.87875856853503	44.5
23.6959762566405	-5.86823920822776	44.5
23.6916254879009	-5.85779999862206	44.5
23.687078729252	-5.8474446487194	44.5
23.6823375961356	-5.83717683772628	44.5
23.6774037730538	-5.82700021374707	44.5
23.6722790129702	-5.81691839248781	44.5
23.6669651366879	-5.80693495597158	44.5
23.6614640322017	-5.79705345126584	44.5
23.6557776540279	-5.78727738922216	44.5
23.6499080225095	-5.77761024322884	44.5
23.6438572230988	-5.76805544797682	44.5
23.6376274056158	-5.75861639823934	44.5
23.6312207834851	-5.74929644766585	44.5
23.6246396329491	-5.74009890759039	44.5
23.6178862922592	-5.73102704585517	44.5
23.6109631608451	-5.72208408564946	44.5
23.6045497724022	-5.71408958858021	44.5
23.5974811038994	-5.70535895227971	44.5
23.5904134178225	-5.69662953058227	44.5
23.5820527126575	-5.68630308234999	44.5
23.5738018651473	-5.67611232624477	44.5
23.5672047866634	-5.66796417109347	44.5
23.5596310493468	-5.65860973364861	44.5
23.550993228819	-5.64794103661947	44.5
23.5412023931449	-5.63584824113397	44.5
23.5301684965224	-5.62222013303117	44.5
23.5178007729711	-5.60694460915395	44.5
23.5110882616892	-5.59865391065197	44.5
23.5040081300223	-5.58990916364149	44.5
23.4965490049877	-5.58069632174984	44.5
23.4886995424083	-5.57100137422195	44.5
23.4804484392154	-5.56081036111698	44.5
23.4717844457514	-5.55010938850498	44.5
23.462696378073	-5.53888464366352	44.5
23.4531731302536	-5.52712241027435	44.5
23.4432036866861	-5.51480908362	44.5
23.4327771343859	-5.50193118578049	44.5
23.4218826752935	-5.48847538082992	44.5
23.4105096385775	-5.47442849003313	44.5
23.3986474929372	-5.45977750704235	44.5
23.3862858589055	-5.44450961309383	44.5
23.3734145211516	-5.4286121922045	44.5
23.360023440784	-5.4120728463686	44.5
23.346102767653	-5.39487941075432	44.5
23.3316428526536	-5.37701996890046	44.5
23.3166342600285	-5.35848286791305	44.5
23.3010677796706	-5.33925673366203	44.5
23.284934439426	-5.31933048597785	44.5
23.2682255173967	-5.29869335384813	44.5
23.2509325542433	-5.27733489061433	44.5
23.233047365488	-5.25524498916834	44.5
23.2145620538172	-5.23241389714917	44.5
23.1954690213846	-5.20883223213959	44.5
23.1757609821135	-5.18449099686272	44.5
23.1554309739999	-5.15938159437875	44.5
23.1344723714155	-5.13349584328152	44.5
23.1128788974101	-5.10682599289521	44.5
23.0906446360144	-5.07936473847094	44.5
23.0677640445432	-5.05110523638346	44.5
23.0442319658978	-5.02204111932774	44.5
23.0200436408689	-4.99216651151568	44.5
22.9951947204395	-4.96147604387268	44.5
22.9696812780876	-4.92996486923432	44.5
22.9434998220888	-4.89762867754304	44.5
22.9166473078196	-4.86446371104469	44.5
22.8891211500598	-4.83046677948527	44.5
22.8609192352947	-4.79563527530674	44.5
22.8320399333504	-4.75996718801913	44.5
22.8024821019561	-4.72346110983364	44.5
22.7722450816198	-4.68611622932976	44.5
22.7413286885266	-4.64793232267819	44.5
22.7097332074145	-4.60890974483641	44.5
22.6774593844497	-4.56904942074435	44.5
22.6445084201032	-4.52835283652002	44.5
22.6108819620262	-4.48682203065514	44.5
22.5765820979259	-4.44445958521076	44.5
22.5416113484413	-4.40126861701291	44.5
22.5059726600192	-4.35725276884821	44.5
22.46966939779	-4.31241620065952	44.5
22.4327053384433	-4.26676358074159	44.5
22.3950846631039	-4.22030007693661	44.5
22.3568119502077	-4.17303134782996	44.5
22.3178921683774	-4.12496353394574	44.5
22.2783306692981	-4.07610324894247	44.5
22.2381331805937	-4.02645757080868	44.5
22.1973057987021	-3.97603403305854	44.5
22.1558549817514	-3.92484061592756	44.5
22.1137875424356	-3.87288573756812	44.5
22.0711106408904	-3.82017824524518	44.5
22.0278317775692	-3.76672740653186	44.5
21.9839587861187	-3.71254290050513	44.5
21.9394998262546	-3.65763480894136	44.5
21.8944633766379	-3.60201360751206	44.5
21.8488582277504	-3.54569015697938	44.5
21.8026934747703	-3.48867569439188	44.5
21.7559785104486	-3.43098182428005	44.5
21.7087230179844	-3.372620509852	44.5
21.6609369639011	-3.31360406418908	44.5
21.6126305909218	-3.25394514144152	44.5
21.5638144108456	-3.19365672802402	44.5
21.514499197423	-3.13275213381146	44.5
21.464695979232	-3.07124498333443	44.5
21.4144160325538	-3.00914920697497	44.5
21.3636708742488	-2.94647903216211	44.5
21.3124722546319	-2.88324897456757	44.5
21.260832150349	-2.81947382930133	44.5
21.2087627572524	-2.75516866210733	44.5
21.1562764832768	-2.69034880055904	44.5
21.103385941315	-2.62502982525512	44.5
21.0501039420936	-2.55922756101507	44.5
20.9964434870494	-2.49295806807482	44.5
20.9424177612044	-2.42623763328239	44.5
20.8880401260422	-2.35908276129352	44.5
20.8333241123837	-2.29151016576727	44.5
20.7782834132629	-2.22353676056175	44.5
20.7229318768024	-2.15517965092959	44.5
20.6672834990899	-2.08645612471371	44.5
20.6113524170535	-2.01738364354291	44.5
20.5551529013375	-1.94797983402747	44.5
20.4986993491786	-1.87826247895483	44.5
20.4420062772813	-1.80824950848519	44.5
20.3850883146942	-1.73795899134713	44.5
20.3279601956851	-1.66740912603332	44.5
20.2706367526177	-1.59661823199604	44.5
20.2131329088268	-1.52560474084288	44.5
20.1554636714942	-1.45438718753238	44.5
20.0976441245248	-1.38298420156959	44.5
20.0396894214221	-1.31141449820184	44.5
19.9816147781643	-1.23969686961418	44.5
19.9234354660799	-1.16785017612519	44.5
19.8651668047236	-1.09589333738251	44.5
19.8068241547521	-1.02384532355849	44.5
19.7484229108	-0.951725146545847	44.5
19.6899784943556	-0.87955185115328	44.5
19.6315063466367	-0.807344506301083	44.5
19.5730219214662	-0.735122196216846	44.5
19.5145406781486	-0.662904011631564	44.5
19.4560780743493	-0.590709040984578	44.5
19.3976495589809	-0.518556361643088	44.5
19.3392705650898	-0.446465031125598	44.5
19.2809565027447	-0.374454078325494	44.5
19.2227227519234	-0.302542494734434	44.5
19.1645846554005	-0.230749225665978	44.5
19.106557511635	-0.159093161479086	44.5
19.0486565676575	-0.0875931288015481	44.5
18.990897011958	-0.0162678817536044	44.5
18.9332939673731	0.0548639068286043	44.5
18.8758624839739	0.125783654169505	44.5
18.8186175319529	0.196472876330526	44.5
18.761573994512	0.266913196986708	44.5
18.7047466607497	0.337086356203074	44.5
18.6481502185488	0.406974219211122	44.5
18.5917992474636	0.476558785185413	44.5
18.5357082116077	0.545822196019895	44.5
18.4798914525411	0.614746745104562	44.5
18.4243631821583	0.683314886101813	44.5
18.3691374755751	0.751509241722948	44.5
18.3142282640164	0.81931261250475	44.5
18.2596493277039	0.886707985585867	44.5
18.2054142887432	0.953678543483303	44.5
18.1515366040114	1.02020767286901	44.5
18.0980295580449	1.08627897334621	44.5
18.0449062559264	1.15187626622605	44.5
17.9921796161727	1.21698360330394	44.5
17.939862363622	1.28158527563612	44.5
17.8879670223216	1.34566582231616	44.5
17.8365059084153	1.40921003925136	44.5
17.7854911230308	1.47220298793931	44.5
17.7349345451672	1.53463000424439	44.5
17.6848478245825	1.59647670717413	44.5
17.6352423746814	1.65772900765587	44.5
17.5861293654021	1.71837311731314	44.5
17.5375197161046	1.7783955572421	44.5
17.4894240884573	1.83778316678817	44.5
17.4418528793256	1.89652311232239	44.5
17.3948162136581	1.95460289601794	44.5
17.3483239373752	2.01201036462668	44.5
17.3023856102558	2.06873371825553	44.5
17.2570104988254	2.12476151914306	44.5
17.2122075692432	2.18008270043592	44.5
17.1679854801895	2.23468657496529	44.5
17.1243525757536	2.2885628440235	44.5
17.081316878321	2.34170160614031	44.5
17.0388860814609	2.3940933658596	44.5
16.9970675428137	2.44572904251574	44.5
16.9558682769786	2.49659997901007	44.5
16.915294948401	2.54669795058747	44.5
16.87535386426	2.59601517361273	44.5
16.8360509673557	2.64454431434712	44.5
16.797391828997	2.69227849772489	44.5
16.7593816418891	2.73921131612963	44.5
16.7220252130205	2.78533683817092	44.5
16.6853269565512	2.83064961746072	44.5
16.6492908866994	2.8751447013898	44.5
16.6139206106297	2.91881763990441	44.5
16.5792193213402	2.96166449428256	44.5
16.54518979055	3.00368184591063	44.5
16.5118343615868	3.04486680505984	44.5
16.4791549422744	3.08521701966266	44.5
16.4471529978201	3.12473068408943	44.5
16.415829543702	3.1634065479247	44.5
16.3851851385571	3.2012439247438	44.5
16.355219877068	3.23824270088934	44.5
16.3259333828511	3.2744033442476	44.5
16.2973248013435	3.30972691302513	44.5
16.2693927929346	3.34421506422433	44.5
16.2421355310131	3.377870056051	44.5
16.2155507106122	3.41069473724082	44.5
16.1896355605903	3.44269253202061	44.5
16.1643868559163	3.4738674249421	44.5
16.1398009299536	3.50422394571565	44.5
16.1158736867449	3.53376715404396	44.5
16.092600613297	3.56250262445588	44.5
16.069976791865	3.59043643114004	44.5
16.0479969122374	3.61757513277871	44.5
16.0266552840203	3.64392575738144	44.5
16.005945848922	3.66949578711885	44.5
15.9858621930378	3.69429314315633	44.5
15.9663975591348	3.71832617048785	44.5
15.9475448589358	3.74160362276958	44.5
15.9292966854046	3.76413464715375	44.5
15.9116453250302	3.7859287691223	44.5
15.8945827701116	3.80699587732066	44.5
15.8781007310423	3.82734620839149	44.5
15.862190648595	3.84699033180839	44.5
15.8468437062059	3.86593913470965	44.5
15.8320508422598	3.884203806732	44.5
15.8178027623741	3.90179582484433	44.5
15.8040899516841	3.91872693818146	44.5
15.790902687127	3.93500915287781	44.5
15.7782310497267	3.95065471690122	44.5
15.7660649368785	3.96567610488663	44.5
15.7543940746335	3.98008600296983	44.5
15.7432080299836	3.99389729362122	44.5
15.7324962231455	4.00712304047951	44.5
15.7222479398457	4.01977647318551	44.5
15.7124523436052	4.0318709722158	44.5
15.7030984880237	4.04342005371654	44.5
15.6941753290646	4.05443735433714	44.5
15.6856717373392	4.06493661606403	44.5
15.6775765103917	4.07493167105444	44.5
15.6698783849835	4.08443642647003	44.5
15.662566049378	4.09346484931074	44.5
15.6556281556251	4.10203095124846	44.5
15.6490533318458	4.11014877346079	44.5
15.636947360755	4.12509579995063	44.5
15.6261571493107	4.13841827199724	44.5
15.6165921140701	4.15022803426807	44.5
15.6081624680498	4.16063594756074	44.5
15.6007796138329	4.16975140348255	44.5
15.5943565366764	4.17768183913014	44.5
15.5863361171939	4.18758447453015	44.5
15.5800078154953	4.19539788600545	44.5
15.5725183747921	4.20464492656802	44.5
15.5661497723261	4.21250809258731	44.5
15.5597574926989	4.22040049216588	44.5
15.5527437435948	4.22906002714955	44.5
15.5462444929458	4.23708116266308	44.5
15.5398672826534	4.24494433853992	44.5
15.533505908732	4.25277837191955	44.5
15.5258550196605	4.26218612249429	44.5
15.5191716020233	4.27039077508145	44.5
15.5115979783292	4.27967276823717	44.5
15.5030600417063	4.29011680909761	44.5
15.4934819599001	4.30180845050415	44.5
15.4864805743842	4.31033846265532	44.5
15.4789593065571	4.31948672332913	44.5
15.4708946808545	4.32927873084385	44.5
15.4622630209281	4.33973990431515	44.5
15.4530404776525	4.35089553440492	44.5
15.4432030571312	4.36277073407023	44.5
15.4327266487033	4.37539038931217	44.5
15.4215870529499	4.3887791099248	44.5
15.4097600097007	4.40296118024398	44.5
15.3972212260405	4.41796050989632	44.5
15.3906773379587	4.42577400415079	44.5
15.3839464043153	4.43380058454806	44.5
15.377025391758	4.44204311247235	44.5
15.3699112701393	4.45050441665395	44.5
15.3626010133912	4.45918729163015	44.5
15.355091600401	4.46809449620614	44.5
15.3473800158863	4.4772287519159	44.5
15.33946325127	4.48659274148311	44.5
15.3313383055557	4.49618910728206	44.5
15.323002186203	4.50602044979854	44.5
15.3144519100024	4.51608932609074	44.5
15.3056845039508	4.52639824825019	44.5
15.2966970061265	4.5369496818626	44.5
15.2874864665645	4.54774604446882	44.5
15.2780499481318	4.55878970402573	44.5
15.2683845274021	4.5700829773671	44.5
15.2584872955318	4.58162812866455	44.5
15.2483553591347	4.59342736788844	44.5
15.237985841157	4.60548284926874	44.5
15.2273758817533	4.61779666975596	44.5
15.2165226391607	4.63037086748206	44.5
15.2054232905751	4.64320742022134	44.5
15.1940750330257	4.65630824385133	44.5
15.1824750842503	4.66967519081371	44.5
15.1706206835707	4.68331004857524	44.5
15.1585090927679	4.69721453808859	44.5
15.1461375969571	4.71139031225332	44.5
15.133503505463	4.72583895437673	44.5
15.120604152695	4.7405619766348	44.5
15.1074368990225	4.75556081853304	44.5
15.09399913165	4.77083684536748	44.5
15.0802882654923	4.78639134668548	44.5
15.0663017440497	4.80222553474668	44.5
15.0520370402832	4.81834054298392	44.5
15.0374916574898	4.8347374244641	44.5
15.0226631301776	4.8514171503491	44.5
15.0075490249411	4.8683806083567	44.5
14.9921469413362	4.88562860122147	44.5
14.9764545127556	4.90316184515565	44.5
14.960469407304	4.9209809683101	44.5
14.9441893286731	4.93908650923517	44.5
14.9276120170172	4.95747891534159	44.5
14.9107352498278	4.97615854136143	44.5
14.8935568428094	4.99512564780895	44.5
14.8760746507545	5.0143803994415	44.5
14.8582865684185	5.03392286372047	44.5
14.8401905313953	5.05375300927216	44.5
14.8217845169924	5.07387070434868	44.5
14.803066545106	5.09427571528887	44.5
14.7840346790964	5.11496770497918	44.5
14.7646870266628	5.13594623131461	44.5
14.7450217407189	5.15721074565958	44.5
14.7250370202681	5.17876059130883	44.5
14.7047311112784	5.20059500194835	44.5
14.6841023075579	5.22271310011628	44.5
14.6631489516298	5.24511389566377	44.5
14.6418694356077	5.26779628421595	44.5
14.6202622020707	5.29075904563277	44.5
14.5983257449389	5.31400084246995	44.5
14.5760586103482	5.33752021843986	44.5
14.5534593975258	5.36131559687242	44.5
14.5305267596652	5.38538527917602	44.5
14.5072594048016	5.4097274432984	44.5
14.4836560966868	5.43434014218757	44.5
14.4597156556649	5.45922130225272	44.5
14.4354369595469	5.48436872182511	44.5
14.4108189444865	5.50978006961895	44.5
14.3858606058548	5.53545288319236	44.5
14.3605609991158	5.56138456740822	44.5
14.3349192407015	5.5875723928951	44.5
14.3089345088805	5.61401349452836	44.5
14.2826060444033	5.64070487061245	44.5
14.2559331504706	5.66764338418166	44.5
14.2289151923855	5.69482576529151	44.5
14.20155159719	5.7222486133597	44.5
14.1738418533018	5.74990839950717	44.5
14.1457855101501	5.77780146889915	44.5
14.1173821778126	5.80592404308613	44.5
14.0886315266517	5.83427222234491	44.5
14.0595332869512	5.86284198801963	44.5
14.0300872485521	5.89162920486276	44.5
14.0002932604899	5.92062962337621	44.5
13.9701512306303	5.9498388821522	44.5
13.9396611253063	5.97925251021446	44.5
13.9088229689541	6.00886592935911	44.5
13.8776368437496	6.03867445649578	44.5
13.8461028892455	6.06867330598857	44.5
13.8142213020068	6.0988575919971	44.5
13.7819923352479	6.12922233081755	44.5
13.7494162984689	6.15976244322365	44.5
13.7164935570917	6.19047275680773	44.5
13.6832245320971	6.22134800832171	44.5
13.6496096996606	6.25238284601816	44.5
13.6156495907893	6.28357183199134	44.5
13.581344790958	6.31490944451813	44.5
13.5466959397461	6.34639008039916	44.5
13.5117037304734	6.37800805729976	44.5
13.4763689098371	6.40975761609105	44.5
13.4406922775481	6.4416329231909	44.5
13.4046746859673	6.47362807290498	44.5
13.3683170397421	6.50573708976779	44.5
13.331620295443	6.53795393088367	44.5
13.2945854611999	6.57027248826782	44.5
13.2572135963385	6.60268659118737	44.5
13.2195058110169	6.63519000850233	44.5
13.181463265862	6.66777645100666	44.5
13.1430871716057	6.70043957376928	44.5
13.1043787887218	6.73317297847511	44.5
13.065339427062	6.76597021576607	44.5
13.0259704454929	6.79882478758211	44.5
12.9862732515316	6.83173014950223	44.5
12.946249300983	6.86467971308555	44.5
12.9059000975757	6.89766684821224	44.5
12.8652271925987	6.93068488542463	44.5
12.8242321845379	6.96372711826818	44.5
12.7829167187121	6.99678680563256	44.5
12.74128248691	7.02985717409259	44.5
12.6993312270263	7.06293142024936	44.5
12.6570647226984	7.09600271307114	44.5
12.6144848029426	7.12906419623454	44.5
12.5715933417906	7.16210899046539	44.5
12.528392257926	7.19513019587991	44.5
12.4848835143208	7.22812089432559	44.5
12.4410691178718	7.26107415172232	44.5
12.3969511190369	7.29398302040335	44.5
12.3525316114717	7.32684054145636	44.5
12.3078127316661	7.35963974706445	44.5
12.2627966585802	7.39237366284718	44.5
12.2174856132815	7.42503531020157	44.5
12.1718818585807	7.45761770864318	44.5
12.1259876986685	7.49011387814704	44.5
12.0798054787518	7.52251684148879	44.5
12.0333375846905	7.55481962658559	44.5
11.9865864426335	7.58701526883721	44.5
11.9395545186556	7.61909681346707	44.5
11.8922443183936	7.65105731786317	44.5
11.8446583866828	7.68288985391924	44.5
11.7967993071937	7.71458751037566	44.5
11.748669702068	7.74614339516053	44.5
11.7002722315556	7.77755063773069	44.5
11.6516095936505	7.80880239141272	44.5
11.6026845237276	7.83989183574402	44.5
11.5534997941791	7.87081217881377	44.5
11.5040582140507	7.90155665960397	44.5
11.4543626286784	7.93211855033048	44.5
11.4044159193246	7.96249115878406	44.5
11.354221002815	7.99266783067135	44.5
11.3037808311745	8.0226419519559	44.5
11.2530983912639	8.05240695119923	44.5
11.2021767044165	8.08195630190181	44.5
11.1510188260745	8.11128352484411	44.5
11.099627845425	8.14038219042763	44.5
11.048006885037	8.16924592101588	44.5
10.9961591004977	8.19786839327545	44.5
10.9440876800487	8.22624334051704	44.5
10.8917958442228	8.25436455503643	44.5
10.8392868454801	8.28222589045552	44.5
10.7865639678447	8.3098212640634	44.5
10.7336305265411	8.33714465915733	44.5
10.6804898676306	8.36419012738376	44.5
10.6271453676476	8.39095179107939	44.5
10.5736004332364	8.41742384561215	44.5
10.5198585007874	8.44360056172225	44.5
10.4659230360733	8.4694762878632	44.5
10.4117975338863	8.49504545254284	44.5
10.3574855176737	8.52030256666432	44.5
10.302990539175	8.5452422258672	44.5
10.2483161780578	8.5698591128684	44.5
10.1934660415546	8.59414799980327	44.5
10.1384437640993	8.61810375056659	44.5
10.0832530069634	8.64172132315361	44.5
10.0278974578925	8.66499577200104	44.5
9.97238083074288	8.68792225032814	44.5
9.91670686511774	8.71049601247766	44.5
9.86087932600386	8.73271241625694	44.5
9.80490200340794	8.75456692527885	44.5
9.74877871199302	8.77605511130291	44.5
9.69251329071497	8.79717265657625	44.5
9.63610960245894	8.81791535617463	44.5
9.57957153367576	8.8382791203435	44.5
9.52290299401843	8.85825997683901	44.5
9.46610791597854	8.877854073269	44.5
9.40919025452274	8.89705767943409	44.5
9.35215398672916	8.91586718966863	44.5
9.29500311142384	8.93427912518178	44.5
9.23774164881724	8.95229013639851	44.5
9.18037364014062	8.96989700530062	44.5
9.1229031472825	8.98709664776777	44.5
9.06533425242516	9.0038861159185	44.5
9.00767105768098	9.02026260045126	44.5
8.94991768472899	9.03622343298542	44.5
8.89207827445125	9.05176608840233	44.5
8.83415698656931	9.06688818718627	44.5
8.77615799928069	9.08158749776557	44.5
8.71808550889526	9.09586193885353	44.5
8.65994372947175	9.10970958178955	44.5
8.60173689245412	9.12312865288006	44.5
8.54346924630813	9.13611753573959	44.5
8.48514505615763	9.1486747736318	44.5
8.42676860342113	9.16079907181049	44.5
8.36834418544816	9.17248929986057	44.5
8.30987611514669	9.18374449393449	44.5
8.25136872048757	9.19456385757095	44.5
8.19282634380756	9.20494676019121	44.5
8.13425334106209	9.21489273501593	44.5
8.07565408107733	9.22440147697213	44.5
8.01703294480202	9.23347284060024	44.5
7.95839432455945	9.24210683796101	44.5
7.89974262329945	9.25030363654256	44.5
7.84108225385026	9.25806355716735	44.5
7.78241763817057	9.26538707189912	44.5
7.72375320660137	9.27227480194996	44.5
7.66509339711797	9.27872751558719	44.5
7.60644265458193	9.28474612604047	44.5
7.54780542999298	9.29033168940866	44.5
7.489186179741	9.29548540256692	44.5
7.43058936485794	9.3002086010736	44.5
7.3720194502698	9.30450275707728	44.5
7.31348090404854	9.30836947722377	44.5
7.25497819666405	9.31181050056302	44.5
7.1965158002361	9.31482769645621	44.5
7.13809818778627	9.31742306248265	44.5
7.07972983248991	9.3195987223468	44.5
7.0214152069281	9.32135692378526	44.5
6.96315878233955	9.32270003647375	44.5
6.9049650278726	9.32363054993409	44.5
6.84683840983715	9.32415107144121	44.5
6.78878339095659	9.32426432393008	44.5
6.73080442961975	9.32397314390278	44.5
6.67290597913289	9.3232804793354	44.5
6.61509248697158	9.32218938758508	44.5
6.55736839403271	9.320703033297	44.5
6.49973813388639	9.31882468631132	44.5
6.44220613202792	9.3165577195702	44.5
6.38477680512973	9.31390560702479	44.5
6.32745456029336	9.3108719215422	44.5
6.27024379430132	9.30746033281248	44.5
6.21314889286916	9.30367460525563	44.5
6.1561742298973	9.29951859592857	44.5
6.09932416672305	9.29499625243212	44.5
6.04260305137255	9.29011161081801	44.5
5.98601521781267	9.28486879349585	44.5
5.92956498520302	9.2792720071401	44.5
5.87325665714787	9.27332554059708	44.5
5.81709452094806	9.26703376279196	44.5
5.76108284685302	9.26040112063572	44.5
5.70522588731267	9.25343213693216	44.5
5.64952787622936	9.24613140828486	44.5
5.59399302820985	9.23850360300421	44.5
5.53862553781723	9.23055345901435	44.5
5.48342957882291	9.22228578176016	44.5
5.42840930345849	9.2137054421143	44.5
5.37356884166778	9.20481737428413	44.5
5.31891230035872	9.19562657371871	44.5
5.2644437626553	9.18613809501583	44.5
5.21016728714959	9.17635704982893	44.5
5.15608690715357	9.16628860477414	44.5
5.10220662995117	9.15593797933727	44.5
5.04853043605019	9.1453104437807	44.5
4.99506227843423	9.13441131705052	44.5
4.94180608181466	9.12324596468338	44.5
4.88876574188255	9.11181979671354	44.5
4.83594512456063	9.10013826557985	44.5
4.78334806525523	9.08820686403274	44.5
4.73097836810822	9.07603112304118	44.5
4.67883980524898	9.0636166096997	44.5
4.62693611604633	9.05096892513535	44.5
4.57527100636049	9.0380937024147	44.5
4.52384814779499	9.02499660445081	44.5
4.47267117694867	9.01168332191024	44.5
4.4217436946676	8.99815957112001	44.5
4.37106926529701	8.98443109197462	44.5
4.32065141593329	8.97050364584299	44.5
4.27049363567586	8.95638301347547	44.5
4.22059937487922	8.94207499291087	44.5
4.17097204440477	8.92758539738335	44.5
4.12161501487289	8.91292005322949	44.5
4.07253161591477	8.89808479779522	44.5
4.02372513542444	8.88308547734286	44.5
3.97519881881068	8.86792794495805	44.5
3.92695586824898	8.85261805845678	44.5
3.87899944193347	8.83716167829235	44.5
3.83133265332888	8.82156466546237	44.5
3.78395857042249	8.80583287941574	44.5
3.73688021497609	8.78997217595961	44.5
3.69010056177787	8.77398840516643	44.5
3.64362253789445	8.75788740928089	44.5
3.59744902192275	8.74167502062689	44.5
3.551582843242	8.72535705951458	44.5
3.50602678126563	8.70893933214729	44.5
3.46078356469328	8.69242762852856	44.5
3.41585587076269	8.67582772036909	44.5
3.37124632450168	8.65914535899378	44.5
3.32695749798008	8.64238627324863	44.5
3.28299190956169	8.62555616740781	44.5
3.23935202315622	8.6086607190806	44.5
3.19604024747125	8.59170557711838	44.5
3.15305893526415	8.57469635952164	44.5
3.11041038259406	8.55763865134694	44.5
3.0680968280738	8.54053800261391	44.5
3.02612045212186	8.52339992621222	44.5
2.98448337621431	8.50622989580858	44.5
2.94318766213679	8.48903334375374	44.5
2.90223531123638	8.47181565898943	44.5
2.86162826367365	8.45458218495541	44.5
2.82136839767451	8.43733821749639	44.5
2.78145752878224	8.42008900276905	44.5
2.74189740910937	8.40283973514905	44.5
2.70268972658967	8.38559555513796	44.5
2.66383610423008	8.36836154727028	44.5
2.62533809936265	8.35114273802043	44.5
2.58719720289652	8.33394409370972	44.5
2.54941483856983	8.31677051841334	44.5
2.51199236220167	8.29962685186736	44.5
2.47493106094406	8.28251786737568	44.5
2.43823215253388	8.26544826971708	44.5
2.40189678454478	8.24842269305212	44.5
2.3659260336392	8.23144569883021	44.5
2.33032090482025	8.21452177369652	44.5
2.2950823306837	8.19765532739905	44.5
2.26021117066991	8.18085069069554	44.5
2.22570821031576	8.16411211326047	44.5
2.19157416050666	8.14744376159211	44.5
2.15780965672841	8.13084971691943	44.5
2.12441525831921	8.1143339731091	44.5
2.09139144772158	8.09790043457251	44.5
2.05873862973434	8.08155291417273	44.5
2.02645713076449	8.06529513113151	44.5
1.99454719807925	8.04913070893623	44.5
1.96300899905791	8.03306317324695	44.5
1.93184262044385	8.01709594980332	44.5
1.90104806759723	8.00123236233302	44.5
1.87062526387812	7.98547563069085	44.5
1.84057405085151	7.96982887045294	44.5
1.81089418923775	7.95429509383029	44.5
1.78158535995599	7.93887721074707	44.5
1.75264716516785	7.92357802991933	44.5
1.72407912932117	7.9084002599337	44.5
1.69588070019364	7.89334651032615	44.5
1.66805124993656	7.87841929266069	44.5
1.64059007611848	7.86362102160806	44.5
1.61349640276895	7.84895401602453	44.5
1.58676938142219	7.83442050003055	44.5
1.56040809216079	7.8200226040895	44.5
1.5344115446594	7.80576236608641	44.5
1.50877867922847	7.79164173240668	44.5
1.48350836785788	7.77766255901481	44.5
1.45859941526068	7.76382661253311	44.5
1.43405055991681	7.75013557132043	44.5
1.40986047511674	7.73659102655087	44.5
1.38602777000521	7.72319448329251	44.5
1.36255099062489	7.70994736158613	44.5
1.33942862096015	7.69685099752395	44.5
1.31665908398065	7.68390664432831	44.5
1.29424074268515	7.67111547343042	44.5
1.27217190114513	7.65847857554911	44.5
1.25045080554851	7.64599696176948	44.5
1.22907564524337	7.63367156462167	44.5
1.20804455378159	7.62150323915959	44.5
1.18735560996263	7.60949276403961	44.5
1.16700683887717	7.59764084259929	44.5
1.14699621295079	7.58594810393613	44.5
1.12732165298775	7.57441510398625	44.5
1.1079810292146	7.56304232660314	44.5
1.08897216232393	7.55183018463638	44.5
1.07029282451804	7.54077902101032	44.5
1.05194074055267	7.52988910980288	44.5
1.03391358878065	7.51916065732421	44.5
1.01620900219566	7.50859380319543	44.5
0.998824569475851	7.49818862142734	44.5
0.981757836027621	7.48794512149918	44.5
0.965006305029259	7.47786324943729	44.5
0.948567438474663	7.46794288889389	44.5
0.932438658217036	7.45818386222578	44.5
0.91661734701258	7.44858593157304	44.5
0.901100849564198	7.4391487999378	44.5
0.88588647356519	7.4298721122629	44.5
0.870971490742948	7.42075545651067	44.5
0.85635313790266	7.41179836474162	44.5
0.842028617971001	7.40300031419315	44.5
0.827995101039835	7.39436072835833	44.5
0.81424972540991	7.38587897806453	44.5
0.800789598634559	7.37755438255224	44.5
0.787611798563395	7.36938621055371	44.5
0.774713374386007	7.36137368137174	44.5
0.762091347675665	7.35351596595833	44.5
0.749742713433008	7.34581218799346	44.5
0.73766444112975	7.33826142496381	44.5
0.725853475752372	7.33086270924142	44.5
0.714306738845823	7.3236150291625	44.5
0.703021129557216	7.31651733010607	44.5
0.691993525679528	7.30956851557274	44.5
0.681220784695294	7.3027674482634	44.5
0.670699744820307	7.29611295115795	44.5
0.660427226047317	7.28960380859404	44.5
0.650400031189726	7.28323876734575	44.5
0.640614946925287	7.27701653770236	44.5
0.631068744839801	7.27093579454703	44.5
0.621758182470816	7.26499517843555	44.5
0.612680004351324	7.25919329667505	44.5
0.603830943053458	7.25352872440272	44.5
0.595207720232192	7.24800000566454	44.5
0.57862562831573	7.2373441559908	44.5
0.562907323159021	7.22721351918875	44.5
0.548026291441228	7.2175954383721	44.5
0.533955945361925	7.20847686275236	44.5
0.520669656039422	7.19984438215802	44.5
0.508140786909088	7.19168426155356	44.5
0.496342727121684	7.18398247555858	44.5
0.485248924941683	7.17672474296693	44.5
0.474832921145601	7.16989656126574	44.5
0.46506838242032	7.16348324115455	44.5
0.455929134761417	7.15746994106439	44.5
0.447389196871491	7.1518417016769	44.5
0.435646726415611	7.14408841157455	44.5
0.425109020811711	7.13711671320651	44.5
0.415691853648411	7.13087568440614	44.5
0.407312819488764	7.12531468066499	44.5
0.397617134538287	7.11887133548507	44.5
0.387613101268068	7.11221504430144	44.5
0.378264877598426	7.10598994442345	44.5
0.369429947805355	7.10010466106221	44.5
0.360941367798935	7.09444990117327	44.5
