-27.9155269930011	23.5386347934096	44.5
-27.9238583882786	23.533008847103	44.5
-27.9321184298785	23.5272786523521	44.5
-27.9403058134445	23.5214451140211	44.5
-27.9484192460938	23.5155091532934	44.5
-27.9564574466213	23.5094717075259	44.5
-27.9644191457019	23.5033337301013	44.5
-27.9723030860911	23.4970961902775	44.5
-27.9801080228234	23.4907600730342	44.5
-27.9878327234087	23.4843263789178	44.5
-27.9954759680272	23.4777961238832	44.5
-28.003036549722	23.4711703391334	44.5
-28.0105132745897	23.4644500709565	44.5
-28.0179049619687	23.4576363805609	44.5
-28.0252104446258	23.4507303439073	44.5
-28.0324285689407	23.4437330515388	44.5
-28.0395581950879	23.4366456084091	44.5
-28.0465981972168	23.4294691337076	44.5
-28.0535474636293	23.4222047606829	44.5
-28.0604048969558	23.4148536364636	44.5
-28.0671694143281	23.4074169218775	44.5
-28.0738399475505	23.399895791268	44.5
-28.0804154432684	23.3922914323088	44.5
-28.0868948631348	23.3846050458165	44.5
-28.0932771839742	23.3768378455604	44.5
-28.0995613979442	23.3689910580716	44.5
-28.1057465126946	23.3610659224488	44.5
-28.1118315515239	23.3530636901627	44.5
-28.1178155535342	23.3449856248586	44.5
-28.123697573782	23.3368330021567	44.5
-28.1294766834282	23.3286071094505	44.5
-28.1351519698843	23.320309245704	44.5
-28.1407225369569	23.311940721246	44.5
-28.1461875049888	23.3035028575634	44.5
-28.1515460109983	23.2949969870929	44.5
-28.1567972088151	23.2864244530099	44.5
-28.1619402692142	23.2777866090169	44.5
-28.1669743800468	23.2690848191297	44.5
-28.1718987463683	23.2603204574618	44.5
-28.1767125905643	23.2514949080074	44.5
-28.181415152473	23.2426095644231	44.5
-28.1860056895053	23.2336658298077	44.5
-28.1904834767622	23.2246651164806	44.5
-28.1948478071492	23.2156088457587	44.5
-28.1990979914879	23.2064984477321	44.5
-28.203233358625	23.1973353610384	44.5
-28.207253255538	23.1881210326351	44.5
-28.2111570474387	23.1788569175715	44.5
-28.214944117873	23.1695444787587	44.5
-28.2186138688185	23.1601851867389	44.5
-28.2221657207792	23.1507805194526	44.5
-28.2255991128764	23.141331962006	44.5
-28.2289135029377	23.1318410064357	44.5
-28.2321083675824	23.1223091514737	44.5
-28.2351832023044	23.1127379023103	44.5
-28.2381375215517	23.1031287703568	44.5
-28.240970858803	23.0934832730064	44.5
-28.2436827666414	23.083802933395	44.5
-28.2462728168254	23.0740892801606	44.5
-28.248740600356	23.0643438472014	44.5
-28.2510857275415	23.0545681734344	44.5
-28.2533078280592	23.0447638025517	44.5
-28.2554065510136	23.0349322827772	44.5
-28.2573815649921	23.0250751666219	44.5
-28.259232558117	23.0151940106386	44.5
-28.2609592380952	23.0052903751763	44.5
-28.2625613322637	22.9953658241341	44.5
-28.2640385876333	22.9854219247134	44.5
-28.2653907709284	22.9754602471714	44.5
-28.2666176686235	22.9654823645723	44.5
-28.2677190869772	22.9554898525395	44.5
-28.2686948520628	22.9454842890065	44.5
-28.2695448097957	22.9354672539677	44.5
-28.2702688259577	22.9254403292292	44.5
-28.2708667862182	22.9154050981585	44.5
-28.2713385961525	22.905363145435	44.5
-28.2716841812561	22.8953160567994	44.5
-28.2719034869574	22.8852654188035	44.5
-28.2719964786252	22.8752128185595	44.5
-28.2719631415752	22.8651598434896	44.5
-28.2718034810717	22.855108081075	44.5
-28.271517522327	22.8450591186056	44.5
-28.2711053104971	22.835014542929	44.5
-28.2705669106752	22.8249759402002	44.5
-28.2699024078809	22.8149448956309	44.5
-28.2691119070467	22.8049229932393	44.5
-28.268195533002	22.7949118156	44.5
-28.2671534304529	22.784912943594	44.5
-28.2659857639593	22.7749279561591	44.5
-28.2646927179095	22.7649584300405	44.5
-28.2632744964903	22.7550059395421	44.5
-28.2617313236554	22.7450720562774	44.5
-28.2600634430896	22.7351583489217	44.5
-28.2582711181707	22.7252663829644	44.5
-28.2563546319274	22.7153977204616	44.5
-28.2543142869952	22.7055539197894	44.5
-28.2521504055683	22.6957365353982	44.5
-28.2498633293485	22.6859471175667	44.5
-28.2474534194917	22.6761872121574	44.5
-28.2449210565507	22.6664583603726	44.5
-28.2422666404148	22.6567620985108	44.5
-28.2394905902472	22.6470999577241	44.5
-28.2365933444184	22.6374734637765	44.5
-28.233575360437	22.6278841368031	44.5
-28.2304371148777	22.6183334910697	44.5
-28.227179103306	22.6088230347339	44.5
-28.2238018401995	22.5993542696072	44.5
-28.2203058588673	22.5899286909173	44.5
-28.2166917113653	22.5805477870723	44.5
-28.2129599684094	22.5712130394257	44.5
-28.2091112192849	22.5619259220423	44.5
-28.2051460717541	22.5526879014656	44.5
-28.2010651519597	22.5435004364863	44.5
-28.1968691043261	22.5343649779115	44.5
-28.1925585914581	22.525282968336	44.5
-28.1881342940354	22.5162558419144	44.5
-28.1835969107061	22.5072850241346	44.5
-28.1789471579755	22.4983719315928	44.5
-28.1741857700934	22.4895179717695	44.5
-28.1693134989382	22.4807245428077	44.5
-28.164331113898	22.4719930332918	44.5
-28.1592394017492	22.4633248220283	44.5
-28.1540391665322	22.4547212778282	44.5
-28.1487312294242	22.446183759291	44.5
-28.1433164286103	22.4377136145897	44.5
-28.1377956191501	22.4293121812584	44.5
-28.1321696728435	22.4209807859809	44.5
-28.1264394780926	22.412720744381	44.5
-28.1206059397616	22.404533360815	44.5
-28.1146699790339	22.3964199281657	44.5
-28.1086325332664	22.3883817276382	44.5
-28.1024945558418	22.3804200285576	44.5
-28.096257016018	22.3725360881683	44.5
-28.0899208987747	22.3647311514361	44.5
-28.0834872046583	22.3570064508508	44.5
-28.0769569496237	22.3493632062323	44.5
-28.0703311648739	22.3418026245375	44.5
-28.063610896697	22.3343258996698	44.5
-28.0567972063015	22.3269342122908	44.5
-28.0498911696478	22.3196287296337	44.5
-28.0428938772793	22.3124106053188	44.5
-28.0358064341496	22.3052809791716	44.5
-28.0286299594481	22.2982409770427	44.5
-28.0213655864234	22.2912917106302	44.5
-28.0140144622041	22.2844342773037	44.5
-28.006577747618	22.2776697599314	44.5
-27.9990566170085	22.270999226709	44.5
-27.9914522580493	22.2644237309911	44.5
-27.983765871557	22.2579443111247	44.5
-27.9759986713009	22.2515619902853	44.5
-27.9681518838121	22.2452777763153	44.5
-27.9602267481893	22.2390926615649	44.5
-27.9522245159032	22.2330076227355	44.5
-27.9441464505991	22.2270236207253	44.5
-27.9359938278972	22.2211416004775	44.5
-27.9277679351911	22.2153624908313	44.5
-27.9194700714445	22.2096872043752	44.5
-27.9111015469865	22.2041166373026	44.5
-27.9026636833039	22.1986516692706	44.5
-27.8941578128334	22.1932931632612	44.5
-27.8855852787504	22.1880419654444	44.5
-27.8769474347574	22.1828989050453	44.5
-27.8682456448702	22.1778647942127	44.5
-27.8594812832023	22.1729404278912	44.5
-27.8506557337479	22.1681265836952	44.5
-27.8417703901636	22.1634240217865	44.5
-27.8328266555482	22.1588334847542	44.5
-27.8238259422211	22.1543556974973	44.5
-27.8147696714992	22.1499913671103	44.5
-27.8056592734726	22.1457411827716	44.5
-27.7964961867789	22.1416058156345	44.5
-27.7872818583756	22.1375859187215	44.5
-27.778017743312	22.1336821268208	44.5
-27.7687053044992	22.1298950563865	44.5
-27.7593460124794	22.1262253054409	44.5
-27.7499413451932	22.1226734534803	44.5
-27.7404927877465	22.1192400613831	44.5
-27.7310018321762	22.1159256713218	44.5
-27.7214699772142	22.1127308066771	44.5
-27.7118987280508	22.1096559719551	44.5
-27.7022895960973	22.1067016527078	44.5
-27.6926440987469	22.1038683154565	44.5
-27.6829637591356	22.101156407618	44.5
-27.6732501059011	22.0985663574341	44.5
-27.6635046729419	22.0960985739035	44.5
-27.6537289991749	22.093753446718	44.5
-27.6439246282922	22.0915313462003	44.5
-27.6340931085178	22.0894326232459	44.5
-27.6242359923624	22.0874576092674	44.5
-27.6143548363791	22.0856066161425	44.5
-27.6044512009169	22.0838799361643	44.5
-27.5945266498746	22.0822778419958	44.5
-27.5845827504539	22.0808005866261	44.5
-27.5746210729119	22.0794484033311	44.5
-27.5646431903128	22.078221505636	44.5
-27.55465067828	22.0771200872823	44.5
-27.544645114747	22.0761443221967	44.5
-27.5346280797082	22.0752943644638	44.5
-27.5246011549697	22.0745703483018	44.5
-27.514565923899	22.0739723880413	44.5
-27.5045239711755	22.073500578107	44.5
-27.4944768825399	22.0731549930034	44.5
-27.484426244544	22.0729356873021	44.5
-27.4743736443	22.0728426956343	44.5
-27.4643206692301	22.0728760326843	44.5
-27.4542689068155	22.0730356931877	44.5
-27.4442199443461	22.0733216519325	44.5
-27.4341753686695	22.0737338637624	44.5
-27.4241367659407	22.0742722635843	44.5
-27.4141057213714	22.0749367663786	44.5
-27.4040838189798	22.0757272672128	44.5
-27.3940726413405	22.0766436412575	44.5
-27.3840737693345	22.0776857438066	44.5
-27.3740887818996	22.0788534103002	44.5
-27.364119255781	22.08014645635	44.5
-27.3541667652826	22.0815646777692	44.5
-27.3442328820179	22.0831078506041	44.5
-27.3343191746622	22.0847757311698	44.5
-27.3244272087049	22.0865680560888	44.5
-27.3145585462021	22.0884845423321	44.5
-27.3047147455299	22.0905248872642	44.5
-27.2948973611387	22.0926887686912	44.5
-27.2851079433072	22.094975844911	44.5
-27.2630841724083	22.1003118072175	44.5
-27.2432281585606	22.1050888823272	44.5
-27.2233684291016	22.1098320036068	44.5
-27.2035049840315	22.1145411710562	44.5
-27.1836378233501	22.1192163846755	44.5
-27.1637669470575	22.1238576444645	44.5
-27.1438923551536	22.1284649504234	44.5
-27.1240140476386	22.1330383025521	44.5
-27.1041320245123	22.1375777008507	44.5
-27.0842462857748	22.1420831453191	44.5
-27.0643568314261	22.1465546359573	44.5
-27.0444636614662	22.1509921727653	44.5
-27.024566775895	22.1553957557432	44.5
-27.0046661747126	22.1597653848909	44.5
-26.9847618579191	22.1641010602084	44.5
-26.9648538255143	22.1684027816958	44.5
-26.9449420774982	22.172670549353	44.5
-26.925026613871	22.17690436318	44.5
-26.9051074346325	22.1811042231769	44.5
-26.8851845397828	22.1852701293435	44.5
-26.8652579293219	22.18940208168	44.5
-26.8453276032498	22.1935000801864	44.5
-26.8253935615665	22.1975641248625	44.5
-26.8054558042719	22.2015942157085	44.5
-26.7855143313661	22.2055903527244	44.5
-26.7655691428491	22.20955253591	44.5
-26.7456202387209	22.2134807652655	44.5
-26.7256676189815	22.2173750407908	44.5
-26.7057112836308	22.2212353624859	44.5
-26.6857512326689	22.2250617303509	44.5
-26.6657874660958	22.2288541443857	44.5
-26.6458199839115	22.2326126045903	44.5
-26.625848786116	22.2363371109648	44.5
-26.6058738727092	22.2400276635091	44.5
-26.5858952436913	22.2436842622232	44.5
-26.5659128990621	22.2473069071071	44.5
-26.5459268388217	22.2508955981609	44.5
-26.52593706297	22.2544503353845	44.5
-26.5059435715072	22.257971118778	44.5
-26.4859463644331	22.2614579483412	44.5
-26.4659454417478	22.2649108240743	44.5
-26.4459408034513	22.2683297459772	44.5
-26.4259324495436	22.27171471405	44.5
-26.4059203800247	22.2750657282926	44.5
-26.3859045948945	22.278382788705	44.5
-26.3658850941531	22.2816658952872	44.5
-26.3458618778005	22.2849150480393	44.5
-26.3258349458367	22.2881302469612	44.5
-26.3058042982616	22.2913114920529	44.5
-26.2857699350754	22.2944587833144	44.5
-26.2657318562779	22.2975721207458	44.5
-26.2456900618692	22.300651504347	44.5
-26.2256445518493	22.3036969341181	44.5
-26.2055953262181	22.306708410059	44.5
-26.1855423849758	22.3096859321697	44.5
-26.1654857281222	22.3126295004502	44.5
-26.1454253556574	22.3155391149005	44.5
-26.1253612675814	22.3184147755207	44.5
-26.1052934638942	22.3212564823108	44.5
-26.0852219445957	22.3240642352706	44.5
-26.065146709686	22.3268380344003	44.5
-26.0450677591651	22.3295778796998	44.5
-26.024985093033	22.3322837711691	44.5
-26.0048987112897	22.3349557088083	44.5
-25.9848086139352	22.3375936926173	44.5
-25.9647148009694	22.3401977225961	44.5
-25.9446172723924	22.3427677987448	44.5
-25.9245160282042	22.3453039210632	44.5
-25.9044110684048	22.3478060895516	44.5
-25.8843023929941	22.3502743042097	44.5
-25.8641900019722	22.3527085650377	44.5
-25.8440738953392	22.3551088720355	44.5
-25.8239540730949	22.3574752252031	44.5
-25.8038305352393	22.3598076245406	44.5
-25.7837032817726	22.3621060700478	44.5
-25.7635723126946	22.364370561725	44.5
-25.7434376280055	22.3666010995719	44.5
-25.7232992277051	22.3687976835887	44.5
-25.7031571117934	22.3709603137753	44.5
-25.6830112802706	22.3730889901317	44.5
-25.6628617331365	22.375183712658	44.5
-25.6427084703913	22.3772444813541	44.5
-25.6225514920348	22.37927129622	44.5
-25.6023907980671	22.3812641572557	44.5
-25.5822263884881	22.3832230644613	44.5
-25.562058263298	22.3851480178367	44.5
-25.5418864224966	22.387039017382	44.5
-25.521710866084	22.388896063097	44.5
-25.5015315940602	22.3907191549819	44.5
-25.4813486064252	22.3925082930367	44.5
-25.4611619031789	22.3942634772612	44.5
-25.4409714843214	22.3959847076556	44.5
-25.4207773498527	22.3976719842198	44.5
-25.4005794997728	22.3993253069539	44.5
-25.3803779340817	22.4009446758577	44.5
-25.3601726527794	22.4025300909314	44.5
-25.3399636558658	22.404081552175	44.5
-25.319750943341	22.4055990595883	44.5
-25.299534515205	22.4070826131715	44.5
-25.2793143714578	22.4085322129245	44.5
-25.2590905120994	22.4099478588474	44.5
-25.2388629371297	22.4113295509401	44.5
-25.2186316465488	22.4126772892026	44.5
-25.1983966403567	22.4139910736349	44.5
-25.1781579185534	22.4152709042371	44.5
-25.1579154811389	22.4165167810091	44.5
-25.1376693281131	22.4177287039509	44.5
-25.1174194594761	22.4189066730625	44.5
-25.0971658752279	22.420050688344	44.5
-25.0769085753685	22.4211607497953	44.5
-25.0566475598979	22.4222368574165	44.5
-25.036382828816	22.4232790112074	44.5
-25.0161143821229	22.4242872111682	44.5
-24.9958422198187	22.4252614572989	44.5
-24.9755663419031	22.4262017495993	44.5
-24.9552867483764	22.4271080880696	44.5
-24.9350034392385	22.4279804727097	44.5
-24.9147164144893	22.4288189035197	44.5
-24.8944256741289	22.4296233804995	44.5
-24.8741312181573	22.4303939036491	44.5
-24.8538330465745	22.4311304729685	44.5
-24.8335311593804	22.4318330884578	44.5
-24.8132255565752	22.4325017501168	44.5
-24.7929162381587	22.4331364579458	44.5
-24.772603204131	22.4337372119445	44.5
-24.752286454492	22.4343040121131	44.5
-24.7319659892419	22.4348368584515	44.5
-24.7116418083805	22.4353357509597	44.5
-24.691313911908	22.4358006896378	44.5
-24.6709822998242	22.4362316744857	44.5
-24.6506469721291	22.4366287055034	44.5
-24.6303079288229	22.436991782691	44.5
-24.6099651699054	22.4373209060484	44.5
-24.5896186953768	22.4376160755756	44.5
-24.5692685052369	22.4378772912726	44.5
-24.5489145994857	22.4381045531395	44.5
-24.5285569781234	22.4382978611762	44.5
-24.5081956411499	22.4384572153827	44.5
-24.4878305885651	22.4385826157591	44.5
-24.4674618203691	22.4386740623053	44.5
-24.4470893365619	22.4387315550213	44.5
-24.4267131371435	22.4387550939072	44.5
-24.4063332221138	22.4387446789628	44.5
-24.3859495914729	22.4387003101883	44.5
-24.3655622452208	22.4386219875837	44.5
-24.3451711833575	22.4385097111488	44.5
-24.324776405883	22.4383634808838	44.5
-24.3043779127973	22.4381832967887	44.5
-24.2839757041003	22.4379691588633	44.5
-24.2635697797921	22.4377210671078	44.5
-24.2431601398727	22.4374390215221	44.5
-24.2227467843421	22.4371230221063	44.5
-24.2023297132002	22.4367730688602	44.5
-24.1819089264472	22.436389161784	44.5
-24.1614844240829	22.4359713008777	44.5
-24.1410562061074	22.4355194861411	44.5
-24.1206242725207	22.4350337175744	44.5
-24.1001886233227	22.4345139951775	44.5
-24.0797492585136	22.4339603189505	44.5
-24.0593061780932	22.4333726888932	44.5
-24.0388593820616	22.4327511050058	44.5
-24.0184088704188	22.4320955672883	44.5
-23.9979546431648	22.4314060757405	44.5
-23.9774967002995	22.4306826303626	44.5
-23.957035041823	22.4299252311546	44.5
-23.9365696677353	22.4291338781163	44.5
-23.9161005780364	22.4283085712479	44.5
-23.8956277727263	22.4274493105493	44.5
-23.8751512518049	22.4265560960205	44.5
-23.8546710152724	22.4256289276616	44.5
-23.8341870631286	22.4246678054725	44.5
-23.8136993953736	22.4236727294532	44.5
-23.7932080120073	22.4226436996038	44.5
-23.7727129130299	22.4215807159242	44.5
-23.7522140984412	22.4204837784144	44.5
-23.7317115682413	22.4193528870744	44.5
-23.7112053224302	22.4181880419043	44.5
-23.6906953610079	22.416989242904	44.5
-23.6701816839744	22.4157564900735	44.5
-23.6496642913296	22.4144897834129	44.5
-23.6291431830736	22.4131891229221	44.5
-23.6086183592064	22.4118545086011	44.5
-23.588089819728	22.41048594045	44.5
-23.5675575646384	22.4090834184686	44.5
-23.5470215939375	22.4076469426571	44.5
-23.5264819076254	22.4061765130155	44.5
-23.5059385057021	22.4046721295436	44.5
-23.4853913881676	22.4031337922416	44.5
-23.4648405550219	22.4015615011095	44.5
-23.4442860062649	22.3999552561471	44.5
-23.4237277418968	22.3983150573546	44.5
-23.4031657619174	22.3966409047319	44.5
-23.3826000663267	22.3949327982791	44.5
-23.3620306551249	22.393190737996	44.5
-23.3414575283119	22.3914147238828	44.5
-23.3208806858876	22.3896047559395	44.5
-23.3003001278521	22.3877608341659	44.5
-23.2797158542054	22.3858829585622	44.5
-23.2591278649475	22.3839711291283	44.5
-23.2385361600783	22.3820253458643	44.5
-23.217940739598	22.38004560877	44.5
-23.1973416035064	22.3780319178456	44.5
-23.1767387518036	22.3759842730911	44.5
-23.1561321844895	22.3739026745063	44.5
-23.1355219015643	22.3717871220914	44.5
-23.1149079030278	22.3696376158464	44.5
-23.0942901888802	22.3674541557711	44.5
-23.0736687591213	22.3652367418657	44.5
-23.0530436137511	22.3629853741301	44.5
-23.0324147527698	22.3607000525643	44.5
-23.0117821761772	22.3583807771684	44.5
-22.9911458839735	22.3560275479423	44.5
-22.9705058761585	22.353640364886	44.5
-22.9498621527322	22.3512192279996	44.5
-22.9292147136948	22.348764137283	44.5
-22.9085635590462	22.3462750927362	44.5
-22.8879086887863	22.3437520943592	44.5
-22.8672501029152	22.3411951421521	44.5
-22.8465878014329	22.3386042361148	44.5
-22.8259217843393	22.3359793762473	44.5
-22.8052520516346	22.3333205625497	44.5
-22.7845786033186	22.3306277950219	44.5
-22.7639014393914	22.3279010736639	44.5
-22.743220559853	22.3251403984758	44.5
-22.7225359647034	22.3223457694574	44.5
-22.7018476539425	22.3195171866089	44.5
-22.6811556275705	22.3166546499303	44.5
-22.6604598855872	22.3137581594215	44.5
-22.6397604279927	22.3108277150824	44.5
-22.619057254787	22.3078633169133	44.5
-22.59835036597	22.3048649649139	44.5
-22.5776397615419	22.3018326590844	44.5
-22.5569254415025	22.2987663994247	44.5
-22.5362074058519	22.2956661859349	44.5
-22.51548565459	22.2925320186148	44.5
-22.494760187717	22.2893638974646	44.5
-22.4740310052327	22.2861618224843	44.5
-22.4532981071373	22.2829257936737	44.5
-22.4325614934306	22.279655811033	44.5
-22.4118211641127	22.2763518745621	44.5
-22.3910771191835	22.2730139842611	44.5
-22.3703293586432	22.2696421401299	44.5
-22.3495778824916	22.2662363421685	44.5
-22.3288226907288	22.2627965903769	44.5
-22.3080637833548	22.2593228847552	44.5
-22.2873011603696	22.2558152253033	44.5
-22.2665348217731	22.2522736120212	44.5
-22.2457647675654	22.2486980449089	44.5
-22.2249909977465	22.2450885239665	44.5
-22.2042135123164	22.2414450491939	44.5
-22.1834323112751	22.2377676205912	44.5
-22.1626473946226	22.2340562381582	44.5
-22.1418587623588	22.2303109018951	44.5
-22.1210664144838	22.2265316118018	44.5
-22.1002703509976	22.2227183678784	44.5
-22.0794705719002	22.2188711701248	44.5
-22.0586670771915	22.214990018541	44.5
-22.0378598668717	22.2110749131271	44.5
-22.0170489409406	22.2071258538829	44.5
-21.9962342993983	22.2031428408086	44.5
-21.9754159422448	22.1991258739042	44.5
-21.95459386948	22.1950749531695	44.5
-21.9337680811041	22.1909900786047	44.5
-21.9129385771169	22.1868712502097	44.5
-21.8921053575185	22.1827184679846	44.5
-21.8712684223089	22.1785317319293	44.5
-21.850427771488	22.1743110420438	44.5
-21.829583405056	22.1700563983281	44.5
-21.8087353230127	22.1657678007823	44.5
-21.7878835253582	22.1614452494063	44.5
-21.7670280120925	22.1570887442001	44.5
-21.7461687832156	22.1526982851637	44.5
-21.7253058387274	22.1482738722972	44.5
-21.704439178628	22.1438155056005	44.5
-21.6835688029174	22.1393231850737	44.5
-21.6626947115956	22.1347969107167	44.5
-21.6418169046626	22.1302366825295	44.5
-21.6209353821184	22.1256425005121	44.5
-21.6000501439629	22.1210143646645	44.5
-21.5791611901962	22.1163522749868	44.5
-21.5582685208183	22.111656231479	44.5
-21.5373721358292	22.1069262341409	44.5
-21.5164720352288	22.1021622829727	44.5
-21.4955682190173	22.0973643779743	44.5
-21.4746606871945	22.0925325191457	44.5
-21.4537494397605	22.087666706487	44.5
-21.4328344767153	22.0827669399981	44.5
-21.4119157980588	22.077833219679	44.5
-21.3909934037912	22.0728655455298	44.5
-21.3700672939123	22.0678639175503	44.5
-21.3491374684222	22.0628283357407	44.5
-21.3282039273209	22.057758800101	44.5
-21.3072666706083	22.0526553106311	44.5
-21.2863256982846	22.0475178673309	44.5
-21.2653810103496	22.0423464702007	44.5
-21.2444326068034	22.0371411192402	44.5
-21.223480487646	22.0319018144496	44.5
-21.2025246528774	22.0266285558288	44.5
-21.1815651024975	22.0213213433779	44.5
-21.1606018365064	22.0159801770968	44.5
-21.1396348549041	22.0106050569855	44.5
-21.1186641576906	22.005195983044	44.5
-21.0976897448659	21.9997529552724	44.5
-21.07671161643	21.9942759736705	44.5
-21.0557297723828	21.9887650382386	44.5
-21.0347442127244	21.9832201489764	44.5
-21.0137549374548	21.9776413058841	44.5
-20.992761946574	21.9720285089616	44.5
-20.9717652400819	21.9663817582089	44.5
-20.9507648179787	21.9607010536261	44.5
-20.9297606802642	21.9549863952131	44.5
-20.9087528269385	21.9492377829699	44.5
-20.8877412580016	21.9434552168966	44.5
-20.8667259734534	21.9376386969931	44.5
-20.8457069732941	21.9317882232594	44.5
-20.8246842575235	21.9259037956955	44.5
-20.8036578261417	21.9199854143015	44.5
-20.7826276791487	21.9140330790773	44.5
-20.7615938165444	21.9080467900229	44.5
-20.740556238329	21.9020265471384	44.5
-20.7195149445023	21.8959723504237	44.5
-20.6984699350644	21.8898841998788	44.5
-20.6774212100153	21.8837620955037	44.5
-20.6563687693549	21.8776060372985	44.5
-20.6353126130834	21.8714160252631	44.5
-20.6142527412006	21.8651920593976	44.5
-20.5931891537066	21.8589341397018	44.5
-20.5721218506014	21.8526422661759	44.5
-20.551050831885	21.8463164388198	44.5
-20.5299760975573	21.8399566576336	44.5
-20.5088976476185	21.8335629226172	44.5
-20.4878154820684	21.8271352337706	44.5
-20.4667296009071	21.8206735910938	44.5
-20.4456400041346	21.8141779945869	44.5
-20.4245466917508	21.8076484442498	44.5
-20.4034496637559	21.8010849400825	44.5
-20.3823489201497	21.7944874820851	44.5
-20.3612444609323	21.7878560702575	44.5
-20.3401362861036	21.7811907045997	44.5
-20.3190243956638	21.7744913851117	44.5
-20.2979087896127	21.7677581117936	44.5
-20.2767894679505	21.7609908846453	44.5
-20.255666430677	21.7541897036668	44.5
-20.2345396777922	21.7473545688582	44.5
-20.2134092092963	21.7404854802194	44.5
-20.1922750251892	21.7335824377504	44.5
-20.1711371254708	21.7266454414513	44.5
-20.1499955101412	21.7196744913219	44.5
-20.1288501792004	21.7126695873625	44.5
-20.1077011326483	21.7056307295728	44.5
-20.0865483704851	21.698557917953	44.5
-20.0653918927106	21.691451152503	44.5
-20.0442316993249	21.6843104332228	44.5
-20.023067790328	21.6771357601124	44.5
-20.0019001657199	21.6699271331719	44.5
-19.9807288255005	21.6626845524012	44.5
-19.95955376967	21.6554080178004	44.5
-19.9383749982282	21.6480975293693	44.5
-19.9171925111752	21.6407530871082	44.5
-19.8960063085109	21.6333746910168	44.5
-19.8748163902355	21.6259623410952	44.5
-19.8536227563488	21.6185160373435	44.5
-19.8324254068509	21.6110357797616	44.5
-19.8112243417418	21.6035215683496	44.5
-19.7900195610215	21.5959734031074	44.5
-19.76881106469	21.588391284035	44.5
-19.7475988527472	21.5807752111324	44.5
-19.7263829251932	21.5731251843997	44.5
-19.705163282028	21.5654412038368	44.5
-19.6839399232516	21.5577232694437	44.5
-19.662712848864	21.5499713812205	44.5
-19.6414820588651	21.542185539167	44.5
-19.6202475532551	21.5343657432834	44.5
-19.5990093320338	21.5265119935697	44.5
-19.5777673952012	21.5186242900258	44.5
-19.5565217427575	21.5107026326517	44.5
-19.5352723747026	21.5027470214474	44.5
-19.5140192910364	21.4947574564129	44.5
-19.492762491759	21.4867339375483	44.5
-19.4715019768704	21.4786764648535	44.5
-19.4502377463706	21.4705850383286	44.5
-19.4289698002595	21.4624596579735	44.5
-19.4076981385372	21.4543003237882	44.5
-19.3864227612038	21.4461070357727	44.5
-19.365143668259	21.4378797939271	44.5
-19.3438608597031	21.4296185982513	44.5
-19.322574335536	21.4213234487453	44.5
-19.3012840957576	21.4129943454091	44.5
-19.279990140368	21.4046312882428	44.5
-19.2586924693672	21.3962342772463	44.5
-19.2373910827552	21.3878033124197	44.5
-19.216085980532	21.3793383937628	44.5
-19.1947771626975	21.3708395212758	44.5
-19.1734646292518	21.3623066949586	44.5
-19.1521483801949	21.3537399148113	44.5
-19.1308284155268	21.3451391808338	44.5
-19.1095047352475	21.3365044930261	44.5
-19.0881773393569	21.3278358513882	44.5
-19.0668462278551	21.3191332559202	44.5
-19.0455114007421	21.310396706622	44.5
-19.0241728580179	21.3016262034936	44.5
-19.0028305996825	21.2928217465351	44.5
-18.9814846257358	21.2839833357464	44.5
-18.960134936178	21.2751109711275	44.5
-18.9387815310089	21.2662046526785	44.5
-18.9174244102286	21.2572643803992	44.5
-18.896063573837	21.2482901542898	44.5
-18.8746990218343	21.2392819743503	44.5
-18.8533307542203	21.2302398405805	44.5
-18.8319587709951	21.2211637529806	44.5
-18.8105830721587	21.2120537115506	44.5
-18.7892036577111	21.2029097162903	44.5
-18.7678205276522	21.1937317671999	44.5
-18.7464336819822	21.1845198642793	44.5
-18.7250431207009	21.1752740075286	44.5
-18.7036488438084	21.1659941969476	44.5
-18.6822508513047	21.1566804325365	44.5
-18.6608491431897	21.1473327142952	44.5
-18.6394437194636	21.1379510422238	44.5
-18.6180345801262	21.1285354163222	44.5
-18.5966217251776	21.1190858365904	44.5
-18.5752051546178	21.1096023030285	44.5
-18.5537848684467	21.1000848156363	44.5
-18.5323608666645	21.090533374414	44.5
-18.510933149271	21.0809479793616	44.5
-18.4895017162663	21.0713286304789	44.5
-18.4680665676504	21.0616753277661	44.5
-18.4466277034232	21.0519880712231	44.5
-18.4251851235849	21.04226686085	44.5
-18.4037388281353	21.0325116966467	44.5
-18.3822888170745	21.0227225786132	44.5
-18.3608350904025	21.0128995067495	44.5
-18.3393776481193	21.0030424810557	44.5
-18.3179164902248	20.9931515015317	44.5
-18.2964516167192	20.9832265681775	44.5
-18.2749830276023	20.9732676809932	44.5
-18.2535107228742	20.9632748399787	44.5
-18.2320347025348	20.953248045134	44.5
-18.2105549665843	20.9431872964591	44.5
-18.1890715150225	20.9330925939541	44.5
-18.1675843478495	20.9229639376189	44.5
-18.1460934650653	20.9128013274535	44.5
-18.1245988666699	20.902604763458	44.5
-18.1031005526633	20.8923742456323	44.5
-18.0815985230454	20.8821097739764	44.5
-18.0600927778163	20.8718113484903	44.5
-18.038583316976	20.8614789691741	44.5
-18.0170701405245	20.8511126360277	44.5
-17.9955532484618	20.8407123490512	44.5
-17.9740326407878	20.8302781082444	44.5
-17.9525083175026	20.8198099136075	44.5
-17.9309802786062	20.8093077651404	44.5
-17.9094485240986	20.7987716628432	44.5
-17.8879130539798	20.7882016067158	44.5
-17.8663738682497	20.7775975967582	44.5
-17.8448309669085	20.7669596329704	44.5
-17.823284349956	20.7562877153525	44.5
-17.8017340173923	20.7455818439044	44.5
-17.7801799692173	20.7348420186261	44.5
-17.7586222054312	20.7240682395177	44.5
-17.7370607260338	20.7132605065791	44.5
-17.7154955310252	20.7024188198103	44.5
-17.6939266204054	20.6915431792113	44.5
-17.6723539941744	20.6806335847822	44.5
-17.6507776523322	20.6696900365229	44.5
-17.6291975948787	20.6587125344335	44.5
-17.607613821814	20.6477010785138	44.5
-17.5860263331381	20.636655668764	44.5
-17.564435128851	20.625576305184	44.5
-17.5428402089526	20.6144629877739	44.5
-17.5212415734431	20.6033157165336	44.5
-17.4996392223223	20.5921344914631	44.5
-17.4780331555903	20.5809193125624	44.5
-17.4564233732471	20.5696701798316	44.5
-17.4348098752926	20.5583870932706	44.5
-17.413192661727	20.5470700528794	44.5
-17.3915717325501	20.5357190586581	44.5
-17.369947087762	20.5243341106065	44.5
-17.3483187273627	20.5129152087249	44.5
-17.3266866513521	20.501462353013	44.5
-17.3050508597304	20.489975543471	44.5
-17.2834113524974	20.4784547800988	44.5
-17.2617681296532	20.4669000628964	44.5
-17.2401211911978	20.4553113918639	44.5
-17.2184705371312	20.4436887670012	44.5
-17.1968161674533	20.4320321883083	44.5
-17.1751580821643	20.4203416557852	44.5
-17.153496281264	20.408617169432	44.5
-17.1318307647525	20.3968587292486	44.5
-17.1101615326297	20.3850663352351	44.5
-17.0884885848958	20.3732399873913	44.5
-17.0668119215506	20.3613796857174	44.5
-17.0451315425942	20.3494854302133	44.5
-17.0234474480266	20.3375572208791	44.5
-17.0017596378478	20.3255950577147	44.5
-16.9800681120578	20.3135989407201	44.5
-16.9583728706565	20.3015688698953	44.5
-16.936673913644	20.2895048452404	44.5
-16.9149712410203	20.2774068667553	44.5
-16.8932648527854	20.26527493444	44.5
-16.8715547489393	20.2531090482946	44.5
-16.8498409294819	20.240909208319	44.5
-16.8281233944133	20.2286754145132	44.5
-16.8064021437335	20.2164076668772	44.5
-16.7846771774425	20.2041059654111	44.5
-16.7629484955403	20.1917703101148	44.5
-16.7412160980268	20.1794007009884	44.5
-16.7194799849022	20.1669971380317	44.5
-16.6977401561663	20.1545596212449	44.5
-16.6759966118192	20.1420881506279	44.5
-16.6542493518608	20.1295827261808	44.5
-16.6324983762913	20.1170433479035	44.5
-16.6107436851105	20.104470015796	44.5
-16.5889852783185	20.0918627298583	44.5
-16.5672231559153	20.0792214900905	44.5
-16.5454573179009	20.0665462964925	44.5
-16.5236877642752	20.0538371490643	44.5
-16.5019144950384	20.041094047806	44.5
-16.4801375101903	20.0283169927174	44.5
-16.458356809731	20.0155059837988	44.5
-16.4365723936605	20.0026610210499	44.5
-16.4147842619787	19.9897821044709	44.5
-16.3929924146858	19.9768692340617	44.5
-16.3711968517816	19.9639224098223	44.5
-16.3493975732662	19.9509416317528	44.5
-16.3275945791395	19.9379268998531	44.5
-16.3057878694017	19.9248782141232	44.5
-16.2839774440526	19.9117955745631	44.5
-16.2621633030924	19.8986789811729	44.5
-16.2403454465209	19.8855284339525	44.5
-16.2185238743382	19.872343932902	44.5
-16.1966985865442	19.8591254780212	44.5
-16.1748695831391	19.8458730693103	44.5
-16.1530368641227	19.8325867067692	44.5
-16.1312004294951	19.819266390398	44.5
-16.1093602792563	19.8059121201966	44.5
-16.0875164134063	19.792523896165	44.5
-16.065668831945	19.7791017183032	44.5
-16.0438175348725	19.7656455866113	44.5
-16.0219625221888	19.7521555010892	44.5
-16.0001037938939	19.7386314617369	44.5
-15.9782413499878	19.7250734685545	44.5
-15.9563751904705	19.7114815215419	44.5
-15.9345053153419	19.6978556206991	44.5
-15.9126317246021	19.6841957660261	44.5
-15.8907544182511	19.670501957523	44.5
-15.8688733962889	19.6567741951897	44.5
-15.8469886587154	19.6430124790263	44.5
-15.8251002055308	19.6292168090326	44.5
-15.8032080367349	19.6153871852088	44.5
-15.7813121523278	19.6015236075548	44.5
-15.7594125523095	19.5876260760707	44.5
-15.7375092366799	19.5736945907564	44.5
-15.7156022054392	19.5597291516119	44.5
-15.6936914585872	19.5457297586372	44.5
-15.671776996124	19.5316964118324	44.5
-15.6498588180496	19.5176291111974	44.5
-15.627936924364	19.5035278567322	44.5
-15.6060113150671	19.4893926484369	44.5
-15.584081990159	19.4752234863114	44.5
-15.5621489496397	19.4610203703557	44.5
-15.5402121935092	19.4467833005698	44.5
-15.5182717217675	19.4325122769538	44.5
-15.4963275344145	19.4182072995076	44.5
-15.4743796314504	19.4038683682312	44.5
-15.452428012875	19.3894954831247	44.5
-15.4304726786884	19.375088644188	44.5
-15.4085136288905	19.3606478514211	44.5
-15.3865508634815	19.3461731048241	44.5
-15.3645843824612	19.3316644043968	44.5
-15.3426141858297	19.3171217501394	44.5
-15.320640273587	19.3025451420519	44.5
-15.2986626457331	19.2879345801341	44.5
-15.276681302268	19.2732900643862	44.5
-15.2546962431916	19.2586115948082	44.5
-15.232707468504	19.2438991713999	44.5
-15.2107149782052	19.2291527941615	44.5
-15.1887187722952	19.2143724630929	44.5
-15.166718850774	19.1995581781942	44.5
-15.1447152136415	19.1847099394652	44.5
-15.1227078608978	19.1698277469061	44.5
-15.1006967925429	19.1549116005169	44.5
-15.0786820085768	19.1399615002974	44.5
-15.0566635089995	19.1249774462478	44.5
-15.0346412938109	19.109959438368	44.5
-15.0126153630111	19.0949074766581	44.5
-14.9905857166001	19.0798215611179	44.5
-14.9685523545779	19.0647016917477	44.5
-14.9465152769445	19.0495478685472	44.5
-14.9244744836998	19.0343600915166	44.5
-14.902429974844	19.0191383606557	44.5
-14.8803817503769	19.0038826759648	44.5
-14.8583298102986	18.9885930374436	44.5
-14.836274154609	18.9732694450923	44.5
-14.8142147833083	18.9579118989108	44.5
-14.7921516963963	18.9425203988992	44.5
-14.7700848938732	18.9270949450573	44.5
-14.7480143757387	18.9116355373853	44.5
-14.7259401419931	18.8961421758831	44.5
-14.7038621926363	18.8806148605508	44.5
-14.6817805276682	18.8650535913883	44.5
-14.6596951470889	18.8494583683956	44.5
-14.6376060508984	18.8338291915728	44.5
-14.6155132390967	18.8181660609197	44.5
-14.5934167116838	18.8024689764365	44.5
-14.5713164686596	18.7867379381232	44.5
-14.5492125100242	18.7709729459796	44.5
-14.5271048357776	18.7551740000059	44.5
-14.5049934459198	18.739341100202	44.5
-14.4828783404508	18.723474246568	44.5
-14.4607595193705	18.7075734391038	44.5
-14.438636982679	18.6916386778094	44.5
-14.4165107303764	18.6756699626848	44.5
-14.3943807624624	18.6596672937301	44.5
-14.3722470789373	18.6436306709452	44.5
-14.350109679801	18.6275600943301	44.5
-14.3279685650534	18.6114555638849	44.5
-14.3058237346946	18.5953170796094	44.5
-14.2836751887246	18.5791446415038	44.5
-14.2615229271434	18.5629382495681	44.5
-14.2393669499509	18.5466979038022	44.5
-14.2172072571472	18.5304236042061	44.5
-14.1950438487324	18.5141153507798	44.5
-14.1728767247063	18.4977731435234	44.5
-14.1507058850689	18.4813969824367	44.5
-14.1285313298204	18.46498686752	44.5
-14.1063530589606	18.448542798773	44.5
-14.0841710724896	18.4320647761959	44.5
-14.0619853704074	18.4155527997886	44.5
-14.039795952714	18.3990068695511	44.5
-14.0176028194094	18.3824269854835	44.5
-13.9954059704935	18.3658131475857	44.5
-13.9732054059664	18.3491653558577	44.5
-13.9510011258281	18.3324836102996	44.5
-13.9287931300786	18.3157679109112	44.5
-13.9065814187179	18.2990182576928	44.5
-13.8843659917459	18.2822346506441	44.5
-13.8621468491628	18.2654170897653	44.5
-13.8399239909684	18.2485655750563	44.5
-13.8176974171627	18.2316801065171	44.5
-13.7954671277459	18.2147606841477	44.5
-13.7732331227179	18.1978073079482	44.5
-13.7509954020786	18.1808199779185	44.5
-13.7287539658281	18.1637986940587	44.5
-13.7065088139664	18.1467434563687	44.5
-13.6842599464935	18.1296542648485	44.5
-13.6620073634093	18.1125311194981	44.5
-13.6397510647139	18.0953740203176	44.5
-13.6174910504074	18.0781829673069	44.5
-13.5952273204896	18.060957960466	44.5
-13.5729598749605	18.0436989997949	44.5
-13.5506887138203	18.0264060852937	44.5
-13.5284138370688	18.0090792169623	44.5
-13.5061352447061	17.9917183948008	44.5
-13.4838529367322	17.974323618809	44.5
-13.4615669131471	17.9568948889871	44.5
-13.4392771739508	17.939432205335	44.5
-13.4169837191432	17.9219355678528	44.5
-13.3946865487244	17.9044049765404	44.5
-13.3723856626944	17.8868404313978	44.5
-13.3500810610532	17.869241932425	44.5
-13.3277727438008	17.8516094796221	44.5
-13.3054607109371	17.833943072989	44.5
-13.2831449624622	17.8162427125257	44.5
-13.2608254983762	17.7985083982323	44.5
-13.2385023186788	17.7807401301087	44.5
-13.2161754233703	17.7629379081549	44.5
-13.1938448124506	17.745101732371	44.5
-13.1715104859196	17.7272316027568	44.5
-13.1491724437774	17.7093275193125	44.5
-13.126830686024	17.6913894820381	44.5
-13.1044852126594	17.6734174909334	44.5
-13.0821360236835	17.6554115459986	44.5
-13.0597831190964	17.6373716472337	44.5
-13.0374264988982	17.6192977946385	44.5
-13.0150661630886	17.6011899882132	44.5
-12.9927021116679	17.5830482279577	44.5
-12.970334344636	17.564872513872	44.5
-12.9479628619928	17.5466628459562	44.5
-12.9255876637384	17.5284192242102	44.5
-12.9032087498728	17.510141648634	44.5
-12.880826120396	17.4918301192277	44.5
-12.858439775308	17.4734846359912	44.5
-12.8360497146087	17.4551051989245	44.5
-12.8136559382982	17.4366918080276	44.5
-12.7912584463765	17.4182444633006	44.5
-12.7688572388436	17.3997631647434	44.5
-12.7464523156995	17.3812479123561	44.5
-12.7240436769441	17.3626987061385	44.5
-12.7016313225775	17.3441155460908	44.5
-12.6792152525997	17.3254984322129	44.5
-12.6567954670107	17.3068473645049	44.5
-12.6343719658105	17.2881623429667	44.5
-12.611944748999	17.2694433675983	44.5
-12.5895138165764	17.2506904383997	44.5
-12.5670791685425	17.231903555371	44.5
-12.5446408048974	17.2130827185121	44.5
-12.522198725641	17.194227927823	44.5
-12.4997529307735	17.1753391833038	44.5
-12.4773034202947	17.1564164849543	44.5
-12.4548501942047	17.1374598327748	44.5
-12.4323932525035	17.118469226765	44.5
-12.4099325951911	17.0994446669251	44.5
-12.3874682222675	17.080386153255	44.5
-12.3650001337326	17.0612936857547	44.5
-12.3425283295865	17.0421672644243	44.5
-12.3200528098292	17.0230068892637	44.5
-12.2975735744607	17.0038125602729	44.5
-12.2750906234809	16.9845842774519	44.5
-12.25260395689	16.9653220408008	44.5
-12.2301135746878	16.9460258503195	44.5
-12.2076194768744	16.926695706008	44.5
-12.1851216634498	16.9073316078664	44.5
-12.162620134414	16.8879335558946	44.5
-12.1401148897669	16.8685015500926	44.5
-12.1176059295086	16.8490355904605	44.5
-12.0950932536391	16.8295356769982	44.5
-12.0725768621584	16.8100018097057	44.5
-12.0500567550665	16.790433988583	44.5
-12.0275329323633	16.7708322136302	44.5
-12.005005394049	16.7511964848472	44.5
-11.9824741401234	16.731526802234	44.5
-11.9599391705865	16.7118231657907	44.5
-11.9374004854385	16.6920855755172	44.5
-11.9148580846793	16.6723140314135	44.5
-11.8923119683088	16.6525085334796	44.5
-11.8697621363271	16.6326690817156	44.5
-11.8472085887342	16.6127956761214	44.5
-11.8246513255301	16.592888316697	44.5
-11.8020903467147	16.5729470034425	44.5
-11.7795256522882	16.5529717363578	44.5
-11.7569572422504	16.5329625154429	44.5
-11.7343851166014	16.5129193406979	44.5
-11.7118092753412	16.4928422121226	44.5
-11.6892297184697	16.4727311297172	44.5
-11.6666464459871	16.4525860934817	44.5
-11.6440594578932	16.432407103416	44.5
-11.6214687541881	16.41219415952	44.5
-11.5988743348718	16.391947261794	44.5
-11.5762761999442	16.3716664102377	44.5
-11.5536743494055	16.3513516048513	44.5
-11.5310687832555	16.3310028456347	44.5
-11.5084595014943	16.310620132588	44.5
-11.4858465041219	16.290203465711	44.5
-11.4632297911383	16.2697528450039	44.5
-11.4406093625434	16.2492682704667	44.5
-11.4179852183373	16.2287497420992	44.5
-11.39535735852	16.2081972599016	44.5
-11.3727257830915	16.1876108238738	44.5
-11.3500904920518	16.1669904340159	44.5
-11.3274514854008	16.1463360903278	44.5
-11.3048087631387	16.1256477928095	44.5
-11.2821623252653	16.104925541461	44.5
-11.2595121717807	16.0841693362824	44.5
-11.2368583026849	16.0633791772736	44.5
-11.2142007179778	16.0425550644346	44.5
-11.1915394176595	16.0216969977655	44.5
-11.1688744017301	16.0008049772661	44.5
-11.1462056701894	15.9798790029366	44.5
-11.1235332230374	15.958919074777	44.5
-11.1008570602743	15.9379251927872	44.5
-11.0781771818999	15.9168973569672	44.5
-11.0554935879143	15.895835567317	44.5
-11.0328062783176	15.8747398238366	44.5
-11.0101152531095	15.8536101265261	44.5
-10.9874205122903	15.8324464753854	44.5
-10.9647220558598	15.8112488704146	44.5
-10.9420198838182	15.7900173116136	44.5
-10.9193139961653	15.7687517989824	44.5
-10.8966043929012	15.747452332521	44.5
-10.8738910740258	15.7261189122295	44.5
-10.8511740395393	15.7047515381078	44.5
-10.8284532894415	15.6833502101559	44.5
-10.8057288237325	15.6619149283738	44.5
-10.7830006424123	15.6404456927616	44.5
-10.7602687454809	15.6189425033192	44.5
-10.7375331329382	15.5974053600467	44.5
-10.7147938047843	15.5758342629439	44.5
-10.6920507610192	15.554229212011	44.5
-10.6693040016429	15.532590207248	44.5
-10.6465535266554	15.5109172486547	44.5
-10.6237993360567	15.4892103362313	44.5
-10.6010414298467	15.4674694699777	44.5
-10.5782798080255	15.445694649894	44.5
-10.5555144705931	15.42388587598	44.5
-10.5327454175495	15.4020431482359	44.5
-10.5099726488947	15.3801664666617	44.5
-10.4871961646286	15.3582558312572	44.5
-10.4644159647513	15.3363112420226	44.5
-10.4416320492628	15.3143326989578	44.5
-10.4188444181631	15.2923202020629	44.5
-10.3960530714522	15.2702737513378	44.5
-10.37325800913	15.2481933467825	44.5
-10.3504592311966	15.226078988397	44.5
-10.327656737652	15.2039306761814	44.5
-10.3048505284962	15.1817484101356	44.5
-10.2820406037292	15.1595321902596	44.5
-10.2592269633509	15.1372820165534	44.5
-10.2364096073614	15.1149978890171	44.5
-10.2135885357608	15.0926798076506	44.5
-10.1907637485488	15.070327772454	44.5
-10.1679352457257	15.0479417834272	44.5
-10.1451030272914	15.0255218405701	44.5
-10.1222670932458	15.003067943883	44.5
-10.099427443589	14.9805800933656	44.5
-10.076584078321	14.9580582890181	44.5
-10.0537369974418	14.9355025308404	44.5
-10.0308862009513	14.9129128188326	44.5
-10.0080316888497	14.8902891529946	44.5
-9.98517346113677	14.8676315333264	44.5
-9.96231151781267	14.844939959828	44.5
-9.93944585887735	14.8222144324995	44.5
-9.91657648433081	14.7994549513408	44.5
-9.89370339417304	14.7766615163519	44.5
-9.87082658840406	14.7538341275328	44.5
-9.84794606702387	14.7309727848836	44.5
-9.82506183003245	14.7080774884042	44.5
-9.80217387742981	14.6851482380947	44.5
-9.77928220921595	14.6621850339549	44.5
-9.75638682539087	14.639187875985	44.5
-9.73348772595457	14.616156764185	44.5
-9.71058491090706	14.5930916985547	44.5
-9.68767838024833	14.5699926790943	44.5
-9.66476813397837	14.5468597058037	44.5
-9.6418541720972	14.523692778683	44.5
-9.61893649460481	14.500491897732	44.5
-9.5960151015012	14.4772570629509	44.5
-9.57308999278636	14.4539882743397	44.5
-9.55016116846031	14.4306855318982	44.5
-9.52722862852304	14.4073488356266	44.5
-9.50429237297456	14.3839781855248	44.5
-9.48135240181485	14.3605735815929	44.5
-9.45840871504392	14.3371350238308	44.5
-9.43546131266178	14.3136625122385	44.5
-9.41251019466841	14.290156046816	44.5
-9.38955536106382	14.2666156275634	44.5
-9.36659681184802	14.2430412544806	44.5
-9.343634547021	14.2194329275676	44.5
-9.32066856658275	14.1957906468244	44.5
-9.2976988705333	14.1721144122511	44.5
-9.27472545887261	14.1484042238476	44.5
-9.25174833160071	14.124660081614	44.5
-9.22876748871759	14.1008819855502	44.5
-9.20578293022325	14.0770699356562	44.5
-9.1827946561177	14.053223931932	44.5
-9.15980266640092	14.0293439743776	44.5
-9.13680696107292	14.0054300629931	44.5
-9.11380754013371	13.9814821977785	44.5
-9.09080440358327	13.9575003787336	44.5
-9.06779755142161	13.9334846058586	44.5
-9.04478698364874	13.9094348791534	44.5
-9.02177270026465	13.885351198618	44.5
-8.99875470126934	13.8612335642525	44.5
-8.9757329866628	13.8370819760568	44.5
-8.95270755644506	13.8128964340309	44.5
-8.92967841061608	13.7886769381748	44.5
-8.9066455491759	13.7644234884886	44.5
-8.88360897212449	13.7401360849722	44.5
-8.86056867946186	13.7158147276257	44.5
-8.83752467118802	13.6914594164489	44.5
-8.81447694730295	13.667070151442	44.5
-8.79142550780666	13.642646932605	44.5
-8.76837035269916	13.6181897599377	44.5
-8.74531148198043	13.5936986334403	44.5
-8.72224889565049	13.5691735531127	44.5
-8.69918259370933	13.544614518955	44.5
-8.67611257615695	13.520021530967	44.5
-8.65303884299335	13.4953945891489	44.5
-8.62996139421853	13.4707336935007	44.5
-8.60688022983249	13.4460388440222	44.5
-8.58379534983523	13.4213100407136	44.5
-8.56070675422675	13.3965472835749	44.5
-8.53761444300706	13.3717505726059	44.5
-8.51451841617614	13.3469199078068	44.5
-8.49141867373401	13.3220552891775	44.5
-8.46831521568065	13.297156716718	44.5
-8.44520804201608	13.2722241904284	44.5
-8.42209715274029	13.2472577103086	44.5
-8.39898254785327	13.2222572763586	44.5
-8.37586422735504	13.1972228885785	44.5
-8.35274219124559	13.1721545469681	44.5
-8.32961643952492	13.1470522515277	44.5
-8.30648697219304	13.121916002257	44.5
-8.28335378924992	13.0967457991562	44.5
-8.2602168906956	13.0715416422252	44.5
-8.23707627653005	13.046303531464	44.5
-8.21393194675328	13.0210314668727	44.5
-8.1907839013653	12.9957254484512	44.5
-8.16763214036609	12.9703854761995	44.5
-8.14447666375567	12.9450115501176	44.5
-8.12131747153402	12.9196036702056	44.5
-8.09815456370116	12.8941618364634	44.5
-8.07498794025708	12.868686048891	44.5
-8.05181760120178	12.8431763074885	44.5
-8.02864354653526	12.8176326122558	44.5
-8.00546577625752	12.7920549631929	44.5
-7.98228429036856	12.7664433602999	44.5
-7.95909908886839	12.7407978035766	44.5
-7.93591017175699	12.7151182930233	44.5
-7.91271753903437	12.6894048286397	44.5
-7.88952119070054	12.663657410426	44.5
-7.86632112675548	12.6378760383821	44.5
-7.84311734719921	12.612060712508	44.5
-7.81990985203171	12.5862114328037	44.5
-7.796698641253	12.5603281992693	44.5
-7.77348371486307	12.5344110119048	44.5
-7.75026507286192	12.50845987071	44.5
-7.72704271524955	12.4824747756851	44.5
-7.70381664202596	12.45645572683	44.5
-7.68058685319115	12.4304027241447	44.5
-7.65735334874512	12.4043157676293	44.5
-7.63411612868788	12.3781948572837	44.5
-7.61087519301941	12.3520399931079	44.5
-7.58763054173972	12.3258511751019	44.5
-7.56438217484882	12.2996284032658	44.5
-7.54113009234669	12.2733716775995	44.5
-7.51787429423335	12.2470809981031	44.5
-7.49461478050879	12.2207563647764	44.5
-7.47135155117301	12.1943977776196	44.5
-7.448084606226	12.1680052366326	44.5
-7.42481394566779	12.1415787418155	44.5
-7.40153956949835	12.1151182931682	44.5
-7.37826147771769	12.0886238906907	44.5
-7.35497967032581	12.062095534383	44.5
-7.33169414732271	12.0355332242452	44.5
-7.30840490870839	12.0089369602772	44.5
-7.28511195448286	11.982306742479	44.5
-7.2618152846461	11.9556425708507	44.5
-7.23851489919813	11.9289444453922	44.5
-7.21521079813894	11.9022123661035	44.5
-7.19190298146852	11.8754463329847	44.5
-7.16859144918689	11.8486463460356	44.5
-7.14527620129404	11.8218124052564	44.5
-7.12195723778997	11.7949445106471	44.5
-7.09863455867468	11.7680426622075	44.5
-7.07530816394817	11.7411068599378	44.5
-7.05197805361044	11.7141371038379	44.5
-7.02864422766149	11.6871333939079	44.5
-7.00530668610132	11.6600957301477	44.5
-6.98196542892994	11.6330241125573	44.5
-6.95862045614734	11.6059185411367	44.5
-6.93527176775352	11.578779015886	44.5
-6.91191936374847	11.5516055368051	44.5
-6.8885632441322	11.524398103894	44.5
-6.86520340890473	11.4971567171528	44.5
-6.84183985806602	11.4698813765814	44.5
-6.8184725916161	11.4425720821798	44.5
-6.79510160955496	11.415228833948	44.5
-6.77172691188261	11.3878516318861	44.5
-6.74834849859903	11.360440475994	44.5
-6.72496636970423	11.3329953662717	44.5
-6.70158052519821	11.3055163027193	44.5
-6.67819096508097	11.2780032853367	44.5
-6.65479768935252	11.2504563141239	44.5
-6.63140069801284	11.222875389081	44.5
-6.60799999106195	11.1952605102078	44.5
-6.58459556849984	11.1676116775046	44.5
-6.56118743032651	11.1399288909711	44.5
-6.53777557654195	11.1122121506075	44.5
-6.51436000714618	11.0844614564137	44.5
-6.49094072213919	11.0566768083897	44.5
-6.46751772152098	11.0288582065355	44.5
-6.44409100529155	11.0010056508512	44.5
-6.42066057345091	10.9731191413367	44.5
-6.39722642599904	10.9451986779921	44.5
-6.37378856293596	10.9172442608173	44.5
-6.35034698426165	10.8892558898123	44.5
-6.32690168997612	10.8612335649771	44.5
-6.30345268007938	10.8331772863117	44.5
-6.27999995457142	10.8050870538162	44.5
-6.25654351345224	10.7769628674905	44.5
-6.23308335672183	10.7488047273347	44.5
-6.20961948438021	10.7206126333487	44.5
-6.18615189642737	10.6923865855325	44.5
-6.16268059286331	10.6641265838861	44.5
-6.13920557368803	10.6358326284096	44.5
-6.11572683890153	10.6075047191029	44.5
-6.09224438850382	10.579142855966	44.5
-6.06875822249488	10.5507470389989	44.5
-6.04526834087473	10.5223172682017	44.5
-6.02177474364335	10.4938535435743	44.5
-5.99827743080075	10.4653558651168	44.5
-5.97477640234694	10.436824232829	44.5
-5.95127165828191	10.4082586467112	44.5
-5.92776319860566	10.3796591067631	44.5
-5.90425102331819	10.3510256129848	44.5
-5.8807351324195	10.3223581653764	44.5
-5.85721552590958	10.2936567639378	44.5
-5.83369220378846	10.2649214086691	44.5
-5.81016516605611	10.2361520995702	44.5
-5.78663441271254	10.2073488366411	44.5
-5.76309994375776	10.1785116198818	44.5
-5.73956175919175	10.1496404492924	44.5
-5.71601985901453	10.1207353248728	44.5
-5.69247424322608	10.091796246623	44.5
-5.66892491182642	10.062823214543	44.5
-5.64537186481553	10.0338162286329	44.5
-5.62181510219343	10.0047752888926	44.5
-5.59825462396011	9.97570039532215	44.5
-5.591054003525	9.96697930874036	44.5
-5.58369028338828	9.95839549189903	44.5
-5.57616607984464	9.9499519945874	44.5
-5.56848406620779	9.94165181673987	44.5
-5.56064697186058	9.9334979073701	44.5
-5.55265758128532	9.92549316352326	44.5
-5.54451873307445	9.91764042924673	44.5
-5.53623331892197	9.9099424945796	44.5
-5.52780428259608	9.90240209456141	44.5
-5.51923461889325	9.89502190826037	44.5
-5.51052737257419	9.88780455782155	44.5
-5.50168563728207	9.88075260753518	44.5
-5.49271255444331	9.87386856292562	44.5
-5.48361131215154	9.86715486986115	44.5
-5.4743851440348	9.86061391368494	44.5
-5.46503732810669	9.85424801836757	44.5
-5.4555711856017	9.84805944568134	44.5
-5.44599007979519	9.84205039439665	44.5
-5.43629741480843	9.83622299950083	44.5
-5.42649663439913	9.83057933143951	44.5
-5.41659122073791	9.8251213953811	44.5
-5.40658469317108	9.81985113050428	44.5
-5.39648060697024	9.81477040930908	44.5
-5.38628255206909	9.80988103695154	44.5
-5.37599415178799	9.80518475060237	44.5
-5.36561906154657	9.80068321882976	44.5
-5.35516096756498	9.79637804100651	44.5
-5.34462358555422	9.7922707467418	44.5
-5.33401065939595	9.78836279533773	44.5
-5.3233259598123	9.78465557527081	44.5
-5.31257328302614	9.7811504036987	44.5
-5.30175644941235	9.77784852599215	44.5
-5.29087930214039	9.7747511152926	44.5
-5.27994570580891	9.77185927209531	44.5
-5.26895954507261	9.76917402385841	44.5
-5.2579247232621	9.76669632463781	44.5
-5.24684516099702	9.76442705474824	44.5
-5.23572479479309	9.76236702045049	44.5
-5.22456757566346	9.76051695366494	44.5
-5.21337746771497	9.7588775117115	44.5
-5.20215844673969	9.7574492770761	44.5
-5.19091449880235	9.7562327572037	44.5
-5.17964961882412	9.75522838431802	44.5
-5.1683678091632	9.75443651526797	44.5
-5.15707307819287	9.75385743140084	44.5
-5.14576943887723	9.75349133846237	44.5
-5.13446090734553	9.75333836652365	44.5
-5.12315150146517	9.75339856993488	44.5
-5.1118452394142	9.75367192730606	44.5
-5.1005461382537	9.75415834151464	44.5
-5.08925821250051	9.75485763973995	44.5
-5.0779854727009	9.75576957352466	44.5
-5.06673192400563	9.75689381886305	44.5
-5.05550156474699	9.7582299763161	44.5
-5.04429838501814	9.75977757115343	44.5
-5.03312636525549	9.76153605352196	44.5
-5.02198947482446	9.76350479864128	44.5
-5.0108916706092	9.76568310702562	44.5
-4.99983689560671	9.76807020473239	44.5
-4.98882907752589	9.77066524363714	44.5
-4.9778721273921	9.7734673017349	44.5
-4.96696993815755	9.77647538346777	44.5
-4.95612638331817	9.77968842007864	44.5
-4.94534531553735	9.78310526999089	44.5
-4.93463056527714	9.78672471921402	44.5
-4.92398593943729	9.79054548177496	44.5
-4.91341522000267	9.79456620017497	44.5
-4.90292216269957	9.79878544587193	44.5
-4.89251049566128	9.80320171978795	44.5
-4.88218391810353	9.80781345284194	44.5
-4.87194609901014	9.81261900650708	44.5
-4.8618006758295	9.81761667339306	44.5
-4.85175125318215	9.82280467785263	44.5
-4.84180140158011	9.8281811766125	44.5
-4.83195465615827	9.83374425942825	44.5
-4.82221451541839	9.83949194976307	44.5
-4.81258443998611	9.84542220548995	44.5
-4.80306785138137	9.85153291961725	44.5
-4.79366813080278	9.85782192103734	44.5
-4.78438861792631	9.86428697529798	44.5
-4.7752326097187	9.87092578539615	44.5
-4.76620335926606	9.87773599259426	44.5
-4.7573040746181	9.8847151772581	44.5
-4.74853791764826	9.89186085971659	44.5
-4.73990800293038	9.8991705011428	44.5
-4.73141739663208	9.90664150445592	44.5
-4.72306911542532	9.91427121524404	44.5
-4.71486612541468	9.92205692270727	44.5
-4.70681134108345	9.9299958606208	44.5
-4.69890762425815	9.93808520831779	44.5
-4.69115778309173	9.94632209169154	44.5
-4.68356457106585	9.9547035842166	44.5
-4.67613068601259	9.96322670798858	44.5
-4.66885876915592	9.97188843478219	44.5
-4.66175140417327	9.98068568712715	44.5
-4.65481111627757	9.98961533940158	44.5
-4.64804037132006	9.99867421894256	44.5
-4.64144157491419	10.0078591071733	44.5
-4.63501707158091	10.0171667407468	44.5
-4.62876914391565	10.0265938127051	44.5
-4.62270001177736	10.0361369736545	44.5
-4.6168118314998	10.0457928329552	44.5
-4.61110669512537	10.0555579599266	44.5
-4.60558662966188	10.0654288850654	44.5
-4.60025359636228	10.075402101279	44.5
-4.59510949002792	10.0854740651311	44.5
-4.59015613833529	10.095641198101	44.5
-4.58539530118665	10.1058998878546	44.5
-4.58082867008478	10.1162464895285	44.5
-4.57645786753197	10.1266773270242	44.5
-4.57228444645354	10.1371886943148	44.5
-4.56830988964613	10.1477768567618	44.5
-4.56453560925085	10.1584380524412	44.5
-4.56096294625156	10.1691684934811	44.5
-4.5575931699984	10.1799643674069	44.5
-4.55442747775684	10.1908218384959	44.5
-4.55146699428225	10.2017370491404	44.5
-4.54871277142032	10.2127061212181	44.5
-4.54616578773331	10.2237251574697	44.5
-4.5438269481524	10.2347902428843	44.5
-4.54169708365615	10.2458974460897	44.5
-4.53977695097529	10.2570428207494	44.5
-4.5380672323238	10.2682224069649	44.5
-4.53656853515659	10.2794322326825	44.5
-4.53528139195362	10.2906683151044	44.5
-4.53420626003074	10.3019266621042	44.5
-4.53334352137721	10.3132032736446	44.5
-4.53269348251996	10.3244941431993	44.5
-4.5322563744147	10.3357952591761	44.5
-4.53203235236387	10.3471026063424	44.5
-4.53202149596142	10.3584121672514	44.5
-4.53222380906458	10.3697199236702	44.5
-4.53263921979249	10.3810218580066	44.5
-4.53326758055167	10.3923139547372	44.5
-4.53410866808854	10.4035922018339	44.5
-4.53516218356872	10.414852592189	44.5
-4.53642775268316	10.4260911250396	44.5
-4.53790492578118	10.4373038073885	44.5
-4.53959317803022	10.4484866554229	44.5
-4.54149190960229	10.4596356959303	44.5
-4.5436004458871	10.4707469677095	44.5
-4.54591803773176	10.4818165229788	44.5
-4.54844386170691	10.4928404287778	44.5
-4.55117702039933	10.5038147683651	44.5
-4.55411654273074	10.5147356426104	44.5
-4.55726138430286	10.5255991713789	44.5
-4.56061042776845	10.5364014949106	44.5
-4.56416248322832	10.5471387751913	44.5
-4.56791628865406	10.5578071973166	44.5
-4.5718705103365	10.5684029708468	44.5
-4.5760237433595	10.5789223311541	44.5
-4.58037451209913	10.5893615407598	44.5
-4.58492127074798	10.5997168906625	44.5
-4.58966240386436	10.6099847016556	44.5
-4.59459622694624	10.6201613256348	44.5
-4.59972098702977	10.6302431468941	44.5
-4.6050348633121	10.6402265834103	44.5
-4.61053596779829	10.650108088116	44.5
-4.61622234597211	10.6598841501597	44.5
-4.62209197749047	10.669551296153	44.5
-4.62814277690124	10.679106091405	44.5
-4.6343725943842	10.6885451411425	44.5
-4.64077921651486	10.697865091716	44.5
-4.6473603670509	10.7070626317915	44.5
-4.65411370774085	10.7161344935267	44.5
-4.66103683915492	10.7250774537324	44.5
-4.66745022759785	10.7330719508016	44.5
-4.67451889610055	10.7418025871022	44.5
-4.68158658217752	10.7505320087996	44.5
-4.68994728734246	10.7608584570319	44.5
-4.6981981348527	10.7710492131371	44.5
-4.7047952133366	10.7791973682884	44.5
-4.71236895065323	10.7885518057332	44.5
-4.72100677118104	10.7992205027624	44.5
-4.73079760685507	10.8113132982479	44.5
-4.74183150347764	10.8249414063507	44.5
-4.75419922702894	10.8402169302279	44.5
-4.76091173831082	10.8485076287299	44.5
-4.76799186997768	10.8572523757404	44.5
-4.77545099501225	10.866465217632	44.5
-4.78330045759169	10.8761601651599	44.5
-4.79155156078464	10.8863511782649	44.5
-4.80021555424859	10.8970521508769	44.5
-4.80930362192696	10.9082768957183	44.5
-4.81882686974639	10.9200391291075	44.5
-4.82879631331391	10.9323524557619	44.5
-4.83922286561413	10.9452303536014	44.5
-4.85011732470651	10.9586861585519	44.5
-4.86149036142251	10.9727330493487	44.5
-4.87335250706279	10.9873840323395	44.5
-4.8857141410945	11.002651926288	44.5
-4.89858547884836	11.0185493471774	44.5
-4.91197655921598	11.0350886930133	44.5
-4.92589723234703	11.0522821286275	44.5
-4.9403571473464	11.0701415704814	44.5
-4.9553657399715	11.0886786714688	44.5
-4.97093222032937	11.1079048057198	44.5
-4.98706556057396	11.127831053404	44.5
-5.0037744826033	11.1484681855337	44.5
-5.0210674457567	11.1698266487675	44.5
-5.038952634512	11.1919165502135	44.5
-5.05743794618276	11.2147476422327	44.5
-5.07653097861541	11.2383293072423	44.5
-5.09623901788654	11.2626705425191	44.5
-5.11656902600008	11.2877799450031	44.5
-5.13752762858446	11.3136656961003	44.5
-5.15912110258992	11.3403355464867	44.5
-5.18135536398558	11.3677968009109	44.5
-5.20423595545678	11.3960563029984	44.5
-5.22776803410219	11.4251204200541	44.5
-5.25195635913108	11.4549950278662	44.5
-5.27680527956049	11.4856854955092	44.5
-5.30231872191245	11.5171966701475	44.5
-5.32850017791119	11.5495328618388	44.5
-5.35535269218035	11.5826978283372	44.5
-5.38287884994017	11.6166947598966	44.5
-5.41108076470531	11.6515262640751	44.5
-5.43996006664957	11.6871943513627	44.5
-5.46951789804389	11.7237004295482	44.5
-5.49975491838018	11.7610453100521	44.5
-5.53067131147335	11.7992292167037	44.5
-5.56226679258555	11.8382517945454	44.5
-5.59454061555032	11.8781121186375	44.5
-5.62749157989676	11.9188087028618	44.5
-5.66111803797375	11.9603395087267	44.5
-5.69541790207409	12.0027019541711	44.5
-5.73038865155869	12.0458929223689	44.5
-5.76602733998078	12.0899087705337	44.5
-5.80233060221001	12.1347453387223	44.5
-5.83929466155672	12.1803979586403	44.5
-5.87691533689609	12.2268614624452	44.5
-5.91518804979226	12.2741301915519	44.5
-5.95410783162261	12.3221980054361	44.5
-5.99366933070188	12.3710582904394	44.5
-6.0338668194063	12.4207039685732	44.5
-6.07469420129793	12.4711275063233	44.5
-6.11614501824864	12.5223209234543	44.5
-6.15821245756444	12.5742758018137	44.5
-6.20088935910958	12.6269832941367	44.5
-6.24416822243076	12.68043413285	44.5
-6.28804121388132	12.7346186388767	44.5
-6.33250017374539	12.7895267304405	44.5
-6.37753662336207	12.8451479318698	44.5
-6.42314177224964	12.9014713824025	44.5
-6.46930652522971	12.95848584499	44.5
-6.51602148955141	13.0161797151018	44.5
-6.56327698201557	13.0745410295299	44.5
-6.61106303609891	13.1335574751928	44.5
-6.6593694090782	13.1932163979403	44.5
-6.70818558915443	13.2535048113578	44.5
-6.75750080257702	13.3144094055704	44.5
-6.807304020768	13.3759165560474	44.5
-6.85758396744616	13.4380123324069	44.5
-6.90832912575125	13.5006825072198	44.5
-6.95952774536814	13.5639125648143	44.5
-7.01116784965103	13.6276877100805	44.5
-7.06323724274759	13.6919928772745	44.5
-7.1157235167232	13.7568127388228	44.5
-7.16861405868504	13.8221317141267	44.5
-7.22189605790636	13.8879339783668	44.5
-7.27555651295061	13.954203471307	44.5
-7.32958223879562	14.0209239060995	44.5
-7.38395987395779	14.0880787780883	44.5
-7.43867588761628	14.1556513736146	44.5
-7.49371658673715	14.2236247788201	44.5
-7.54906812319758	14.2919818884523	44.5
-7.60471650091005	14.3607054146681	44.5
-7.66064758294649	14.4297778958389	44.5
-7.71684709866247	14.4991817053544	44.5
-7.77330065082139	14.568899060427	44.5
-7.82999372271865	14.6389120308967	44.5
-7.88691168530584	14.7092025480347	44.5
-7.94403980431488	14.7797524133485	44.5
-8.00136324738227	14.8505433073858	44.5
-8.05886709117319	14.921556798539	44.5
-8.11653632850577	14.9927743518495	44.5
-8.17435587547519	15.0641773378123	44.5
-8.23231057857785	15.13574704118	44.5
-8.29038522183565	15.2074646697677	44.5
-8.34856453392008	15.2793113632567	44.5
-8.40683319527641	15.3512682019994	44.5
-8.4651758452479	15.4233162158234	44.5
-8.52357708919997	15.495436392836	44.5
-8.58202150564436	15.5676096882286	44.5
-8.64049365336334	15.6398170330808	44.5
-8.69897807853384	15.712039343165	44.5
-8.75745932185143	15.7842575277503	44.5
-8.81592192565065	15.8564524983973	44.5
-8.87435044101914	15.9286051777388	44.5
-8.9327294349102	16.0006965082563	44.5
-8.99104349725528	16.0727074610564	44.5
-9.04927724807659	16.1446190446474	44.5
-9.10741534459948	16.2164123137159	44.5
-9.16544248836501	16.2880683779028	44.5
-9.22334343234251	16.3595684105803	44.5
-9.28110298804203	16.4308936576283	44.5
-9.33870603262687	16.5020254462105	44.5
-9.39613751602611	16.5729451935514	44.5
-9.45338246804709	16.6436344157124	44.5
-9.51042600548798	16.7140747363686	44.5
-9.56725333925026	16.7842478955849	44.5
-9.62384978145117	16.854135758593	44.5
-9.68020075253637	16.9237203245673	44.5
-9.73629178839232	16.9929837354018	44.5
-9.79210854745885	17.0619082844864	44.5
-9.8476368178417	17.1304764254837	44.5
-9.90286252442495	17.1986707811048	44.5
-9.95777173598362	17.2664741518866	44.5
-10.0123506722961	17.3338695249677	44.5
-10.0665857112568	17.4008400828652	44.5
-10.1204633959886	17.4673692122509	44.5
-10.1739704419551	17.5334405127281	44.5
-10.2270937440736	17.5990378056079	44.5
-10.2798203838273	17.6641451426858	44.5
-10.332137636378	17.728746815018	44.5
-10.3840329776784	17.792827361698	44.5
-10.4354940915847	17.8563715786332	44.5
-10.4865088769692	17.9193645273212	44.5
-10.5370654548328	17.9817915436262	44.5
-10.5871521754175	18.043638246556	44.5
-10.6367576253186	18.1048905470377	44.5
-10.6858706345979	18.165534656695	44.5
-10.7344802838954	18.225557096624	44.5
-10.7825759115427	18.28494470617	44.5
-10.8301471206744	18.3436846517043	44.5
-10.8771837863419	18.4017644353998	44.5
-10.9236760626248	18.4591719040085	44.5
-10.9696143897442	18.5158952576374	44.5
-11.0149895011746	18.5719230585249	44.5
-11.0597924307568	18.6272442398178	44.5
-11.1040145198105	18.6818481143472	44.5
-11.1476474242464	18.7357243834054	44.5
-11.190683121679	18.7888631455222	44.5
-11.2331139185391	18.8412549052415	44.5
-11.2749324571863	18.8928905818976	44.5
-11.3161317230214	18.9437615183919	44.5
-11.356705051599	18.9938594899693	44.5
-11.39664613574	19.0431767129946	44.5
-11.4359490326443	19.091705853729	44.5
-11.474608171003	19.1394400371067	44.5
-11.5126183581109	19.1863728555115	44.5
-11.5499747869795	19.2324983775528	44.5
-11.5866730434488	19.2778111568426	44.5
-11.6227091133006	19.3223062407717	44.5
-11.6580793893703	19.3659791792863	44.5
-11.6927806786598	19.4088260336644	44.5
-11.72681020945	19.4508433852925	44.5
-11.7601656384132	19.4920283444417	44.5
-11.7928450577256	19.5323785590445	44.5
-11.8248470021799	19.5718922234713	44.5
-11.856170456298	19.6105680873066	44.5
-11.8868148614429	19.6484054641257	44.5
-11.916780122932	19.6854042402712	44.5
-11.9460666171489	19.7215648836295	44.5
-11.9746751986565	19.756888452407	44.5
-12.0026072070654	19.7913766036062	44.5
-12.0298644689869	19.8250315954329	44.5
-12.0564492893878	19.8578562766227	44.5
-12.0823644394097	19.8898540714025	44.5
-12.1076131440837	19.921028964324	44.5
-12.1321990700464	19.9513854850975	44.5
-12.1561263132551	19.9809286934258	44.5
-12.179399386703	20.0096641638377	44.5
-12.2020232081349	20.0375979705219	44.5
-12.2240030877626	20.0647366721606	44.5
-12.2453447159797	20.0910872967633	44.5
-12.266054151078	20.1166573265007	44.5
-12.2861378069622	20.1414546825382	44.5
-12.3056024408652	20.1654877098697	44.5
-12.3244551410642	20.1887651621514	44.5
-12.3427033145954	20.2112961865356	44.5
-12.3603546749698	20.2330903085042	44.5
-12.3774172298884	20.2541574167025	44.5
-12.3938992689577	20.2745077477734	44.5
-12.409809351405	20.2941518711902	44.5
-12.4251562937941	20.3131006740915	44.5
-12.4399491577402	20.3313653461139	44.5
-12.4541972376259	20.3489573642262	44.5
-12.4679100483159	20.3658884775633	44.5
-12.481097312873	20.3821706922597	44.5
-12.4937689502733	20.3978162562831	44.5
-12.5059350631215	20.4128376442685	44.5
-12.5176059253665	20.4272475423517	44.5
-12.5287919700164	20.4410588330031	44.5
-12.5395037768545	20.4542845798614	44.5
-12.5497520601543	20.4669380125674	44.5
-12.5595476563948	20.4790325115977	44.5
-12.5689015119763	20.4905815930984	44.5
-12.5778246709354	20.501598893719	44.5
-12.5863282626608	20.5120981554459	44.5
-12.5944234896083	20.5220932104363	44.5
-12.6021216150165	20.5315979658519	44.5
-12.609433950622	20.5406263886926	44.5
-12.6163718443749	20.5491924906303	44.5
-12.6229466681542	20.5573103128426	44.5
-12.635052639245	20.5722573393325	44.5
-12.6458428506893	20.5855798113791	44.5
-12.6554078859299	20.5973895736499	44.5
-12.6638375319502	20.6077974869426	44.5
-12.6712203861671	20.6169129428644	44.5
-12.6776434633236	20.624843378512	44.5
-12.6856638828061	20.634746013912	44.5
-12.6919921845047	20.6425594253873	44.5
-12.6994816252079	20.6518064659499	44.5
-12.7058502276739	20.6596696319692	44.5
-12.7122425073011	20.6675620315477	44.5
-12.7192562564052	20.6762215665314	44.5
-12.7257555070542	20.6842427020449	44.5
-12.7321327173466	20.6921058779218	44.5
-12.738494091268	20.6999399113014	44.5
-12.7461449803395	20.7093476618762	44.5
-12.7528283979767	20.7175523144633	44.5
-12.7604020216708	20.726834307619	44.5
-12.7689399582937	20.7372783484795	44.5
-12.7785180400999	20.748969989886	44.5
-12.7855194256158	20.7575000020372	44.5
-12.7930406934429	20.766648262711	44.5
-12.8011053191455	20.7764402702257	44.5
-12.8097369790719	20.786901443697	44.5
-12.8189595223475	20.7980570737868	44.5
-12.8287969428688	20.8099322734521	44.5
-12.8392733512967	20.822551928694	44.5
-12.8504129470501	20.8359406493067	44.5
-12.8622399902993	20.8501227196258	44.5
-12.8747787739595	20.8651220492782	44.5
-12.8813226620413	20.8729355435326	44.5
-12.8880535956847	20.8809621239299	44.5
-12.894974608242	20.8892046518542	44.5
-12.9020887298607	20.8976659560358	44.5
-12.9093989866088	20.906348831012	44.5
-12.916908399599	20.915256035588	44.5
-12.9246199841137	20.9243902912978	44.5
-12.93253674873	20.933754280865	44.5
-12.9406616944443	20.9433506466639	44.5
-12.948997813797	20.9531819891804	44.5
-12.9575480899976	20.9632508654726	44.5
-12.9663154960492	20.973559787632	44.5
-12.9753029938735	20.9841112212445	44.5
-12.9845135334355	20.9949075838507	44.5
-12.9939500518682	21.0059512434076	44.5
-13.0036154725979	21.017244516749	44.5
-13.0135127044682	21.0287896680464	44.5
-13.0236446408653	21.0405889072703	44.5
-13.034014158843	21.0526443886506	44.5
-13.0446241182467	21.0649582091378	44.5
-13.0554773608393	21.0775324068639	44.5
-13.0665767094249	21.0903689596032	44.5
-13.0779249669743	21.1034697832332	44.5
-13.0895249157497	21.1168367301956	44.5
-13.1013793164293	21.1304715879571	44.5
-13.1134909072321	21.1443760774705	44.5
-13.1258624030429	21.1585518516352	44.5
-13.138496494537	21.1730004937586	44.5
-13.151395847305	21.1877235160167	44.5
-13.1645631009775	21.2027223579149	44.5
-13.17800086835	21.2179983847493	44.5
-13.1917117345077	21.2335528860673	44.5
-13.2056982559503	21.2493870741285	44.5
-13.2199629597168	21.2655020823658	44.5
-13.2345083425102	21.281898963846	44.5
-13.2493368698224	21.298578689731	44.5
-13.2644509750589	21.3155421477386	44.5
-13.2798530586638	21.3327901406033	44.5
-13.2955454872444	21.3503233845375	44.5
-13.311530592696	21.368142507692	44.5
-13.3278106713269	21.386248048617	44.5
-13.3443879829828	21.4046404547235	44.5
-13.3612647501722	21.4233200807433	44.5
-13.3784431571906	21.4422871871908	44.5
-13.3959253492455	21.4615419388234	44.5
-13.4137134315815	21.4810844031023	44.5
-13.4318094686047	21.500914548654	44.5
-13.4502154830076	21.5210322437305	44.5
-13.468933454894	21.5414372546707	44.5
-13.4879653209036	21.562129244361	44.5
-13.5073129733372	21.5831077706965	44.5
-13.5269782592811	21.6043722850414	44.5
-13.5469629797319	21.6259221306907	44.5
-13.5672688887216	21.6477565413302	44.5
-13.5878976924421	21.6698746394981	44.5
-13.6088510483702	21.6922754350456	44.5
-13.6301305643923	21.7149578235978	44.5
-13.6517377979293	21.7379205850146	44.5
-13.6736742550611	21.7611623818518	44.5
-13.6959413896518	21.7846817578217	44.5
-13.7185406024742	21.8084771362543	44.5
-13.7414732403348	21.8325468185579	44.5
-13.7647405951984	21.8568889826803	44.5
-13.7883439033132	21.8815016815694	44.5
-13.8122843443351	21.9063828416346	44.5
-13.8365630404531	21.931530261207	44.5
-13.8611810555135	21.9569416090008	44.5
-13.8861393941452	21.9826144225742	44.5
-13.9114390008842	22.0085461067901	44.5
-13.9370807592985	22.034733932277	44.5
-13.9630654911195	22.0611750339102	44.5
-13.9893939555967	22.0878664099943	44.5
-14.0160668495294	22.1148049235635	44.5
-14.0430848076145	22.1419873046734	44.5
-14.07044840281	22.1694101527416	44.5
-14.0981581466982	22.197069938889	44.5
-14.1262144898499	22.224963008281	44.5
-14.1546178221874	22.253085582468	44.5
-14.1833684733483	22.2814337617268	44.5
-14.2124667130488	22.3100035274015	44.5
-14.2419127514479	22.3387907442446	44.5
-14.2717067395101	22.3677911627581	44.5
-14.3018487693697	22.3970004215341	44.5
-14.3323388746937	22.4264140495963	44.5
-14.3631770310459	22.456027468741	44.5
-14.3943631562504	22.4858359958776	44.5
-14.4258971107545	22.5158348453704	44.5
-14.4577786979932	22.546019131379	44.5
-14.4900076647521	22.5763838701994	44.5
-14.5225837015311	22.6069239826055	44.5
-14.5555064429083	22.6376342961896	44.5
-14.5887754679029	22.6685095477036	44.5
-14.6223903003394	22.6995443854	44.5
-14.6563504092107	22.7307333713732	44.5
-14.690655209042	22.7620709839	44.5
-14.7253040602539	22.793551619781	44.5
-14.7602962695266	22.8251695966816	44.5
-14.7956310901629	22.8569191554729	44.5
-14.8313077224519	22.8887944625728	44.5
-14.8673253140327	22.9207896122868	44.5
-14.9036829602579	22.9528986291496	44.5
-14.940379704557	22.9851154702655	44.5
-14.9774145388001	23.0174340276497	44.5
-15.0147864036615	23.0498481305692	44.5
-15.0524941889831	23.0823515478842	44.5
-15.090536734138	23.1149379903885	44.5
-15.1289128283943	23.1476011131511	44.5
-15.1676212112782	23.180334517857	44.5
-15.206660572938	23.2131317551479	44.5
-15.2460295545071	23.245986326964	44.5
-15.2857267484684	23.2788916888841	44.5
-15.325750699017	23.3118412524674	44.5
-15.3660999024243	23.3448283875941	44.5
-15.4067728074013	23.3778464248065	44.5
-15.4477678154621	23.41088865765	44.5
-15.4890832812879	23.4439483450144	44.5
-15.53071751309	23.4770187134745	44.5
-15.5726687729737	23.5100929596312	44.5
-15.6149352773016	23.543164252453	44.5
-15.6575151970574	23.5762257356164	44.5
-15.7004066582094	23.6092705298473	44.5
-15.743607742074	23.6422917352618	44.5
-15.7871164856792	23.6752824337075	44.5
-15.8309308821282	23.7082356911042	44.5
-15.8750488809631	23.7411445597852	44.5
-15.9194683885283	23.7740020808382	44.5
-15.9641872683339	23.8068012864463	44.5
-16.0092033414198	23.839535202229	44.5
-16.0545143867185	23.8721968495834	44.5
-16.1001181414193	23.904779248025	44.5
-16.1460123013315	23.9372754175289	44.5
-16.1921945212482	23.9696783808707	44.5
-16.2386624153095	24.0019811659674	44.5
-16.2854135573665	24.0341768082191	44.5
-16.3324454813444	24.0662583528489	44.5
-16.3797556816064	24.098218857245	44.5
-16.4273416133172	24.1300513933011	44.5
-16.4752006928063	24.1617490497575	44.5
-16.523330297932	24.1933049345424	44.5
-16.5717277684444	24.2247121771125	44.5
-16.6203904063495	24.2559639307946	44.5
-16.6693154762724	24.2870533751259	44.5
-16.7185002058209	24.3179737181956	44.5
-16.7679417859493	24.3487181989858	44.5
-16.8176373713216	24.3792800897123	44.5
-16.8675840806753	24.4096526981659	44.5
-16.917778997185	24.4398293700532	44.5
-16.9682191688255	24.4698034913378	44.5
-17.0189016087361	24.4995684905811	44.5
-17.0698232955835	24.5291178412837	44.5
-17.1209811739255	24.558445064226	44.5
-17.172372154575	24.5875437298095	44.5
-17.223993114963	24.6164074603977	44.5
-17.2758408995023	24.6450299326573	44.5
-17.3279123199513	24.6734048798989	44.5
-17.3802041557772	24.7015260944183	44.5
-17.4327131545199	24.7293874298374	44.5
-17.4854360321553	24.7569828034453	44.5
-17.5383694734589	24.7843061985392	44.5
-17.5915101323694	24.8113516667656	44.5
-17.6448546323524	24.8381133304612	44.5
-17.6983995667636	24.864585384994	44.5
-17.7521414992126	24.8907621011041	44.5
-17.8060769639267	24.9166378272451	44.5
-17.8602024661137	24.9422069919247	44.5
-17.9145144823263	24.9674641060462	44.5
-17.969009460825	24.9924037652491	44.5
-18.0236838219422	25.0170206522503	44.5
-18.0785339584454	25.0413095391851	44.5
-18.1335562359007	25.0652652899484	44.5
-18.1887469930366	25.0888828625355	44.5
-18.2441025421075	25.1121573113829	44.5
-18.2996191692571	25.13508378971	44.5
-18.3552931348823	25.1576575518595	44.5
-18.4111206739961	25.1798739556388	44.5
-18.4670979965921	25.2017284646607	44.5
-18.523221288007	25.2232166506848	44.5
-18.579486709285	25.2443341959581	44.5
-18.6358903975411	25.2650768955565	44.5
-18.6924284663242	25.2854406597254	44.5
-18.7490970059816	25.3054215162209	44.5
-18.8058920840215	25.3250156126509	44.5
-18.8628097454773	25.3442192188159	44.5
-18.9198460132708	25.3630287290505	44.5
-18.9769968885762	25.3814406645636	44.5
-19.0342583511828	25.3994516757804	44.5
-19.0916263598594	25.4170585446825	44.5
-19.1490968527175	25.4342581871496	44.5
-19.2066657475748	25.4510476553004	44.5
-19.264328942319	25.4674241398331	44.5
-19.322082315271	25.4833849723673	44.5
-19.3799217255488	25.4989276277842	44.5
-19.4378430134307	25.5140497265681	44.5
-19.4958420007193	25.5287490371474	44.5
-19.5539144911047	25.5430234782354	44.5
-19.6120562705283	25.5568711211714	44.5
-19.6702631075459	25.5702901922619	44.5
-19.7285307536919	25.5832790751215	44.5
-19.7868549438424	25.5958363130137	44.5
-19.8452313965789	25.6079606111923	44.5
-19.9036558145518	25.6196508392424	44.5
-19.9621238848533	25.6309060333163	44.5
-20.0206312795124	25.6417253969528	44.5
-20.0791736561924	25.6521082995731	44.5
-20.1377466589379	25.6620542743978	44.5
-20.1963459189227	25.671563016354	44.5
-20.254967055198	25.6806343799821	44.5
-20.3136056754405	25.6892683773429	44.5
-20.3722573767006	25.6974651759244	44.5
-20.4309177461497	25.7052250965492	44.5
-20.4895823618294	25.712548611281	44.5
-20.5482467933986	25.7194363413318	44.5
-20.606906602882	25.725889054969	44.5
-20.6655573454181	25.7319076654223	44.5
-20.724194570007	25.7374932287905	44.5
-20.782813820259	25.7426469419488	44.5
-20.8414106351421	25.7473701404555	44.5
-20.8999805497302	25.7516642964591	44.5
-20.9585190959515	25.7555310166056	44.5
-21.017021803336	25.7589720399449	44.5
-21.0754841997639	25.7619892358381	44.5
-21.1339018122137	25.7645846018645	44.5
-21.1922701675101	25.7667602617287	44.5
-21.2505847930719	25.7685184631671	44.5
-21.3088412176605	25.7698615758556	44.5
-21.3670349721274	25.770792089316	44.5
-21.4251615901629	25.7713126108231	44.5
-21.4832166090434	25.7714258633119	44.5
-21.5411955703802	25.7711346832846	44.5
-21.5990940208671	25.7704420187173	44.5
-21.6569075130284	25.7693509269669	44.5
-21.7146316059673	25.7678645726789	44.5
-21.7722618661136	25.7659862256932	44.5
-21.8297938679721	25.7637192589521	44.5
-21.8872231948703	25.7610671464067	44.5
-21.9445454397066	25.7580334609241	44.5
-22.0017562056987	25.7546218721943	44.5
-22.0588511071308	25.7508361446375	44.5
-22.1158257701027	25.7466801353104	44.5
-22.1726758332769	25.742157791814	44.5
-22.2293969486275	25.7372731501999	44.5
-22.2859847821873	25.7320303328777	44.5
-22.342435014797	25.726433546522	44.5
-22.3987433428521	25.7204870799789	44.5
-22.4549054790519	25.7141953021738	44.5
-22.510917153147	25.7075626600176	44.5
-22.5667741126873	25.700593676314	44.5
-22.6224721237706	25.6932929476667	44.5
-22.6780069717902	25.6856651423861	44.5
-22.7333744621828	25.6777149983962	44.5
-22.7885704211771	25.669447321142	44.5
-22.8435906965415	25.6608669814962	44.5
-22.8984311583322	25.651978913666	44.5
-22.9530876996413	25.6427881131006	44.5
-23.0075562373447	25.6332996343977	44.5
-23.0618327128504	25.6235185892108	44.5
-23.1159130928464	25.613450144156	44.5
-23.1697933700488	25.6030995187191	44.5
-23.2234695639498	25.5924719831626	44.5
-23.2769377215658	25.5815728564324	44.5
-23.3301939181853	25.5704075040652	44.5
-23.3832342581174	25.5589813360954	44.5
-23.4360548754394	25.5472998049617	44.5
-23.4886519347448	25.5353684034146	44.5
-23.5410216318918	25.523192662423	44.5
-23.593160194751	25.5107781490816	44.5
-23.6450638839537	25.4981304645172	44.5
-23.6967289936395	25.4852552417966	44.5
-23.748151852205	25.4721581438327	44.5
-23.7993288230513	25.4588448612921	44.5
-23.8502563053324	25.4453211105019	44.5
-23.900930734703	25.4315926313565	44.5
-23.9513485840667	25.4176651852248	44.5
-24.0015063643241	25.4035445528573	44.5
-24.0514006251208	25.3892365322927	44.5
-24.1010279555952	25.3747469367652	44.5
-24.1503849851271	25.3600815926113	44.5
-24.1994683840852	25.3452463371771	44.5
-24.2482748645756	25.3302470167247	44.5
-24.2968011811893	25.3150894843399	44.5
-24.345044131751	25.2997795978386	44.5
-24.3930005580665	25.2843232176742	44.5
-24.4406673466711	25.2687262048442	44.5
-24.4880414295775	25.2529944187976	44.5
-24.5351197850239	25.2371337153415	44.5
-24.5818994382221	25.2211499445483	44.5
-24.6283774621056	25.2050489486627	44.5
-24.6745509780772	25.1888365600088	44.5
-24.720417156758	25.1725185988964	44.5
-24.7659732187344	25.1561008715291	44.5
-24.8112164353067	25.1395891679104	44.5
-24.8561441292373	25.122989259751	44.5
-24.9007536754983	25.1063068983756	44.5
-24.9450425020199	25.0895478126305	44.5
-24.9890080904383	25.0727177067897	44.5
-25.0326479768438	25.0558222584625	44.5
-25.0759597525287	25.0388671165002	44.5
-25.1189410647358	25.0218578989035	44.5
-25.1615896174059	25.0048001907288	44.5
-25.2039031719262	24.9876995419958	44.5
-25.2458795478781	24.9705614655941	44.5
-25.2875166237857	24.9533914351904	44.5
-25.3288123378632	24.9361948831356	44.5
-25.3697646887636	24.9189771983713	44.5
-25.4103717363263	24.9017437243373	44.5
-25.4506316023255	24.8844997568782	44.5
-25.4905424712178	24.8672505421509	44.5
-25.5301025908906	24.8500012745309	44.5
-25.5693102734103	24.8327570945198	44.5
-25.6081638957699	24.8155230866521	44.5
-25.6466619006373	24.7983042774023	44.5
-25.6848027971035	24.7811056330916	44.5
-25.7225851614302	24.7639320577952	44.5
-25.7600076377983	24.7467883912492	44.5
-25.7970689390559	24.7296794067575	44.5
-25.8337678474661	24.7126098090989	44.5
-25.8701032154552	24.695584232434	44.5
-25.9060739663608	24.6786072382121	44.5
-25.9416790951797	24.6616833130784	44.5
-25.9769176693163	24.6448168667809	44.5
-26.0117888293301	24.6280122300774	44.5
-26.0462917896842	24.6112736526423	44.5
-26.0804258394933	24.594605300974	44.5
-26.1141903432716	24.5780112563013	44.5
-26.1475847416808	24.561495512491	44.5
-26.1806085522784	24.5450619739544	44.5
-26.2132613702657	24.5287144535546	44.5
-26.2455428692355	24.5124566705134	44.5
-26.2774528019208	24.4962922483181	44.5
-26.3089910009421	24.4802247126288	44.5
-26.3401573795561	24.4642574891852	44.5
-26.3709519324028	24.4483939017149	44.5
-26.4013747361219	24.4326371700727	44.5
-26.4314259491485	24.4169904098348	44.5
-26.4611058107622	24.4014566332121	44.5
-26.490414640044	24.3860387501289	44.5
-26.5193528348321	24.3707395693012	44.5
-26.5479208706788	24.3555617993156	44.5
-26.5761192998064	24.340508049708	44.5
-26.6039487500634	24.3255808320425	44.5
-26.6314099238815	24.3107825609899	44.5
-26.658503597231	24.2961155554064	44.5
-26.6852306185778	24.2815820394124	44.5
-26.7115919078392	24.2671841434714	44.5
-26.7375884553406	24.2529239054683	44.5
-26.7632213207715	24.2388032717885	44.5
-26.7884916321421	24.2248240983967	44.5
-26.8134005847393	24.210988151915	44.5
-26.8379494400832	24.1972971107023	44.5
-26.8621395248833	24.1837525659327	44.5
-26.8859722299948	24.1703560226744	44.5
-26.9094490093751	24.157108900968	44.5
-26.9325713790399	24.1440125369058	44.5
-26.9553409160193	24.1310681837102	44.5
-26.9777592573148	24.1182770128123	44.5
-26.9998280988549	24.105640114931	44.5
-27.0215491944515	24.0931585011513	44.5
-27.0429243547566	24.0808331040035	44.5
-27.0639554462184	24.0686647785415	44.5
-27.0846443900374	24.0566543034215	44.5
-27.1049931611228	24.0448023819811	44.5
-27.1250037870492	24.033109643318	44.5
-27.1446783470122	24.0215766433681	44.5
-27.1640189707854	24.010203865985	44.5
-27.1830278376761	23.9989917240182	44.5
-27.201707175482	23.9879405603922	44.5
-27.2200592594473	23.9770506491847	44.5
-27.2380864112193	23.9663221967061	44.5
-27.2557909978043	23.9557553425773	44.5
-27.2731754305241	23.9453501608092	44.5
-27.2902421639724	23.935106660881	44.5
-27.3069936949707	23.9250247888191	44.5
-27.3234325615253	23.9151044282758	44.5
-27.339561341783	23.9053454016076	44.5
-27.3553826529874	23.8957474709549	44.5
-27.3708991504358	23.8863103393197	44.5
-27.3861135264348	23.8770336516448	44.5
-27.401028509257	23.8679169958925	44.5
-27.4156468620973	23.8589599041235	44.5
-27.429971382029	23.850161853575	44.5
-27.4440048989602	23.8415222677402	44.5
-27.4577502745901	23.8330405174464	44.5
-27.4712104013654	23.8247159219341	44.5
-27.4843882014366	23.8165477499356	44.5
-27.497286625614	23.8085352207536	44.5
-27.5099086523243	23.8006775053402	44.5
-27.522257286567	23.7929737273753	44.5
-27.5343355588703	23.7854229643457	44.5
-27.5461465242476	23.7780242486233	44.5
-27.5576932611542	23.7707765685444	44.5
-27.5689788704428	23.7636788694879	44.5
-27.5800064743205	23.7567300549546	44.5
-27.5907792153047	23.7499289876453	44.5
-27.6013002551797	23.7432744905398	44.5
-27.6115727739527	23.7367653479759	44.5
-27.6215999688103	23.7304003067276	44.5
-27.6313850530747	23.7241780770842	44.5
-27.6409312551602	23.7180973339289	44.5
-27.6502418175292	23.7121567178174	44.5
-27.6593199956487	23.7063548360569	44.5
-27.6681690569465	23.7006902637846	44.5
-27.6767922797678	23.6951615450464	44.5
-27.6933743716843	23.6845056953727	44.5
-27.709092676841	23.6743750585706	44.5
-27.7239737085588	23.664756977754	44.5
-27.7380440546381	23.6556384021342	44.5
-27.7513303439606	23.6470059215399	44.5
-27.7638592130909	23.6388458009354	44.5
-27.7756572728783	23.6311440149404	44.5
-27.7867510750583	23.6238862823488	44.5
-27.7971670788544	23.6170581006476	44.5
-27.8069316175797	23.6106447805364	44.5
-27.8160708652386	23.6046314804463	44.5
-27.8246108031285	23.5990032410588	44.5
-27.8363532735844	23.5912499509564	44.5
-27.8468909791883	23.5842782525884	44.5
-27.8563081463516	23.578037223788	44.5
-27.8646871805112	23.5724762200468	44.5
-27.8743828654617	23.5660328748669	44.5
-27.8843868987319	23.5593765836833	44.5
-27.8937351224016	23.5531514838053	44.5
-27.9025700521946	23.5472662004441	44.5
-27.9110586322011	23.5416114405551	44.5
