0.384240360972218	7.24317610112443	50
0.375684559747018	7.237897684268	50
0.367195762848654	7.23251217163375	50
0.358775310756563	7.22702041365655	50
0.350424533157743	7.22142327754864	50
0.34214474873678	7.21572164716271	50
0.333937264967619	7.20991642285229	50
0.32580337790709	7.20400852132959	50
0.317744371990251	7.19799887552075	50
0.309761519827559	7.19188843441851	50
0.301856082003911	7.18567816293235	50
0.294029306879583	7.17936904173613	50
0.286282430393096	7.17296206711323	50
0.278616675866054	7.16645825079921	50
0.271033253809959	7.15985861982206	50
0.263533361735065	7.15316421634003	50
0.256118183961272	7.14637609747701	50
0.248788891431108	7.13949533515568	50
0.24154664152483	7.13252301592817	50
0.234392577877652	7.1254602408045	50
0.227327830199156	7.11830812507875	50
0.220353514094898	7.11106779815289	50
0.21347073089024	7.10374040335849	50
0.206680567456437	7.09632709777612	50
0.19998409603901	7.08882905205267	50
0.193382374088424	7.08124745021648	50
0.186876444093103	7.07358348949037	50
0.180467333414814	7.06583838010258	50
0.174156054126429	7.05801334509567	50
0.167943602852111	7.05010962013338	50
0.161830960609932	7.04212845330549	50
0.155819092656964	7.03407110493078	50
0.149908948336847	7.02593884735796	50
0.144101460929882	7.01773296476477	50
0.138397547505653	7.00945475295519	50
0.132798108778212	7.00110551915483	50
0.127304028963845	6.9926865818045	50
0.121916175641444	6.98419927035201	50
0.116635399615506	6.97564492504221	50
0.111462534781782	6.9670248967054	50
0.106398397995595	6.95834054654398	50
0.10144378894285	6.94959324591751	50
0.0965994900137519	6.94078437612616	50
0.0918662661792575	6.9319153281926	50
0.0872448648702802	6.92298750264229	50
0.0827360158596595	6.91400230928239	50
0.0783404311469225	6.90496116697909	50
0.0740588048458504	6.89586550343357	50
0.0698918130748706	6.88671675495654	50
0.0658401138502888	6.87751636624144	50
0.0619043469823812	6.86826579013631	50
0.0580851339743615	6.85896648741434	50
0.0543830779242374	6.84961992654325	50
0.0507987634295746	6.84022758345333	50
0.0473327564951823	6.83079094130444	50
0.043985604443735	6.82131149025178	50
0.0407578358293429	6.81179072721055	50
0.0376499603540879	6.8022301556196	50
0.034662468787535	6.79263128520401	50
0.0317958328892345	6.78299563173671	50
0.029050505334226	6.77332471679907	50
0.0264269196415553	6.76362006754067	50
0.023925490105817	6.75388321643813	50
0.0215466117317321	6.7441157010531	50
0.0192906601717726	6.73431906378951	50
0.0171579916668418	6.72449485164993	50
0.0151489429900193	6.71464461599135	50
0.0132638313933807	6.70476991228017	50
0.0115029545579002	6.69487229984658	50
0.00986659054644257	6.68495334163831	50
0.00835499775985493	6.67501460397385	50
0.00696841489616074	6.6650576562951	50
0.00570706091286843	6.6550840709195	50
0.00457113499239381	6.64509542279183	50
0.0035608165106078	6.63509328923539	50
0.00267626500851059	6.62507924970304	50
0.00191762016703856	6.6150548855277	50
0.00128500178500657	6.60502177967268	50
0.000778509760190893	6.5949815164817	50
0.000398224073553277	6.58493568142871	50
0.000144204776612478	6.57488586086752	50
1.64919819598541e-05	6.56483364178129	50
1.5105856926434e-05	6.55478061153196	50
0.000140046620397238	6.54472835760953	50
0.00039129454277731	6.53467846738143	50
0.000768809949107441	6.52463252784182	50
0.00127253322532839	6.51459212536103	50
0.00190238482769567	6.50455884543498	50
0.00265826529533963	6.4945342724349	50
0.00354005526597201	6.48451998935707	50
0.00454761549473459	6.47451757757286	50
0.00568078687618712	6.46452861657906	50
0.00693939046943237	6.45455468374841	50
0.00832322752637271	6.44459735408051	50
0.00983207952309484	6.43465819995315	50
0.0114657081943775	6.42473879087399	50
0.0132238555713157	6.41484069323271	50
0.0151062440220576	6.40496547005367	50
0.0171125762956456	6.39511468074908	50
0.0192425355689553	6.38528988087278	50
0.0214957854967265	6.37549262187455	50
0.0238719702646748	6.36572445085517	50
0.02637071464568	6.35598691032207	50
0.0289916240590377	6.34628153794578	50
0.0317342846327689	6.33660986631712	50
0.0345982632689756	6.32697342270515	50
0.0375831077122304	6.31737372881602	50
0.0406883466209945	6.30781230055269	50
0.0439134896420472	6.29829064777551	50
0.0472580274879182	6.28881027406384	50
0.0507214320173106	6.27937267647859	50
0.0543031563185001	6.26997934532582	50
0.058002634795699	6.26063176392141	50
0.0618192832583701	6.25133140835682	50
0.065752499013477	6.24207974726602	50
0.0698016609606568	6.23287824159352	50
0.0739661296902985	6.22372834436376	50
0.0782452475845137	6.21463150045157	50
0.0826383389209818	6.20558914635406	50
0.0871447099796545	6.19660270996376	50
0.0917636491523022	6.18767361034315	50
0.0964944270548849	6.17880325750057	50
0.101336296642731	6.16999305216757	50
0.106288493328504	6.1612443855777	50
0.111350235102939	6.15255863924682	50
0.116520722658333	6.14393718475498	50
0.121799139514762	6.13538138352978	50
0.127184652149015	6.12689258663142	50
0.132676410126217	6.11847213453933	50
0.138273546234121	6.11012135694051	50
0.143975176620051	6.10184157251954	50
0.149780400930473	6.09363408875038	50
0.155688302453173	6.08550020168985	50
0.161697948262014	6.07744119577301	50
0.167808389364257	6.06945834361032	50
0.174018660850416	6.06155290578667	50
0.180327782046633	6.05372613066235	50
0.186734756669534	6.04597925417586	50
0.193238572983552	6.03831349964882	50
0.199838203960698	6.03073007759272	50
0.206532607442735	6.02323018551783	50
0.213320726305749	6.01581500774403	50
0.220201488627081	6.00848571521387	50
0.227173807854596	6.00124346530759	50
0.234236582978263	5.99408940166041	50
0.241388698704015	5.98702465398192	50
0.24862902562987	5.98005033787766	50
0.255956420424273	5.973167554673	50
0.263369726006644	5.9663773912392	50
0.270867771730094	5.95968091982177	50
0.278449373566283	5.95307919787119	50
0.286113334292393	5.94657326787587	50
0.293858443680181	5.94016415719758	50
0.301683478687091	5.93385287790919	50
0.309587203649385	5.92764042663487	50
0.317568370477268	5.9215277843927	50
0.325625718851978	5.91551591643973	50
0.333757976424802	5.90960577211961	50
0.341963859017998	5.90379828471264	50
0.350242070827578	5.89809437128842	50
0.358591304627933	5.89249493256097	50
0.36701024197826	5.88700085274661	50
0.375497553430755	5.88161299942421	50
0.384051898740552	5.87633222339827	50
0.392671927077361	5.87115935856454	50
0.401356277238782	5.86609522177836	50
0.410103577865251	5.86114061272561	50
0.418912447656597	5.85629631379651	50
0.427781495590166	5.85156308996202	50
0.436709321140475	5.84694168865304	50
0.445694514500375	5.84243283964242	50
0.454735656803675	5.83803725492969	50
0.463831320349196	5.83375562862861	50
0.472980068826226	5.82958863685763	50
0.482180457541323	5.82553693763305	50
0.491431033646456	5.82160117076514	50
0.500730336368421	5.81778195775712	50
0.510076897239516	5.814079901707	50
0.519469240329434	5.81049558721234	50
0.528905882478319	5.80702958027794	50
0.538385333530983	5.8036824282265	50
0.547906096572216	5.8004546596121	50
0.557466668163166	5.79734678413685	50
0.567065538578748	5.7943592925703	50
0.57670119204605	5.791492656672	50
0.586372106983691	5.78874732911699	50
0.596076756242092	5.78612374342432	50
0.605813607344635	5.78362231388858	50
0.615581122729659	5.78124343551449	50
0.625377759993256	5.77898748395453	50
0.635201972132834	5.7768548154496	50
0.645052207791412	5.77484576677278	50
0.654926911502592	5.77296065517614	50
0.664824523936186	5.77119977834066	50
0.674743482144454	5.7695634143292	50
0.684682219808911	5.76805182154262	50
0.694639167487667	5.76666523867892	50
0.704612752863258	5.76540388469563	50
0.714601400990936	5.76426795877516	50
0.724603534547369	5.76325764029337	50
0.734617574079721	5.76237308879127	50
0.744641938255063	5.7616144439498	50
0.754675044110084	5.76098182556777	50
0.764715307301065	5.76047533354295	50
0.774761142354056	5.76009504785632	50
0.784810962915248	5.75984102855937	50
0.794863182001472	5.75971331576472	50
0.804916212250806	5.75971192963969	50
0.814968466173235	5.75983687040316	50
0.825018356401335	5.76008811832554	50
0.835064295940937	5.76046563373187	50
0.845104698421733	5.76096935700809	50
0.855137978347777	5.76159920861046	50
0.86516255134786	5.7623550890781	50
0.875176834425698	5.76323687904873	50
0.885179246209902	5.7642444392775	50
0.8951682072037	5.76537761065895	50
0.905142140034356	5.76663621425219	50
0.915099469702254	5.76802005130914	50
0.925038623829611	5.76952890330586	50
0.934958032908771	5.77116253197714	50
0.944856130550052	5.77292067935408	50
0.954731353729094	5.77480306780482	50
0.975448787990082	5.77892793663073	50
0.993981474283489	5.78258644688996	50
1.01252064329872	5.7862137498531	50
1.03106629503577	5.78980984552015	50
1.04961842949465	5.79337473389112	50
1.06817704667535	5.796908414966	50
1.08674214657788	5.80041088874478	50
1.10531372920223	5.80388215522748	50
1.1238917945484	5.80732221441409	50
1.1424763426164	5.81073106630461	50
1.16106737340622	5.81410871089904	50
1.17966488691786	5.81745514819739	50
1.19826888315133	5.82077037819964	50
1.21687936210662	5.82405440090581	50
1.23549632378373	5.82730721631588	50
1.25411976818267	5.83052882442987	50
1.27274969530343	5.83371922524777	50
1.29138610514602	5.83687841876958	50
1.31002899771043	5.8400064049953	50
1.32867837299666	5.84310318392493	50
1.34733423100471	5.84616875555847	50
1.36599657173459	5.84920311989593	50
1.3846653951863	5.85220627693729	50
1.40334070135982	5.85517822668256	50
1.42202249025518	5.85811896913175	50
1.44071076187235	5.86102850428485	50
1.45940551621135	5.86390683214186	50
1.47810675327217	5.86675395270278	50
1.49681447305481	5.86956986596761	50
1.51552867555928	5.87235457193635	50
1.53424936078558	5.87510807060901	50
1.55297652873369	5.87783036198557	50
1.57171017940363	5.88052144606605	50
1.59045031279539	5.88318132285043	50
1.60919692890898	5.88580999233873	50
1.62795002774439	5.88840745453094	50
1.64670960930163	5.89097370942706	50
1.66547567358068	5.89350875702709	50
1.68424822058157	5.89601259733103	50
1.70302725030427	5.89848523033888	50
1.7218127627488	5.90092665605065	50
1.74060475791515	5.90333687446632	50
1.75940323580333	5.90571588558591	50
1.77820819641333	5.90806368940941	50
1.79701963974515	5.91038028593682	50
1.8158375657988	5.91266567516814	50
1.83466197457427	5.91491985710336	50
1.85349286607156	5.91714283174251	50
1.87233024029068	5.91933459908556	50
1.89117409723162	5.92149515913252	50
1.91002443689439	5.9236245118834	50
1.92888125927898	5.92572265733818	50
1.94774456438539	5.92778959549688	50
1.96661435221363	5.92982532635949	50
1.98549062276368	5.93182984992601	50
2.00437337603557	5.93380316619644	50
2.02326261202927	5.93574527517078	50
2.04215833074481	5.93765617684903	50
2.06106053218216	5.9395358712312	50
2.07996921634134	5.94138435831727	50
2.09888438322234	5.94320163810726	50
2.11780603282516	5.94498771060115	50
2.13673416514981	5.94674257579896	50
2.15566878019629	5.94846623370068	50
2.17460987796458	5.95015868430631	50
2.1935574584547	5.95181992761585	50
2.21251152166664	5.9534499636293	50
2.23147206760041	5.95504879234667	50
2.250439096256	5.95661641376794	50
2.26941260763342	5.95815282789313	50
2.28839260173265	5.95965803472222	50
2.30737907855372	5.96113203425523	50
2.3263720380966	5.96257482649215	50
2.34537148036131	5.96398641143298	50
2.36437740534784	5.96536678907772	50
2.3833898130562	5.96671595942637	50
2.40240870348638	5.96803392247893	50
2.42143407663838	5.9693206782354	50
2.44046593251221	5.97057622669579	50
2.45950427110786	5.97180056786009	50
2.47854909242533	5.97299370172829	50
2.49760039646463	5.97415562830041	50
2.51665818322575	5.97528634757644	50
2.5357224527087	5.97638585955638	50
2.55479320491347	5.97745416424023	50
2.57387043984006	5.97849126162799	50
2.59295415748847	5.97949715171967	50
2.61204435785871	5.98047183451525	50
2.63114104095078	5.98141531001475	50
2.65024420676466	5.98232757821816	50
2.66935385530037	5.98320863912547	50
2.68846998655791	5.9840584927367	50
2.70759260053727	5.98487713905184	50
2.72672169723845	5.9856645780709	50
2.74585727666145	5.98642080979385	50
2.76499933880628	5.98714583422073	50
2.78414788367293	5.98783965135151	50
2.80330291126141	5.98850226118621	50
2.82246442157171	5.98913366372482	50
2.84163241460383	5.98973385896733	50
2.86080689035778	5.99030284691376	50
2.87998784883355	5.9908406275641	50
2.89917529003114	5.99134720091835	50
2.91836921395056	5.99182256697651	50
2.9375696205918	5.99226672573858	50
2.95677650995487	5.99267967720457	50
2.97598988203976	5.99306142137446	50
2.99520973684647	5.99341195824827	50
3.01443607437501	5.99373128782599	50
3.03366889462536	5.99401941010762	50
3.05290819759755	5.99427632509315	50
3.07215398329155	5.9945020327826	50
3.09140625170739	5.99469653317597	50
3.11066500284504	5.99485982627324	50
3.12993023670452	5.99499191207442	50
3.14920195328582	5.99509279057952	50
3.16848015258894	5.99516246178852	50
3.18776483461389	5.99520092570144	50
3.20705599936066	5.99520818231827	50
3.22635364682926	5.99518423163901	50
3.24565777701968	5.99512907366365	50
3.26496838993192	5.99504270839222	50
3.28428548556599	5.99492513582469	50
3.30360906392188	5.99477635596107	50
3.32293912499959	5.99459636880137	50
3.34227566879913	5.99438517434557	50
3.36161869532049	5.99414277259369	50
3.38096820456368	5.99386916354572	50
3.40032419652869	5.99356434720165	50
3.41968667121552	5.99322832356151	50
3.43905562862418	5.99286109262526	50
3.45843106875465	5.99246265439294	50
3.47781299160696	5.99203300886452	50
3.49720139718108	5.99157215604002	50
3.51659628547704	5.99108009591942	50
3.53599765649481	5.99055682850274	50
3.55540551023441	5.99000235378996	50
3.57481984669583	5.9894166717811	50
3.59424066587907	5.98879978247615	50
3.61366796778414	5.98815168587511	50
3.63310175241103	5.98747238197798	50
3.65254201975975	5.98676187078476	50
3.67198876983029	5.98602015229546	50
3.69144200262265	5.98524722651006	50
3.71090171813684	5.98444309342858	50
3.73036791637285	5.983607753051	50
3.74984059733068	5.98274120537734	50
3.76931976101034	5.98184345040759	50
3.78880540741182	5.98091448814175	50
3.80829753653513	5.97995431857983	50
3.82779614838026	5.97896294172181	50
3.84730124294721	5.9779403575677	50
3.86681282023598	5.9768865661175	50
3.88633088024658	5.97580156737122	50
3.90585542297901	5.97468536132885	50
3.92538644843325	5.97353794799038	50
3.94492395660932	5.97235932735583	50
3.96446794750722	5.97114949942519	50
3.98401842112694	5.96990846419846	50
4.00357537746848	5.96863622167565	50
4.02313881653184	5.96733277185674	50
4.04270873831703	5.96599811474174	50
4.06228514282404	5.96463225033065	50
4.08186803005288	5.96323517862348	50
4.10145740000354	5.96180689962022	50
4.12105325267602	5.96034741332087	50
4.14065558807033	5.95885671972543	50
4.16026440618646	5.9573348188339	50
4.17987970702441	5.95578171064628	50
4.19950149058419	5.95419739516257	50
4.21912975686579	5.95258187238278	50
4.23876450586922	5.95093514230689	50
4.25840573759447	5.94925720493492	50
4.27805345204154	5.94754806026685	50
4.29770764921043	5.9458077083027	50
4.31736832910115	5.94403614904246	50
4.3370354917137	5.94223338248613	50
4.35670913704806	5.94039940863371	50
4.37638926510425	5.93853422748521	50
4.39607587588227	5.93663783904061	50
4.4157689693821	5.93471024329992	50
4.43546854560377	5.93275144026315	50
4.45517460454725	5.93076142993028	50
4.47488714621256	5.92874021230133	50
4.49460617059969	5.92668778737629	50
4.51433167770865	5.92460415515516	50
4.53406366753943	5.92248931563794	50
4.55380214009203	5.92034326882464	50
4.57354709536646	5.91816601471524	50
4.59329853336271	5.91595755330975	50
4.61305645408078	5.91371788460817	50
4.63282085752068	5.91144700861051	50
4.6525917436824	5.90914492531676	50
4.67236911256594	5.90681163472692	50
4.69215296417131	5.90444713684099	50
4.7119432984985	5.90205143165897	50
4.73174011554752	5.89962451918086	50
4.75154341531836	5.89716639940666	50
4.77135319781102	5.89467707233637	50
4.79116946302551	5.89215653797	50
4.81099221096182	5.88960479630754	50
4.83082144161995	5.88702184734898	50
4.85065715499991	5.88440769109434	50
4.87049935110169	5.88176232754361	50
4.8903480299253	5.87908575669679	50
4.91020319147073	5.87637797855388	50
4.93006483573798	5.87363899311489	50
4.94993296272705	5.8708688003798	50
4.96980757243795	5.86806740034862	50
4.98968866487068	5.86523479302136	50
5.00957624002522	5.862370978398	50
5.02947029790159	5.85947595647856	50
5.04937083849979	5.85654972726303	50
5.0692778618198	5.85359229075141	50
5.08919136786165	5.8506036469437	50
5.10911135662531	5.84758379583991	50
5.1290378281108	5.84453273744002	50
5.14897078231811	5.84145047174404	50
5.16891021924725	5.83833699875197	50
5.18885613889821	5.83519231846382	50
5.20880854127099	5.83201643087958	50
5.22876742636559	5.82880933599925	50
5.24873279418203	5.82557103382283	50
5.26870464472028	5.82230152435032	50
5.28868297798036	5.81900080758172	50
5.30866779396226	5.81566888351703	50
5.32865909266598	5.81230575215626	50
5.34865687409153	5.80891141349939	50
5.3686611382389	5.80548586754644	50
5.3886718851081	5.80202911429739	50
5.40868911469912	5.79854115375227	50
5.42871282701196	5.79502198591104	50
5.44874302204663	5.79147161077373	50
5.46877969980312	5.78789002834033	50
5.48882286028143	5.78427723861084	50
5.50887250348157	5.78063324158527	50
5.52892862940353	5.77695803726361	50
5.54899123804732	5.77325162564585	50
5.56906032941292	5.76951400673201	50
5.58913590350036	5.76574518052208	50
5.60921796030961	5.76194514701605	50
5.62930649984069	5.75811390621394	50
5.6494015220936	5.75425145811575	50
5.66950302706832	5.75035780272146	50
5.68961101476487	5.74643294003108	50
5.70972548518325	5.74247687004461	50
5.72984643832344	5.73848959276206	50
5.74997387418546	5.73447110818342	50
5.77010779276931	5.73042141630868	50
5.79024819407498	5.72634051713786	50
5.81039507810247	5.72222841067095	50
5.83054844485178	5.71808509690795	50
5.85070829432292	5.71391057584886	50
5.87087462651589	5.70970484749369	50
5.89104744143067	5.70546791184242	50
5.91122673906728	5.70119976889506	50
5.93141251942572	5.69690041865162	50
5.95160478250598	5.69256986111209	50
5.97180352830805	5.68820809627647	50
5.99200875683196	5.68381512414475	50
6.01222046807769	5.67939094471696	50
6.03243866204524	5.67493555799307	50
6.05266333873462	5.67044896397309	50
6.07289449814582	5.66593116265702	50
6.09313214027884	5.66138215404487	50
6.11337626513369	5.65680193813663	50
6.13362687271036	5.65219051493229	50
6.15388396300885	5.64754788443187	50
6.17414753602917	5.64287404663536	50
6.19441759177131	5.63816900154276	50
6.21469413023527	5.63343274915407	50
6.23497715142106	5.62866528946929	50
6.25526665532867	5.62386662248843	50
6.27556264195811	5.61903674821147	50
6.29586511130937	5.61417566663842	50
6.31617406338245	5.60928337776929	50
6.33648949817736	5.60435988160407	50
6.35681141569409	5.59940517814276	50
6.37713981593264	5.59441926738535	50
6.39747469889302	5.58940214933187	50
6.41781606457522	5.58435382398229	50
6.43816391297924	5.57927429133662	50
6.45851824410509	5.57416355139487	50
6.47887905795276	5.56902160415702	50
6.49924635452226	5.56384844962309	50
6.51962013381358	5.55864408779307	50
6.54000039582672	5.55340851866695	50
6.56038714056169	5.54814174224475	50
6.58078036801848	5.54284375852646	50
6.60118007819709	5.53751456751208	50
6.62158627109753	5.53215416920162	50
6.64199894671979	5.52676256359506	50
6.66241810506388	5.52133975069242	50
6.68284374612978	5.51588573049368	50
6.70327586991752	5.51040050299886	50
6.72371447642707	5.50488406820795	50
6.74415956565845	5.49933642612094	50
6.76461113761165	5.49375757673786	50
6.78506919228668	5.48814752005867	50
6.80553372968353	5.48250625608341	50
6.8260047498022	5.47683378481205	50
6.8464822526427	5.4711301062446	50
6.86696623820502	5.46539522038107	50
6.88745670648917	5.45962912722145	50
6.90795365749513	5.45383182676574	50
6.92845709122293	5.44800331901393	50
6.94896700767254	5.44214360396604	50
6.96948340684398	5.43625268162207	50
6.99000628873724	5.43033055198199	50
7.01053565335233	5.42437721504584	50
7.03107150068924	5.41839267081359	50
7.05161383074797	5.41237691928526	50
7.07216264352853	5.40632996046084	50
7.09271793903091	5.40025179434032	50
7.11327971725512	5.39414242092372	50
7.13384797820115	5.38800184021103	50
7.154422721869	5.38183005220225	50
7.17500394825867	5.37562705689738	50
7.19559165737017	5.36939285429642	50
7.21618584920349	5.36312744439938	50
7.23678652375864	5.35683082720624	50
7.25739368103561	5.35050300271702	50
7.27800732103441	5.34414397093171	50
7.29862744375502	5.3377537318503	50
7.31925404919746	5.33133228547281	50
7.33988713736173	5.32487963179923	50
7.36052670824782	5.31839577082956	50
7.38117276185573	5.31188070256381	50
7.40182529818546	5.30533442700196	50
7.42248431723702	5.29875694414403	50
7.44314981901041	5.29214825399	50
7.46382180350561	5.28550835653988	50
7.48450027072264	5.27883725179368	50
7.5051852206615	5.27213493975139	50
7.52587665332217	5.26540142041301	50
7.54657456870468	5.25863669377854	50
7.567278966809	5.25184075984798	50
7.58798984763515	5.24501361862134	50
7.60870721118312	5.2381552700986	50
7.62943105745291	5.23126571427978	50
7.65016138644453	5.22434495116486	50
7.67089819815798	5.21739298075386	50
7.69164149259324	5.21040980304677	50
7.71239126975033	5.20339541804359	50
7.73314752962924	5.19634982574432	50
7.75391027222998	5.18927302614896	50
7.77467949755254	5.18216501925751	50
7.79545520559693	5.17502580506998	50
7.81623739636314	5.16785538358635	50
7.83702606985117	5.16065375480664	50
7.85782122606103	5.15342091873084	50
7.8786228649927	5.14615687535894	50
7.89943098664621	5.13886162469097	50
7.92024559102153	5.13153516672689	50
7.94106667811868	5.12417750146673	50
7.96189424793766	5.11678862891049	50
7.98272830047845	5.10936854905815	50
8.00356883574107	5.10191726190973	50
8.02441585372552	5.09443476746521	50
8.04526935443179	5.08692106572461	50
8.06612933785988	5.07937615668791	50
8.08699580400979	5.07180004035513	50
8.10786875288153	5.06419271672626	50
8.1287481844751	5.0565541858013	50
8.14963409879048	5.04888444758026	50
8.17052649582769	5.04118350206312	50
8.19142537558673	5.03345134924989	50
8.21233073806758	5.02568798914058	50
8.23324258327026	5.01789342173517	50
8.25416091119477	5.01006764703368	50
8.2750857218411	5.0022106650361	50
8.29601701520925	4.99432247574243	50
8.31695479129922	4.98640307915267	50
8.33789905011102	4.97845247526682	50
8.35884979164464	4.97047066408489	50
8.37980701590009	4.96245764560686	50
8.40077072287736	4.95441341983274	50
8.42174091257646	4.94633798676254	50
8.44271758499737	4.93823134639625	50
8.46370074014011	4.93009349873387	50
8.48469037800468	4.9219244437754	50
8.50568649859106	4.91372418152084	50
8.52668910189928	4.90549271197019	50
8.54769818792931	4.89723003512345	50
8.56871375668117	4.88893615098062	50
8.58973580815486	4.88061105954171	50
8.61076434235036	4.8722547608067	50
8.63179935926769	4.86386725477561	50
8.65284085890684	4.85544854144843	50
8.67388884126782	4.84699862082516	50
8.69494330635062	4.8385174929058	50
8.71600425415525	4.83000515769035	50
8.73707168468169	4.82146161517881	50
8.75814559792997	4.81288686537118	50
8.77922599390006	4.80428090826746	50
8.80031287259198	4.79564374386766	50
8.82140623400572	4.78697537217177	50
8.84250607814129	4.77827579317979	50
8.86361240499868	4.76954500689172	50
8.88472521457789	4.76078301330755	50
8.90584450687893	4.75198981242731	50
8.92697028190179	4.74316540425097	50
8.94810253964648	4.73430978877854	50
8.96924128011298	4.72542296601002	50
8.99038650330131	4.71650493594542	50
9.01153820921147	4.70755569858473	50
9.03269639784345	4.69857525392794	50
9.05386106919725	4.68956360197507	50
9.07503222327288	4.68052074272611	50
9.09620986007033	4.67144667618106	50
9.1173939795896	4.66234140233992	50
9.1385845818307	4.65320492120269	50
9.15978166679362	4.64403723276938	50
9.18098523447836	4.63483833703997	50
9.20219528488493	4.62560823401448	50
9.22341181801333	4.6163469236929	50
9.24463483386354	4.60705440607522	50
9.26586433243558	4.59773068116146	50
9.28710031372944	4.58837574895161	50
9.30834277774513	4.57898960944567	50
9.32959172448264	4.56957226264365	50
9.35084715394197	4.56012370854553	50
9.37210906612313	4.55064394715132	50
9.39337746102611	4.54113297846103	50
9.41465233865091	4.53159080247464	50
9.43593369899754	4.52201741919217	50
9.45722154206599	4.51241282861361	50
9.47851586785627	4.50277703073896	50
9.49981667636837	4.49311002556822	50
9.52112396760229	4.48341181310139	50
9.54243774155804	4.47368239333848	50
9.56375799823561	4.46392176627947	50
9.585084737635	4.45412993192438	50
9.60641795975621	4.44430689027319	50
9.62775766459926	4.43445264132592	50
9.64910385216412	4.42456718508256	50
9.67045652245081	4.4146505215431	50
9.69181567545932	4.40470265070757	50
9.71318131118966	4.39472357257594	50
9.73455342964181	4.38471328714822	50
9.7559320308158	4.37467179442441	50
9.7773171147116	4.36459909440452	50
9.79870868132923	4.35449518708853	50
9.82010673066869	4.34436007247646	50
9.84151126272996	4.3341937505683	50
9.86292227751306	4.32399622136405	50
9.88433977501799	4.31376748486371	50
9.90576375524474	4.30350754106728	50
9.92719421819331	4.29321638997476	50
9.9486311638637	4.28289403158615	50
9.97007459225592	4.27254046590146	50
9.99152450336997	4.26215569292067	50
10.0129808972058	4.2517397126438	50
10.0344437737635	4.24129252507084	50
10.055913133043	4.23081413020179	50
10.0773889750444	4.22030452803665	50
10.0988712997675	4.20976371857542	50
10.1203601072125	4.1991917018181	50
10.1418553973793	4.18858847776469	50
10.163357170268	4.1779540464152	50
10.1848654258784	4.16728840776961	50
10.2063801642107	4.15659156182794	50
10.2279013852648	4.14586350859018	50
10.2494290890407	4.13510424805632	50
10.2709632755385	4.12431378022638	50
10.292503944758	4.11349210510036	50
10.3140510966994	4.10263922267824	50
10.3356047313627	4.09175513296003	50
10.3571648487477	4.08083983594573	50
10.3787314488546	4.06989333163535	50
10.4003045316833	4.05891562002888	50
10.4218840972338	4.04790670112631	50
10.4434701455061	4.03686657492766	50
10.4650626765003	4.02579524143292	50
10.4866616902163	4.01469270064209	50
10.5082671866541	4.00355895255517	50
10.5298791658137	3.99239399717216	50
10.5514976276952	3.98119783449306	50
10.5731225722984	3.96997046451788	50
10.5947539996236	3.9587118872466	50
10.6163919096705	3.94742210267924	50
10.6380363024392	3.93610111081579	50
10.6596871779298	3.92474891165625	50
10.6813445361422	3.91336550520062	50
10.7030083770764	3.9019508914489	50
10.7246787007325	3.89050507040109	50
10.7463555071103	3.87902804205719	50
10.76803879621	3.86751980641721	50
10.7897285680316	3.85598036348113	50
10.8114248225749	3.84440971324897	50
10.8331275598401	3.83280785572072	50
10.854836779827	3.82117479089637	50
10.8765524825359	3.80951051877594	50
10.8982746679665	3.79781503935942	50
10.920003336119	3.78608835264681	50
10.9417384869932	3.77433045863812	50
10.9634801205893	3.76254135733333	50
10.9852282369073	3.75072104873246	50
11.006982835947	3.73886953283549	50
11.0287439177086	3.72698680964244	50
11.050511482192	3.7150728791533	50
11.0722855293972	3.70312774136807	50
11.0940660593243	3.69115139628675	50
11.1158530719731	3.67914384390934	50
11.1376465673438	3.66710508423584	50
11.1594465454364	3.65503511726625	50
11.1812530062507	3.64293394300058	50
11.2030659497869	3.63080156143881	50
11.2248853760449	3.61863797258096	50
11.2467112850247	3.60644317642702	50
11.2685436767263	3.59421717297699	50
11.2903825511498	3.58195996223087	50
11.312227908295	3.56967154418866	50
11.3340797481622	3.55735191885036	50
11.3559380707511	3.54500108621597	50
11.3778028760618	3.5326190462855	50
11.3996741640944	3.52020579905893	50
11.4215519348488	3.50776134453628	50
11.4434361883251	3.49528568271754	50
11.4653269245231	3.48277881360271	50
11.487224143443	3.47024073719179	50
11.5091278450847	3.45767145348478	50
11.5310380294482	3.44507096248168	50
11.5529546965335	3.43243926418249	50
11.5748778463407	3.41977635858721	50
11.5968074788697	3.40708224569585	50
11.6187435941205	3.3943569255084	50
11.6406861920931	3.38160039802485	50
11.6626352727876	3.36881266324522	50
11.6845908362039	3.3559937211695	50
11.706552882342	3.34314357179769	50
11.7285214112019	3.33026221512979	50
11.7504964227837	3.3173496511658	50
11.7724779170873	3.30440587990573	50
11.7944658941127	3.29143090134956	50
11.8164603538599	3.27842471549731	50
11.838461296329	3.26538732234896	50
11.8604687215198	3.25231872190453	50
11.8824826294325	3.23921891416401	50
11.9045030200671	3.2260878991274	50
11.9265298934234	3.2129256767947	50
11.9485632495016	3.19973224716592	50
11.9706030883016	3.18650761024104	50
11.9926494098234	3.17325176602007	50
12.014702214067	3.15996471450302	50
12.0367615010325	3.14664645568987	50
12.0588272707198	3.13329698958064	50
12.0808995231289	3.11991631617532	50
12.1029782582598	3.10650443547391	50
12.1250634761126	3.09306134747641	50
12.1471551766872	3.07958705218282	50
12.1692533599836	3.06608154959315	50
12.1913580260018	3.05254483970738	50
12.2134691747419	3.03897692252552	50
12.2355868062037	3.02537779804758	50
12.2577109203874	3.01174746627355	50
12.279841517293	2.99808592720343	50
12.3019785969203	2.98439318083722	50
12.3241221592695	2.97066922717492	50
12.3462722043405	2.95691406621653	50
12.3684287321333	2.94312769796205	50
12.3905917426479	2.92931012241148	50
12.4127612358844	2.91546133956483	50
12.4349372118427	2.90158134942208	50
12.4571196705228	2.88767015198325	50
12.4793086119247	2.87372774724833	50
12.5015040360485	2.85975413521732	50
12.5237059428941	2.84574931589022	50
12.5459143324615	2.83171328926703	50
12.5681292047507	2.81764605534775	50
12.5903505597618	2.80354761413238	50
12.6125783974947	2.78941796562093	50
12.6348127179494	2.77525710981338	50
12.6570535211259	2.76106504670975	50
12.6793008070242	2.74684177631003	50
12.7015545756444	2.73258729861422	50
12.7238148269864	2.71830161362232	50
12.7460815610502	2.70398472133433	50
12.7683547778359	2.68963662175025	50
12.7906344773433	2.67525731487008	50
12.8129206595726	2.66084680069383	50
12.8352133245237	2.64640507922148	50
12.8575124721967	2.63193215045305	50
12.8798181025914	2.61742801438852	50
12.902130215708	2.60289267102791	50
12.9244488115464	2.58832612037121	50
12.9467738901067	2.57372836241842	50
12.9691054513887	2.55909939716954	50
12.9914434953926	2.54443922462457	50
13.0137880221183	2.52974784478352	50
13.0361390315658	2.51502525764637	50
13.0584965237352	2.50027146321314	50
13.0808604986264	2.48548646148382	50
13.1032309562394	2.47067025245841	50
13.1256078965742	2.4558228361369	50
13.1479913196308	2.44094421251932	50
13.1703812254093	2.42603438160564	50
13.1927776139096	2.41109334339587	50
13.2151804851317	2.39612109789001	50
13.2375898390756	2.38111764508807	50
13.2600056757414	2.36608298499003	50
13.282427995129	2.35101711759591	50
13.3048567972384	2.33592004290569	50
13.3272920820696	2.32079176091939	50
13.3497338496227	2.305632271637	50
13.3721820998976	2.29044157505852	50
13.3946368328943	2.27521967118396	50
13.4170980486128	2.2599665600133	50
13.4395657470532	2.24468224154655	50
13.4620399282154	2.22936671578372	50
13.4845205920994	2.2140199827248	50
13.5070077387052	2.19864204236978	50
13.5295013680328	2.18323289471868	50
13.5520014800823	2.16779253977149	50
13.5745080748536	2.15232097752821	50
13.5970211523467	2.13681820798884	50
13.6195407125617	2.12128423115339	50
13.6420667554984	2.10571904702184	50
13.664599281157	2.0901226555942	50
13.6871382895374	2.07449505687048	50
13.7096837806397	2.05883625085067	50
13.7322357544637	2.04314623753476	50
13.7547942110096	2.02742501692277	50
13.7773591502773	2.01167258901469	50
13.7999305722668	1.99588895381053	50
13.8225084769782	1.98007411131027	50
13.8450928644114	1.96422806151392	50
13.8676837345664	1.94835080442148	50
13.8902810874432	1.93244234003296	50
13.9128849230419	1.91650266834835	50
13.9354952413623	1.90053178936764	50
13.9581120424046	1.88452970309085	50
13.9807353261687	1.86849640951797	50
14.0033650926547	1.852431908649	50
14.0260013418625	1.83633620048395	50
14.048644073792	1.8202092850228	50
14.0712932884435	1.80405116226556	50
14.0939489858167	1.78786183221224	50
14.1166111659118	1.77164129486282	50
14.1392798287286	1.75538955021732	50
14.1619549742674	1.73910659827573	50
14.1846366025279	1.72279243903805	50
14.2073247135102	1.70644707250428	50
14.2300193072144	1.69007049867442	50
14.2527203836404	1.67366271754848	50
14.2754279427883	1.65722372912644	50
14.2981419846579	1.64075353340832	50
14.3208625092494	1.6242521303941	50
14.3435895165627	1.6077195200838	50
14.3663230065978	1.59115570247741	50
14.3890629793548	1.57456067757493	50
14.4118094348335	1.55793444537635	50
14.4345623730341	1.5412770058817	50
14.4573217939565	1.52458835909095	50
14.4800876976008	1.50786850500411	50
14.5028600839668	1.49111744362119	50
14.5256389530547	1.47433517494217	50
14.5484243048644	1.45752169896707	50
14.571216139396	1.44067701569588	50
14.5940144566493	1.4238011251286	50
14.6168192566245	1.40689402726523	50
14.6396305393215	1.38995572210577	50
14.6624483047403	1.37298620965022	50
14.685272552881	1.35598548989858	50
14.7081032837435	1.33895356285086	50
14.7309404973278	1.32189042850704	50
14.7537841936339	1.30479608686714	50
14.7766343726618	1.28767053793114	50
14.7994910344116	1.27051378169906	50
14.8223541788832	1.25332581817089	50
14.8452238060766	1.23610664734663	50
14.8680999159919	1.21885626922628	50
14.8909825086289	1.20157468380985	50
14.9138715839878	1.18426189109732	50
14.9367671420685	1.16691789108871	50
14.9596691828711	1.149542683784	50
14.9825777063954	1.13213626918321	50
15.0054927126416	1.11469864728633	50
15.0284142016096	1.09722981809336	50
15.0513421732995	1.0797297816043	50
15.0742766277111	1.06219853781915	50
15.0972175648446	1.04463608673791	50
15.1201649846999	1.02704242836059	50
15.143118887277	1.00941756268717	50
15.166079272576	0.991761489717666	50
15.1890461405967	0.974074209452072	50
15.2120194913393	0.95635572189039	50
15.2349993248038	0.938606027032618	50
15.25798564099	0.920825124878759	50
15.2809784398981	0.903013015428811	50
15.303977721528	0.885169698682772	50
15.3269834858797	0.867295174640645	50
15.3499957329532	0.849389443302429	50
15.3730144627486	0.831452504668126	50
15.3960396752658	0.813484358737732	50
15.4190713705048	0.79548500551125	50
15.4421095484656	0.777454444988677	50
15.4651542091483	0.759392677170017	50
15.4882053525527	0.741299702055267	50
15.511262978679	0.72317551964443	50
15.5343270875272	0.705020129937504	50
15.5573976790971	0.686833532934486	50
15.5804747533889	0.668615728635381	50
15.6035583104025	0.650366717040188	50
15.6266483501379	0.632086498148904	50
15.6497448725952	0.613775071961534	50
15.6728478777742	0.595432438478072	50
15.6959573656751	0.577058597698522	50
15.7190733362978	0.558653549622885	50
15.7421957896424	0.540217294251157	50
15.7653247257087	0.521749831583342	50
15.7884601444969	0.503251161619435	50
15.8116020460069	0.484721284359441	50
15.8347504302388	0.466160199803357	50
15.8579052971924	0.447567907951187	50
15.8810666468679	0.428944408802925	50
15.9042344792652	0.410289702358574	50
15.9274087943844	0.391603788618135	50
15.9505895922253	0.372886667581608	50
15.9737768727881	0.354138339248991	50
15.9969706360727	0.335358803620284	50
16.0201708820791	0.31654806069549	50
16.0433776108074	0.297706110474607	50
16.0665908222574	0.278832952957635	50
16.0898105164293	0.259928588144574	50
16.113036693323	0.240993016035422	50
16.1362693529386	0.222026236630184	50
16.1595084952759	0.203028249928855	50
16.1827541203351	0.183999055931439	50
16.2060062281161	0.164938654637933	50
16.229264818619	0.145847046048337	50
16.2525298918436	0.126724230162654	50
16.2758014477901	0.107570206980882	50
16.2990794864584	0.0883849765030202	50
16.3223640078486	0.0691685387290688	50
16.3456550119605	0.0499208936590287	50
16.3689524987943	0.0306420412929009	50
16.3922564683499	0.0113319816306845	50
16.4155669206273	-0.00800928532762235	50
16.4388838556266	-0.0273817595820161	50
16.4622072733477	-0.0467854411325037	50
16.4855371737905	-0.0662203299790756	50
16.5088735569553	-0.0856864261217378	50
16.5322164228418	-0.105183729560488	50
16.5555657714502	-0.124712240295326	50
16.5789216027804	-0.144271958326257	50
16.6022839168324	-0.163862883653274	50
16.6256527136062	-0.18348501627638	50
16.6490279931019	-0.203138356195577	50
16.6724097553194	-0.222822903410861	50
16.6957980002587	-0.242538657922236	50
16.7191927279198	-0.262285619729697	50
16.7425939383028	-0.282063788833248	50
16.7660016314075	-0.301873165232888	50
16.7894158072341	-0.321713748928616	50
16.8128364657826	-0.341585539920437	50
16.8362636070528	-0.361488538208343	50
16.8596972310449	-0.381422743792338	50
16.8831373377588	-0.401388156672423	50
16.9065839271945	-0.421384776848597	50
16.9300369993521	-0.441412604320861	50
16.9534965542314	-0.461471639089211	50
16.9769625918326	-0.481561881153652	50
17.0004351121556	-0.501683330514181	50
17.0239141152005	-0.521835987170799	50
17.0473996009672	-0.542019851123507	50
17.0708915694556	-0.562234922372304	50
17.094390020666	-0.582481200917188	50
17.1178949545981	-0.602758686758163	50
17.141406371252	-0.623067379895225	50
17.1649242706278	-0.643407280328378	50
17.1884486527254	-0.663778388057619	50
17.2119795175449	-0.684180703082949	50
17.2355168650861	-0.704614225404366	50
17.2590606953492	-0.725078955021875	50
17.2826110083341	-0.745574891935472	50
17.3061678040408	-0.766102036145157	50
17.3297310824694	-0.786660387650931	50
17.3533008436197	-0.807249946452795	50
17.3768770874919	-0.827870712550745	50
17.4004598140859	-0.84852268594479	50
17.4240490234018	-0.869205866634919	50
17.4476447154395	-0.889920254621138	50
17.4712468901989	-0.910665849903445	50
17.4948555476803	-0.931442652481843	50
17.5184706878834	-0.952250662356328	50
17.5420923108083	-0.973089879526904	50
17.5657204164551	-0.993960303993567	50
17.5893550048237	-1.01486193575632	50
17.6129960759142	-1.03579477481516	50
17.6366436297264	-1.05675882117009	50
17.6602976662605	-1.07775407482111	50
17.6839581855164	-1.09878053576822	50
17.7076251874941	-1.11983820401142	50
17.7312986721937	-1.1409270795507	50
17.7549786396151	-1.16204716238608	50
17.7786650897582	-1.18319845251754	50
17.8023580226233	-1.20438094994509	50
17.8260574382101	-1.22559465466874	50
17.8497633365188	-1.24683956668847	50
17.8734757175493	-1.26811568600429	50
17.8971945813016	-1.2894230126162	50
17.9209199277757	-1.31076154652419	50
17.9446517569717	-1.33213128772828	50
17.9683900688895	-1.35353223622846	50
17.9921348635291	-1.37496439202472	50
18.0158861408905	-1.39642775511707	50
18.0396439009738	-1.41792232550551	50
18.0634081437788	-1.43944810319004	50
18.0871788693058	-1.46100508817067	50
18.1109560775545	-1.48259328044738	50
18.134739768525	-1.50421268002017	50
18.1585299422174	-1.52586328688906	50
18.1823265986316	-1.54754510105403	50
18.2061297377676	-1.5692581225151	50
18.2299393596255	-1.59100235127226	50
18.2537554642051	-1.6127777873255	50
18.2775780515066	-1.63458443067483	50
18.3014071215299	-1.65642228132025	50
18.3252426742751	-1.67829133926176	50
18.3490847097421	-1.70019160449936	50
18.3729332279308	-1.72212307703304	50
18.3967882288414	-1.74408575686282	50
18.4206497124739	-1.76607964398868	50
18.4445176788281	-1.78810473841064	50
18.4683921279042	-1.81016104012868	50
18.4922730597021	-1.83224854914281	50
18.5161604742219	-1.85436726545303	50
18.5400543714634	-1.87651718905934	50
18.5639547514268	-1.89869831996174	50
18.587861614112	-1.92091065816023	50
18.611774959519	-1.94315420365481	50
18.6356947876479	-1.96542895644547	50
18.6596210984985	-1.98773491653222	50
18.683553892071	-2.01007208391507	50
18.7074931683653	-2.032440458594	50
18.7314389273815	-2.05484004056902	50
18.7553911691194	-2.07727082984013	50
18.7793498935792	-2.09973282640733	50
18.8033151007609	-2.12222603027062	50
18.8272867906643	-2.14475044143	50
18.8512649632895	-2.16730605988546	50
18.8752496186366	-2.18989288563702	50
18.8992407567055	-2.21251091868466	50
18.9232383774963	-2.23516015902839	50
18.9472424810088	-2.25784060666821	50
18.9712530672432	-2.28055226160412	50
18.9952701361994	-2.30329512383612	50
19.0192936878774	-2.32606919336421	50
19.0433237222773	-2.34887447018839	50
19.067360239399	-2.37171095430865	50
19.0914032392424	-2.39457864572501	50
19.1154527218078	-2.41747754443745	50
19.1395086870949	-2.44040765044599	50
19.1635711351039	-2.46336896375061	50
19.1876400658347	-2.48636148435132	50
19.2117154792873	-2.50938521224812	50
19.2357973754617	-2.53244014744101	50
19.259885754358	-2.55552628992999	50
19.2839806159761	-2.57864363971505	50
19.308081960316	-2.60179219679621	50
19.3321897873777	-2.62497196117345	50
19.3563040971613	-2.64818293284678	50
19.3804248896666	-2.67142511181621	50
19.4045521648939	-2.69469849808172	50
19.4286859228429	-2.71800309164332	50
19.4528261635137	-2.741338892501	50
19.4769728869064	-2.76470590065478	50
19.5011260930209	-2.78810411610465	50
19.5252857818572	-2.81153353885061	50
19.5494519534154	-2.83499416889265	50
19.5736246076953	-2.85848600623078	50
19.5978037446971	-2.882009050865	50
19.6219893644207	-2.90556330279532	50
19.6461814668662	-2.92914876202172	50
19.6703800520334	-2.95276542854421	50
19.6945851199225	-2.97641330236278	50
19.7187966705334	-3.00009238347745	50
19.7430147038662	-3.02380267188821	50
19.7672392199207	-3.04754416759505	50
19.7914702186971	-3.07131687059799	50
19.8157077001953	-3.09512078089701	50
19.8399516644154	-3.11895589849212	50
19.8642021113572	-3.14282222338332	50
19.8884590410209	-3.16671975557061	50
19.9127224534064	-3.19064849505399	50
19.9369923485137	-3.21460844183346	50
19.9612687263429	-3.23859959590901	50
19.9855515868938	-3.26262195728066	50
20.0098409301666	-3.28667552594839	50
20.0341367561612	-3.31076030191221	50
20.0584390648777	-3.33487628517213	50
20.0827478563159	-3.35902347572813	50
20.107063130476	-3.38320187358022	50
20.1313848873579	-3.4074114787284	50
20.1557131269617	-3.43165229117266	50
20.1800478492872	-3.45592431091302	50
20.2043890543346	-3.48022753794947	50
20.2287367421038	-3.504561972282	50
20.2530909125949	-3.52892761391063	50
20.2774515658077	-3.55332446283534	50
20.3018187017424	-3.57775251905614	50
20.3261923203989	-3.60221178257303	50
20.3505724217772	-3.62670225338601	50
20.3749590058774	-3.65122393149508	50
20.3993520726993	-3.67577681690023	50
20.4237516222431	-3.70036090960148	50
20.4481576545088	-3.72497620959881	50
20.4725701694962	-3.74962271689224	50
20.4969891672055	-3.77430043148175	50
20.5214146476366	-3.79900935336735	50
20.5458466107895	-3.82374948254904	50
20.5702850566642	-3.84852081902682	50
20.5947299852608	-3.87332336280069	50
20.6191813965792	-3.89815711387065	50
20.6436392906194	-3.92302207223669	50
20.6681036673814	-3.94791823789883	50
20.6925745268653	-3.97284561085705	50
20.7170518690709	-3.99780419111137	50
20.7415356939984	-4.02279397866177	50
20.7660260016478	-4.04781497350826	50
20.7905227920189	-4.07286717565084	50
20.8150260651119	-4.09795058508951	50
20.8395358209267	-4.12306520182427	50
20.8640520594633	-4.14821102585511	50
20.8885747807218	-4.17338805718205	50
20.913103984702	-4.19859629580507	50
20.9376396714041	-4.22383574172419	50
20.962181840828	-4.24910639493939	50
20.9867304929738	-4.27440825545068	50
21.0112856278413	-4.29974132325806	50
21.0358472454307	-4.32510559836153	50
21.0604153457419	-4.35050108076109	50
21.084989928775	-4.37592777045673	50
21.1095709945298	-4.40138566744847	50
21.1341585430065	-4.42687477173629	50
21.158752574205	-4.45239508332021	50
21.1833530881253	-4.47794660220021	50
21.2079600847675	-4.5035293283763	50
21.2325735641315	-4.52914326184848	50
21.2571935262173	-4.55478840261675	50
21.2818199710249	-4.58046475068111	50
21.3064528985543	-4.60617230604156	50
21.3310923088056	-4.63191106869809	50
21.3557382017787	-4.65768103865072	50
21.3803905774736	-4.68348221589943	50
21.4050494358904	-4.70931460044423	50
21.4297147770289	-4.73517819228513	50
21.4543866008893	-4.76107299142211	50
21.4790649074715	-4.78699899785518	50
21.5037496967756	-4.81295621158433	50
21.5284409688014	-4.83894463260958	50
21.5531387235491	-4.86496426093092	50
21.5778429610186	-4.89101509654835	50
21.6025536812099	-4.91709713946186	50
21.6272708841231	-4.94321038967146	50
21.6519945697581	-4.96935484717715	50
21.6767247381149	-4.99553051197894	50
21.7014613891935	-5.02173738407681	50
21.726204522994	-5.04797546347076	50
21.7509541395162	-5.07424475016081	50
21.7757102387603	-5.10054524414695	50
21.8004728207262	-5.12687694542918	50
21.825241885414	-5.15323985400749	50
21.8500174328236	-5.17963396988189	50
21.8747994629549	-5.20605929305238	50
21.8995879758082	-5.23251582351897	50
21.9243829713832	-5.25900356128164	50
21.9491844496801	-5.2855225063404	50
21.9739924106987	-5.31207265869524	50
21.9988068544392	-5.33865401834618	50
22.0236277809016	-5.36526658529321	50
22.0484551900857	-5.39191035953632	50
22.0732890819917	-5.41858534107553	50
22.0981294566195	-5.44529152991082	50
22.1229763139691	-5.4720289260422	50
22.1478296540406	-5.49879752946967	50
22.1726894768339	-5.52559734019323	50
22.197555782349	-5.55242835821288	50
22.2224285705859	-5.57929058352862	50
22.2473078415446	-5.60618401614044	50
22.2721935952252	-5.63310865604836	50
22.2970858316276	-5.66006450325237	50
22.3219845507518	-5.68705155775246	50
22.3468897525979	-5.71406981954864	50
22.3718014371657	-5.74111928864091	50
22.3967196044554	-5.76819996502927	50
22.4216442544669	-5.79531184871372	50
22.4465753872002	-5.82245493969426	50
22.4715130026554	-5.84962923797088	50
22.4964571008324	-5.8768347435436	50
22.5214076817312	-5.90407145641241	50
22.5463647453518	-5.9313393765773	50
22.5713282916943	-5.95863850403828	50
22.5962983207585	-5.98596883879535	50
22.6212748325446	-6.01333038084851	50
22.6462578270526	-6.04072313019776	50
22.6712473042823	-6.0681470868431	50
22.6962432642339	-6.09560225078453	50
22.7039336920897	-6.103894633145	50
22.7117790522283	-6.11204058981766	50
22.7197765572306	-6.1200372265829	50
22.7279233656212	-6.12788170227374	50
22.7362165828779	-6.13557122978533	50
22.74465326246	-6.14310307706516	50
22.7532304068554	-6.15047456808374	50
22.7619449686457	-6.15768308378543	50
22.7707938515884	-6.16472606301892	50
22.7797739117177	-6.17160100344722	50
22.7888819584608	-6.17830546243673	50
22.7981147557722	-6.18483705792511	50
22.807469023283	-6.19119346926756	50
22.8169414374664	-6.19737243806142	50
22.8265286328188	-6.20337176894848	50
22.8362272030553	-6.20918933039506	50
22.8460337023202	-6.21482305544927	50
22.8559446464108	-6.22027094247542	50
22.865956514016	-6.2255310558652	50
22.8760657479669	-6.23060152672536	50
22.8862687565008	-6.23548055354175	50
22.8965619145373	-6.24016640281938	50
22.9069415649664	-6.24465740969831	50
22.9174040199478	-6.24895197854518	50
22.927945562221	-6.25304858352012	50
22.9385624464261	-6.2569457691189	50
22.9492509004349	-6.26064215069003	50
22.9600071266905	-6.26413641492674	50
22.9708273035569	-6.26742732033359	50
22.9817075866769	-6.27051369766754	50
22.9926441103375	-6.27339445035344	50
23.0036329888442	-6.27606855487357	50
23.0146703179005	-6.27853506113132	50
23.0257521759961	-6.28079309278878	50
23.0368746257996	-6.28284184757803	50
23.0480337155575	-6.28468059758627	50
23.0592254804983	-6.28630868951436	50
23.0704459442413	-6.287725544909	50
23.0816911202092	-6.28893066036822	50
23.0929570130444	-6.28992360772023	50
23.1042396200288	-6.29070403417555	50
23.115534932506	-6.2912716624524	50
23.1268389373051	-6.29162629087514	50
23.1381476181672	-6.29176779344599	50
23.1494569571717	-6.29169611988975	50
23.1607629361643	-6.29141129567171	50
23.1720615381846	-6.29091342198854	50
23.1833487488931	-6.29020267573239	50
23.1946205579975	-6.28927930942804	50
23.2058729606777	-6.28814365114312	50
23.2171019590086	-6.28679610437162	50
23.2283035633806	-6.28523714789049	50
23.2394737939171	-6.28346733558955	50
23.2506086818882	-6.28148729627468	50
23.2617042711213	-6.27929773344441	50
23.2727566194064	-6.27689942504	50
23.2837617998967	-6.27429322316901	50
23.2947159025041	-6.27148005380254	50
23.305615035288	-6.26846091644628	50
23.3164553258385	-6.26523688378536	50
23.3272329226519	-6.26180910130322	50
23.3379439964994	-6.25817878687467	50
23.3485847417876	-6.25434723033313	50
23.3591513779101	-6.2503157930124	50
23.3696401505916	-6.24608590726295	50
23.3800473332211	-6.24165907594307	50
23.390369228176	-6.23703687188483	50
23.4006021681364	-6.23222093733533	50
23.4107425173873	-6.22721298337318	50
23.420786673111	-6.22201478930058	50
23.4307310666667	-6.21662820201114	50
23.4405721648587	-6.21105513533366	50
23.4503064711918	-6.2052975693522	50
23.4599305271133	-6.19935754970254	50
23.4694409132418	-6.19323718684537	50
23.4788342505826	-6.18693865531648	50
23.4881072017275	-6.18046419295413	50
23.4972564720412	-6.17381610010396	50
23.5062788108315	-6.16699673880171	50
23.5151710125044	-6.16000853193398	50
23.523929917703	-6.1528539623774	50
23.5325524144299	-6.14553557211645	50
23.5410354391532	-6.13805596134036	50
23.5493759778945	-6.13041778751921	50
23.5575710673001	-6.1226237644598	50
23.5656177956939	-6.1146766613414	50
23.5735133041115	-6.10657930173191	50
23.5812547873164	-6.09833456258465	50
23.5888394947964	-6.08994537321618	50
23.5962647317411	-6.08141471426553	50
23.6035278599992	-6.0727456166352	50
23.6106262990157	-6.06394116041431	50
23.6175575267492	-6.05500447378423	50
23.6243190805674	-6.04593873190717	50
23.6309085581224	-6.03674715579804	50
23.6373236182042	-6.02743301118007	50
23.6435619815725	-6.0179996073245	50
23.6496214317665	-6.00845029587479	50
23.6554998158925	-5.99878846965584	50
23.6611950453885	-5.98901756146848	50
23.6667050967665	-5.97914104286989	50
23.6720280123317	-5.96916242294008	50
23.6771619008774	-5.9590852470352	50
23.6821049383575	-5.94891309552788	50
23.6868553685343	-5.93864958253509	50
23.6914115036025	-5.92829835463415	50
23.6957717247892	-5.91786308956702	50
23.6999344829284	-5.90734749493371	50
23.703898299012	-5.89675530687492	50
23.707661764715	-5.88609028874462	50
23.711223542896	-5.87535622977297	50
23.7145823680722	-5.86455694372002	50
23.7177370468689	-5.85369626752068	50
23.7206864584439	-5.84277805992149	50
23.7234295548851	-5.83180620010962	50
23.7259653615836	-5.82078458633461	50
23.7282929775793	-5.80971713452336	50
23.7304115758812	-5.79860777688881	50
23.7323204037616	-5.78746046053281	50
23.7340187830229	-5.77627914604379	50
23.7355061102391	-5.76506780608956	50
23.7367818569699	-5.7538304240058	50
23.7378455699485	-5.74257099238086	50
23.7386968712429	-5.7312935116372	50
23.7393354583897	-5.72000198861001	50
23.7397611045019	-5.70870043512367	50
23.7399736583495	-5.69739286656631	50
23.7399730444132	-5.6860833004632	50
23.739759262911	-5.67477575504933	50
23.7393323897985	-5.66347424784173	50
23.7386925767418	-5.65218279421211	50
23.7378400510632	-5.64090540596017	50
23.7367751156612	-5.62964608988826	50
23.7354981489023	-5.61840884637778	50
23.7340096044865	-5.60719766796782	50
23.7323100112867	-5.5960165379367	50
23.7303999731603	-5.58486942888668	50
23.7282801687347	-5.57376030133252	50
23.7259513511663	-5.56269310229435	50
23.7234143478728	-5.55167176389528	50
23.7206700602396	-5.54070020196438	50
23.7177194632989	-5.52978231464535	50
23.7145636053838	-5.51892198101156	50
23.7112036077555	-5.50812305968786	50
23.7076406642053	-5.49738938747955	50
23.70387604063	-5.48672477800928	50
23.6999110745823	-5.476133020362	50
23.695747174796	-5.46561787773877	50
23.6913858206847	-5.4551830861197	50
23.6868285618168	-5.44483235293656	50
23.6820770173647	-5.43456935575556	50
23.6771328755295	-5.42439774097075	50
23.6719978929412	-5.4143211225084	50
23.6666738940347	-5.40434308054309	50
23.6611627704016	-5.39446716022561	50
23.6554664801176	-5.38469687042343	50
23.6495870470477	-5.37503568247399	50
23.6435265601265	-5.36548702895137	50
23.6372871726161	-5.35605430244669	50
23.6308711013411	-5.34674085436277	50
23.6242806259011	-5.33754999372336	50
23.6175180878608	-5.32848498599749	50
23.6105858899175	-5.31954905193924	50
23.6034864950484	-5.31074536644343	50
23.5962224256345	-5.30207705741759	50
23.5887962625651	-5.29354720467065	50
23.5818730796245	-5.28586843019479	50
23.5746137433909	-5.27788859639972	50
23.566620180402	-5.26910166394971	50
23.5587913353256	-5.26049580040815	50
23.5512835905753	-5.25224290976592	50
23.5421438393125	-5.24219604003305	50
23.535037574426	-5.23438448335276	50
23.5270442476878	-5.22559782830538	50
23.5180969146982	-5.21576248768639	50
23.5081277250746	-5.20480387864552	50
23.4970681501573	-5.1926466730117	50
23.4848492107134	-5.17921504761793	50
23.4714017046416	-5.16443293462617	50
23.4641956085599	-5.15651166878281	50
23.4566564346775	-5.14822427185223	50
23.4487755714499	-5.13956127801376	50
23.4405444360978	-5.1305132530907	50
23.4319544817233	-5.12107080237298	50
23.4229972044252	-5.11122457843981	50
23.4136641504151	-5.10096528898235	50
23.4039469231331	-5.09028370462634	50
23.3938371903635	-5.07917066675476	50
23.3833266913505	-5.0676170953305	50
23.3724072439143	-5.055613996719	50
23.3610707515664	-5.04315247151087	50
23.349309210626	-5.03022372234463	50
23.3371147173351	-5.01681906172924	50
23.3244794749745	-5.00292991986689	50
23.31139580098	-4.98854785247554	50
23.2978561340576	-4.97366454861162	50
23.2838530412995	-4.95827183849271	50
23.2693792252999	-4.94236170132012	50
23.2544275312708	-4.92592627310162	50
23.2389909541575	-4.90895785447404	50
23.2230626457549	-4.89144891852596	50
23.2066359218228	-4.87339211862032	50
23.1897042692018	-4.85478029621712	50
23.1722613529291	-4.83560648869604	50
23.1543010233544	-4.81586393717911	50
23.1358173232554	-4.79554609435335	50
23.1168044949539	-4.77464663229343	50
23.0972569874313	-4.75315945028433	50
23.0771694634444	-4.73107868264398	50
23.0565368066413	-4.70839870654591	50
23.0353541286772	-4.68511414984194	50
23.01361677633	-4.66121989888478	50
22.9913203386163	-4.63671110635071	50
22.9684606539067	-4.61158319906224	50
22.9450338170423	-4.58583188581074	50
22.9210361864499	-4.55945316517913	50
22.8964643912579	-4.53244333336449	50
22.8713153384122	-4.50479899200072	50
22.845586219792	-4.47651705598124	50
22.8192745193253	-4.4475947612816	50
22.7923780201049	-4.41802967278211	50
22.7648948115042	-4.38781969209056	50
22.7368232962927	-4.3569630653648	50
22.7081621975337	-4.32545839089523	50
22.6789105621318	-4.29330462300433	50
22.6490677583897	-4.26050106935854	50
22.618633471921	-4.22704738647328	50
22.5876077015301	-4.19294357518084	50
22.5559907550918	-4.15818997609836	50
22.5237832454302	-4.12278726509569	50
22.4909860861988	-4.08673644876334	50
22.4576004877599	-4.05003885988043	50
22.4236279530637	-4.01269615288259	50
22.3890702735282	-3.97471029932987	50
22.3539295249188	-3.93608358337468	50
22.3182080632273	-3.89681859722973	50
22.2819085205519	-3.85691823663595	50
22.2450338009765	-3.81638569633036	50
22.20758707645	-3.77522446551407	50
22.1695717826662	-3.73343832332016	50
22.1309916149431	-3.69103133428162	50
22.0918505241024	-3.64800784379926	50
22.052152712349	-3.60437247360967	50
22.0119026291505	-3.56013011725307	50
21.9711049671168	-3.51528593554133	50
21.9297646578794	-3.46984535202582	50
21.8878868679712	-3.42381404846536	50
21.8454769947057	-3.37719796029415	50
21.8025406620568	-3.33000327208969	50
21.7590837165378	-3.28223641304069	50
21.7151122230816	-3.23390405241504	50
21.6706324609197	-3.18501309502764	50
21.6256509194619	-3.13557067670846	50
21.5801742941756	-3.08558415977032	50
21.5342094824657	-3.03506112847693	50
21.4877635795536	-2.98400938451075	50
21.4408438743571	-2.93243694244092	50
21.3934578453699	-2.88035202519121	50
21.3456131565407	-2.82776305950793	50
21.297317653153	-2.77467867142786	50
21.2485793577048	-2.72110768174614	50
21.1994064657876	-2.66705910148424	50
21.1498073419665	-2.61254212735788	50
21.099790515659	-2.55756613724492	50
21.0493646770152	-2.50214068565332	50
20.9985386727967	-2.446275499189	50
20.9473215022568	-2.3899804720239	50
20.8957223130191	-2.33326566136373	50
20.8437503969579	-2.27614128291606	50
20.791415186077	-2.21861770635809	50
20.7387262483898	-2.16070545080469	50
20.6856932837983	-2.10241518027628	50
20.6323261199727	-2.04375769916677	50
20.5786347082313	-1.98474394771142	50
20.5246291194196	-1.92538499745487	50
20.4703195397899	-1.865692046719	50
20.4157162668807	-1.80567641607083	50
20.3608297053965	-1.74534954379054	50
20.305670363087	-1.68472298133925	50
20.2502488466269	-1.62380838882711	50
20.194575857495	-1.56261753048109	50
20.1386621878542	-1.50116227011296	50
20.0825187164304	-1.43945456658721	50
20.0261564043927	-1.37750646928899	50
19.9695862912323	-1.31533011359199	50
19.9128194906423	-1.25293771632643	50
19.8558671863972	-1.19034157124691	50
19.7987406282323	-1.12755404450038	50
19.7414511277232	-1.06458757009405	50
19.6840100541656	-1.00145464536332	50
19.6264288304543	-0.938167826439729	50
19.5687189289631	-0.874739723718796	50
19.510891867424	-0.811182997328035	50
19.4529592048071	-0.747510352594856	50
19.3949325371998	-0.683734535514446	50
19.3368234936862	-0.619868328217765	50
19.278643732227	-0.555924544439378	50
19.2204049355387	-0.49191602498546	50
19.1621188069732	-0.427855633201699	50
19.1037970663972	-0.36375625044121	50
19.0454514460719	-0.29963077153242	50
18.9870936865324	-0.235492100247095	50
18.9287355324671	-0.171353144768249	50
18.8703887285988	-0.10722681316101	50
18.8120650155685	-0.0431260088507095	50
18.7537761258212	0.0209363738957107	50
18.6955337794915	0.0849474544882671	50
18.6373496802889	0.14889437053253	50
18.5792355113839	0.212764282348141	50
18.521202931293	0.276544377487374	50
18.463263569765	0.340221875253701	50
18.4054290236659	0.403784031220294	50
18.3477108528651	0.467218141748642	50
18.2901205761206	0.530511548507108	50
18.2326696669648	0.593651642989389	50
18.1753695495902	0.65662587103317	50
18.1182315947345	0.719421737338637	50
18.061267115567	0.782026809986994	50
18.0044873635734	0.844428724959116	50
17.9479035244422	0.90661519065397	50
17.8915267139494	0.968573992407284	50
17.835367973845	1.03029299701002	50
17.779438267738	1.09176015722698	50
17.7237484769822	1.15296351631533	50
17.6683093965619	1.21389121254315	50
17.6131317309773	1.274531483708	50
17.5582260901303	1.33487267165546	50
17.50360298521	1.39490322679772	50
17.4492728245783	1.45461171263208	50
17.3952459096555	1.51398681025953	50
17.3415324308061	1.57301732290329	50
17.288142463224	1.63169218042739	50
17.2350859628186	1.69000044385521	50
17.1823727621	1.747931309888	50
17.1300125660647	1.80547411542348	50
17.0780149480815	1.86261834207435	50
17.0263893457766	1.9193536206869	50
16.9751450569197	1.97566973585953	50
16.9242912353091	2.03155663046124	50
16.8738368866579	2.08700441015029	50
16.8237908644791	2.14200334789275	50
16.7741618659714	2.1965438884809	50
16.7249584279049	2.25061665305199	50
16.6761889225065	2.30421244360663	50
16.6278615533456	2.35732224752745	50
16.5799843512198	2.40993724209761	50
16.5325651700403	2.46204879901929	50
16.4856116827179	2.51364848893238	50
16.4391313770479	2.56472808593293	50
16.3931315515965	2.61527957209171	50
16.3476193115858	2.66529514197282	50
16.3026015647798	2.71476720715218	50
16.2580850173699	2.76368840073611	50
16.2140761698602	2.8120515818799	50
16.1705813129535	2.85984984030633	50
16.1276065234369	2.90707650082423	50
16.0851576600671	2.95372512784706	50
16.0432403594561	2.9997895299114	50
16.0018600319572	3.04526376419561	50
15.9610218575499	3.09014214103828	50
15.9207307817261	3.1344192284568	50
15.8809915113756	3.17808985666597	50
15.8418085106713	3.22114912259649	50
15.8031859969554	3.26359239441355	50
15.7651279366245	3.30541531603539	50
15.7276380410155	3.34661381165179	50
15.6907197622913	3.38718409024271	50
15.6543762893258	3.42712265009676	50
15.6186105435902	3.46642628332983	50
15.5834251750385	3.50509208040358	50
15.5488225579926	3.543117434644	50
15.5148047870285	3.58050004676003	50
15.4813736728614	3.61723792936203	50
15.4485307382318	3.65332941148037	50
15.4162772137908	3.68877314308396	50
15.3846140339857	3.72356809959887	50
15.3535418329457	3.75771358642679	50
15.3230609403675	3.79120924346364	50
15.2931713774009	3.82405504961809	50
15.2638728525342	3.85625132733016	50
15.2351647574803	3.88779874708975	50
15.207046163084	3.91869833193079	50
15.1795158166312	3.94895146038603	50
15.152572144989	3.97855986303631	50
15.1262132614265	4.00752561501526	50
15.1004369727221	4.0358511282009	50
15.075240786269	4.06353914340727	50
15.0506219171827	4.0905927225759	50
15.0265772954064	4.11701524096748	50
15.0031035728185	4.14281037935332	50
14.9801971303383	4.16798211620697	50
14.9578540850331	4.19253471989576	50
14.9360702972241	4.21647274087236	50
14.9148413775934	4.23980100386635	50
14.8941626942902	4.26252460007576	50
14.8740293800371	4.28464887935866	50
14.8544363392372	4.3061794424247	50
14.83537825508	4.32712213302665	50
14.816849596648	4.34748303015201	50
14.7988446260236	4.36726844021453	50
14.7813574053948	4.38648488924581	50
14.7643818041625	4.40513911508679	50
14.7479115060464	4.42323805957937	50
14.7319400161919	4.44078886075799	50
14.7164606682763	4.4577988450411	50
14.7014666316152	4.47427551942281	50
14.6869509182693	4.4902265636644	50
14.6729063901508	4.5056598224859	50
14.6593257661298	4.52058329775765	50
14.6462016291405	4.53500514069183	50
14.6335264332885	4.54893364403407	50
14.6212925109564	4.56237723425498	50
14.6094920799106	4.57534446374172	50
14.5981172504081	4.58784400298953	50
14.5871600323025	4.59988463279336	50
14.5766123421509	4.61147523643933	50
14.5664660103199	4.62262479189639	50
14.5567127880926	4.63334236400783	50
14.5473443547748	4.64363709668282	50
14.5383523248014	4.65351820508802	50
14.5297282548431	4.6629949678391	50
14.5214636509129	4.67207671919234	50
14.5135499754723	4.68077284123614	50
14.505978654538	4.68909275608262	50
14.4987410847884	4.69704591805918	50
14.4918286406701	4.70464180590001	50
14.4789445585925	4.71879974929484	50
14.4672572292862	4.73164260755664	50
14.456697572837	4.743246292744	50
14.447196835843	4.75368635781451	50
14.4386868188222	4.76303774675467	50
14.43110010362	4.77137454470986	50
14.4213062829094	4.7821366548408	50
14.4132220828426	4.79102011423033	50
14.4047397657195	4.80034104728864	50
14.3971705706957	4.80865857836885	50
14.3901522549959	4.81637076565441	50
14.3833010523608	4.82389931798476	50
14.3764934952723	4.83137984574334	50
14.3689272506524	4.83969097234141	50
14.3621090343815	4.84717258726611	50
14.3552199045588	4.85472169678567	50
14.346851353416	4.86387628440656	50
14.3394849084088	4.87191973455528	50
14.3310878732066	4.88107120398516	50
14.3215711015008	4.89142078996304	50
14.3145595796666	4.89903093720594	50
14.3069824958628	4.90724086716978	50
14.2988121232164	4.91607751298079	50
14.2900204793026	4.92556772386946	50
14.2805793652991	4.93573820423275	50
14.2704604051399	4.94661545269627	50
14.2596350846697	4.9582257011765	50
14.2480747907976	4.97059485394298	50
14.2357508506513	4.98374842668051	50
14.2226345707311	4.99771148555138	50
14.2157703406324	5.0050042675498	50
14.208697276064	5.01250858625754	50
14.2014118019727	5.02022742138029	50
14.1939103493575	5.02816371310279	50
14.1861893564933	5.03632036018443	50
14.1782452701541	5.04470021805503	50
14.1700745468368	5.05330609691048	50
14.1616736539849	5.06214075980844	50
14.1530390712115	5.07120692076405	50
14.1441672915237	5.08050724284564	50
14.1350548225454	5.09004433627037	50
14.1256981877413	5.09982075649997	50
14.1160939276404	5.10983900233641	50
14.1062386010594	5.12010151401761	50
14.0961287863264	5.13061067131314	50
14.0857610825044	5.14136879161987	50
14.0751321106151	5.15237812805771	50
14.064238514862	5.16364086756529	50
14.0530769638544	5.17515912899565	50
14.0416441518306	5.18693496121193	50
14.0299367998819	5.19897034118308	50
14.0179516571757	5.21126717207953	50
14.0056855021795	5.22382728136891	50
13.993135143884	5.23665241891171	50
13.980297423027	5.24974425505702	50
13.967169213317	5.26310437873818	50
13.9537474226565	5.27673429556851	50
13.9400289943658	5.29063542593695	50
13.9260109084062	5.30480910310384	50
13.9116901826042	5.31925657129652	50
13.8970638738745	5.33397898380509	50
13.8821290794436	5.34897740107807	50
13.8668829380739	5.36425278881812	50
13.8513226312866	5.3798060160777	50
13.8354453845855	5.39563785335479	50
13.8192484686808	5.41174897068859	50
13.8027292007124	5.42813993575517	50
13.7858849454735	5.44481121196323	50
13.7687131166343	5.46176315654972	50
13.7512111779653	5.4789960186756	50
13.7333766445612	5.49650993752149	50
13.7152070840641	5.5143049403834	50
13.6967001178874	5.53238094076836	50
13.6778534224393	5.55073773649021	50
13.658664730346	5.5693750077652	50
13.6391318316758	5.58829231530774	50
13.6192525751623	5.60748909842608	50
13.5990248694281	5.62696467311799	50
13.5784466842084	5.64671823016649	50
13.5575160515742	5.66674883323549	50
13.5362310671567	5.68705541696553	50
13.5145898913698	5.70763678506945	50
13.4925907506345	5.7284916084281	50
13.470231938602	5.74961842318602	50
13.4475118173776	5.77101562884713	50
13.4244288187439	5.79268148637045	50
13.4009814453847	5.81461411626576	50
13.3771682721082	5.83681149668932	50
13.352987947071	5.85927146153954	50
13.3284391930013	5.8819916985527	50
13.3035208084227	5.90496974739864	50
13.2782316688775	5.92820299777642	50
13.2525707281507	5.95168868751005	50
13.2265370194929	5.97542390064418	50
13.2001296568166	5.99940556561643	50
13.1733478354017	6.02363045476246	50
13.1461908316487	6.04809518642141	50
13.1186580025434	6.0727962278236	50
13.0907487851154	6.09772989799708	50
13.0624626958965	6.12289237067438	50
13.0337993303792	6.14827967719913	50
13.0047583624744	6.1738877094327	50
12.9753395439707	6.19971222266093	50
12.9455427039919	6.2257488385007	50
12.9153677484557	6.25199304780666	50
12.884814659532	6.27844021357784	50
12.8538834951013	6.30508557386436	50
12.8225743882128	6.33192424467404	50
12.790887546543	6.35895122287909	50
12.7588232518539	6.38616138912276	50
12.7263818594514	6.41354951072599	50
12.6935637976435	6.4411102445941	50
12.6603695671989	6.46883814012341	50
12.626799740805	6.49672764210794	50
12.5928549625265	6.52477309364603	50
12.5585359472635	6.55296873904702	50
12.5238434802102	6.58130872673792	50
12.4887784163129	6.60978711217003	50
12.4533416797284	6.63839786072567	50
12.4175342632824	6.66713485062475	50
12.3813572279279	6.69599187583151	50
12.3448117022033	6.72496264896112	50
12.3078988816911	6.75404080418639	50
12.2706200284758	6.78321990014438	50
12.2329764706026	6.8124934228431	50
12.1949696015355	6.84185478856814	50
12.1566008796159	6.87129734678937	50
12.1178718275205	6.90081438306753	50
12.0787840317202	6.93039912196096	50
12.0393391419379	6.96004472993223	50
11.9995388706072	6.9897443182548	50
11.9593849923305	7.01949094591966	50
11.9188793433375	7.04927762254205	50
11.8780238209435	7.07909731126803	50
11.8368203830078	7.10894293168125	50
11.7952710473917	7.13880736270948	50
11.7533778914172	7.16868344553139	50
11.7111430513254	7.19856398648314	50
11.6685687217344	7.22844175996504	50
11.6256571550981	7.25830951134827	50
11.582410661164	7.28815995988144	50
11.5388316064322	7.31798580159736	50
11.4949224136134	7.34777971221961	50
11.4506855610869	7.37753435006925	50
11.4061235823595	7.40724235897144	50
11.3612390655236	7.43689637116217	50
11.3160346527156	7.46648901019483	50
11.270513039574	7.49601289384693	50
11.2246769746981	7.52546063702675	50
11.1785292591058	7.55482485467998	50
11.1320727456928	7.58409816469638	50
11.0853103386899	7.61327319081649	50
11.0382449931222	7.64234256553822	50
10.990879714267	7.67129893302353	50
10.9432175571121	7.70013495200514	50
10.8952616258144	7.72884329869311	50
10.847015073158	7.75741666968155	50
10.7984811000128	7.78584778485529	50
10.7496629547924	7.81412939029648	50
10.7005639329128	7.84225426119132	50
10.6511873762508	7.87021520473667	50
10.6015366726019	7.89800506304672	50
10.5516152551392	7.92561671605968	50
10.5014266018711	7.9530430844444	50
10.4509742351003	7.98027713250703	50
10.4002617208816	8.00731187109773	50
10.3492926684805	8.03414036051726	50
10.2980707298315	8.06075571342369	50
10.2465995989964	8.08715109773905	50
10.1948830116227	8.11331973955596	50
10.1429247444019	8.13925492604433	50
10.0907286145277	8.16495000835799	50
10.0382984791546	8.19039840454138	50
9.98563823485599	8.21559360243617	50
9.93275181708263	8.24052916258794	50
9.87964319962095	8.26519872115286	50
9.82631639405139	8.28959599280432	50
9.77277544920672	8.31371477363959	50
9.71902445063037	8.33754894408649	50
9.66506752003479	8.36109247181005	50
9.61090881475976	8.38433941461917	50
9.55655252723076	8.40728392337329	50
9.50200288441726	8.429920244889	50
9.44726414729109	8.45224272484678	50
9.39234061028476	8.47424581069758	50
9.33723660074982	8.49592405456952	50
9.28195647841514	8.51727211617457	50
9.22650463484531	8.53828476571516	50
9.17088549289893	8.55895688679088	50
9.11510350618698	8.57928347930508	50
9.05916315853111	8.59925966237165	50
9.00306896342202	8.61888067722152	50
8.94682546347778	8.63814189010947	50
8.89043722990217	8.65703879522066	50
8.83390886194297	8.67556701757741	50
8.77724498635038	8.69372231594576	50
8.72045025683529	8.71150058574218	50
8.66352935352764	8.72889786194022	50
8.60648698243475	8.74591032197717	50
8.54932787489964	8.76253428866072	50
8.4920567870594	8.7787662330756	50
8.43467849930351	8.79460277749031	50
8.37719781573216	8.81004069826365	50
8.3196195636146	8.82507692875152	50
8.26194859284747	8.83970856221348	50
8.20418977541316	8.85393285471947	50
8.14634800483809	8.86774722805643	50
8.08842819565111	8.88114927263496	50
8.03043528284178	8.89413675039602	50
7.97237422131877	8.90670759771757	50
7.91424998536809	8.9188599283212	50
7.85606756811156	8.93059203617881	50
7.79783198096504	8.94190239841929	50
7.7395482530968	8.95278967823516	50
7.68122143088567	8.96325272778678	50
7.62285657734635	8.97329059070277	50
7.56445877134886	8.98290250204828	50
7.50603310665224	8.99208788600723	50
7.44758469091512	9.00084635328085	50
7.38911864470627	9.00917769848546	50
7.3306401005151	9.01708189755023	50
7.27215420176224	9.02455910511494	50
7.21366610181005	9.03160965192773	50
7.15518096297312	9.03823404224291	50
7.0967039555289	9.04443295121867	50
7.03824025672809	9.05020722231488	50
6.97979504980532	9.05555786469082	50
6.92137352298956	9.06048605060299	50
6.86298086851475	9.06499311280284	50
6.80462228163026	9.06908054193454	50
6.74630295961148	9.07274998393276	50
6.6880281007703	9.0760032374204	50
6.62980290346569	9.0788422511064	50
6.5716325651142	9.08126912118346	50
6.51352228120051	9.08328608872583	50
6.45547724428795	9.08489553708709	50
6.39750264302906	9.08609998929784	50
6.33960366117609	9.08690210546357	50
6.28178547659154	9.08730468016233	50
6.22405326025872	9.08731063984256	50
6.16641217529225	9.08692304022082	50
6.1088673759486	9.08614506367955	50
6.05142400663665	9.08498001666484	50
5.99408720092819	9.08343132708426	50
5.93686208056845	9.08150254170447	50
5.87975375448667	9.07919732354916	50
5.82276731780661	9.07651944929667	50
5.76590785085706	9.07347280667786	50
5.70918041818244	9.07006139187382	50
5.65259006755323	9.06628930691362	50
5.59614182897662	9.06216075707211	50
5.53984071370695	9.05768004826771	50
5.48369171325629	9.05285158446007	50
5.42769979840497	9.04767986504794	50
5.37186991821209	9.04216948226689	50
5.31620699902606	9.03632511858708	50
5.26071594349518	9.030151544111	50
5.20540162957809	9.02365361397128	50
5.15026890955437	9.01683626572843	50
5.09532260903504	9.00970451676858	50
5.04056752597311	9.0022634617013	50
4.98600842967409	8.9945182697573	50
4.93165005980656	8.98647418218624	50
4.87749712541266	8.9781365096545	50
4.82355430391867	8.96951062964289	50
4.76982624014548	8.96060198384447	50
4.71631754531919	8.95141607556229	50
4.66303279608161	8.94195846710713	50
4.60997653350078	8.93223477719533	50
4.55715326208154	8.9222506783465	50
4.50456744877602	8.91201189428129	50
4.45222352199422	8.90152419731914	50
4.40012587061449	8.89079340577614	50
4.34827884299412	8.87982538136263	50
4.29668674597981	8.86862602658111	50
4.24535384391827	8.85720128212394	50
4.19428435766669	8.8455571242711	50
4.14348246360334	8.83369956228798	50
4.09295229263802	8.82163463582311	50
4.04269792922268	8.80936841230597	50
3.99272341036189	8.79690698434471	50
3.94303272462339	8.78425646712393	50
3.89362981114864	8.77142299580246	50
3.84451855866333	8.75841272291111	50
3.79570280448795	8.74523181575043	50
3.74718633354826	8.73188645378846	50
3.69897287738587	8.71838282605854	50
3.65106611316878	8.70472712855703	50
3.60346966270187	8.6909255616411	50
3.55618709143749	8.67698432742648	50
3.50922190748593	8.66290962718523	50
3.462577560626	8.64870765874348	50
3.41625744131554	8.63438461387927	50
3.37026487970197	8.61994667572021	50
3.3246031446328	8.6054000161413	50
3.2792754426662	8.59075079316273	50
3.23428491708147	8.57600514834754	50
3.18963464688964	8.5611692041995	50
3.14532764584398	8.54624906156079	50
3.1013668614505	8.53125079700981	50
3.05775517397855	8.51618046025892	50
3.01449539547127	8.50104407155222	50
2.97159026875621	8.48584761906329	50
2.92904246645578	8.47059705629299	50
2.88685458999785	8.45529829946719	50
2.84502916862624	8.43995722493456	50
2.80356865841128	8.42457966656432	50
2.76247544126033	8.409171413144	50
2.72175182392831	8.39373820577721	50
2.68140003702824	8.37828573528142	50
2.64142223404177	8.3628196395857	50
2.6018204903297	8.34734550112847	50
2.56259680214256	8.33186884425533	50
2.52375308563108	8.31639513261675	50
2.48529117585676	8.30092976656587	50
2.4472128258024	8.28547808055626	50
2.40951970538262	8.27004534053969	50
2.37221340045442	8.25463674136388	50
2.33529541182766	8.23925740417026	50
2.29876715427566	8.22391237379178	50
2.2626299555457	8.2086066161506	50
2.22688505536952	8.1933450156559	50
2.19153360447391	8.17813237260165	50
2.15657666359123	8.16297340056437	50
2.12201520246991	8.14787272380086	50
2.08785009888501	8.13283487464598	50
2.05408213764876	8.11786429091048	50
2.02071200962107	8.10296531327864	50
1.98774031072007	8.08814218270614	50
1.95516754093265	8.07339903781778	50
1.92299410332501	8.05873991230522	50
1.89122030305315	8.04416873232482	50
1.85984634637342	8.02968931389533	50
1.82887233965308	8.01530536029568	50
1.7982982883808	8.00102045946275	50
1.76812409619473	7.98683808141784	50
1.738349564406	7.97276157650482	50
1.70897439284648	7.9587941757978	50
1.67999818126578	7.94493899240867	50
1.65142043075118	7.93119902283208	50
1.62324054514752	7.91757714829048	50
1.59545783247712	7.90407613607919	50
1.56807150635969	7.89069864091135	50
1.54108068743226	7.87744720626304	50
1.51448440476906	7.86432426571823	50
1.48828159730146	7.85133214431387	50
1.46247111523787	7.83847305988486	50
1.43705172148365	7.82574912440915	50
1.41202209306104	7.81316234535271	50
1.38738082252904	7.80071462701457	50
1.36312641940336	7.78840777187188	50
1.3392573115763	7.77624348192491	50
1.31577184673668	7.76422336004207	50
1.29266829378974	7.75234891130498	50
1.26994484427708	7.74062154435347	50
1.24759961379654	7.72904257273059	50
1.22563064342212	7.71761321622771	50
1.2040359011239	7.70633460222944	50
1.18281328318797	7.69520776705878	50
1.16196061563628	7.68423365732206	50
1.14147565564663	7.67341313125401	50
1.12135609297252	7.66274696006276	50
1.10159955136312	7.65223582927491	50
1.08220358998313	7.64188034008052	50
1.0631657048327	7.63168101067817	50
1.04448333016738	7.62163827761997	50
1.026153839918	7.61175249715658	50
1.00817454911058	7.60202394658227	50
0.990542715286266	7.59245282557993	50
0.973255539921214	7.58303925756609	50
0.956310169846527	7.57378329103597	50
0.939703698668152	7.56468490090849	50
0.923433168186798	7.55574398987132	50
0.907495569817848	7.54696038972589	50
0.89188784601127	7.53833386273243	50
0.876606891671528	7.52986410295498	50
0.861649555577498	7.52155073760646	50
0.847012641802378	7.51339332839367	50
0.832692911133598	7.50539137286228	50
0.818687082492739	7.49754430574196	50
0.804991834355438	7.48985150029132	50
0.791603806171304	7.48231226964297	50
0.778519599783829	7.47492586814856	50
0.765735780850302	7.4676914927238	50
0.753248880261719	7.46060828419346	50
0.741055395562697	7.45367532863645	50
0.729151792371385	7.44689165873083	50
0.717534505799378	7.44025625509881	50
0.706199941871626	7.43376804765182	50
0.69514447894635	7.42742591693553	50
0.684364469134952	7.42122869547486	50
0.673856239721929	7.41517516911899	50
0.663616094584782	7.40926407838649	50
0.653640315613932	7.40349411981023	50
0.643925164132631	7.39786394728245	50
0.634466882316871	7.39237217339982	50
0.625261694615304	7.38701737080846	50
0.616305809169146	7.3817980735489	50
0.607595419232092	7.37671277840122	50
0.590895832981958	7.36693800332937	50
0.575132238100733	7.35768032573432	50
0.56027378949831	7.34892651567132	50
0.546289540195833	7.34066287615023	50
0.53314848676289	7.33287528617659	50
0.520819614754706	7.32554924379249	50
0.509271944149335	7.31866990911746	50
0.498474574784855	7.3122221473895	50
0.488396731796556	7.30619057200591	50
0.479007811054133	7.30055958756429	50
0.470277424598883	7.29531343290344	50
0.458350778029481	7.28813098780204	50
0.447737788124135	7.28172475347095	50
0.438340021183135	7.27604075455355	50
0.427534125505625	7.26949278540538	50
0.418497237748627	7.26400774416224	50
0.409368316013743	7.25846013241784	50
0.399947080823147	7.25273045819746	50
0.391009807087877	7.2472939472198	50
