-27.8662742966722	7.40604397974498	55
-27.8749903197212	7.40103455249973	55
-27.883642705927	7.39591599488453	55
-27.8922300889777	7.39068911517898	55
-27.9007511128259	7.38535473876798	55
-27.9092044319031	7.37991370801138	55
-27.9175887113323	7.37436688211103	55
-27.9259026271385	7.36871513697504	55
-27.9341448664581	7.36295936507947	55
-27.9423141277459	7.35710047532744	55
-27.9504091209809	7.35113939290555	55
-27.9584285678699	7.34507705913783	55
-27.966371202049	7.33891443133704	55
-27.9742357692845	7.33265248265357	55
-27.9820210276699	7.32629220192169	55
-27.9897257478226	7.31983459350347	55
-27.9973487130781	7.31328067713014	55
-28.0048887196818	7.30663148774106	55
-28.0123445769792	7.29988807532031	55
-28.019715107604	7.29305150473091	55
-28.026999147664	7.28612285554658	55
-28.0341955469249	7.27910322188136	55
-28.0413031689917	7.27199371221678	55
-28.0483208914885	7.26479544922682	55
-28.0552476062357	7.25750956960067	55
-28.0620822194246	7.25013722386317	55
-28.0688236517906	7.24267957619318	55
-28.0754708387834	7.23513780423971	55
-28.0820227307351	7.22751309893599	55
-28.0884782930261	7.21980666431137	55
-28.0948365062481	7.21201971730122	55
-28.1010963663656	7.20415348755473	55
-28.1072568848741	7.19620921724077	55
-28.1133170889564	7.18818816085172	55
-28.119276021636	7.18009158500537	55
-28.1251327419283	7.17192076824489	55
-28.1308863249892	7.16367700083698	55
-28.1365358622615	7.15536158456807	55
-28.1420804616175	7.14697583253879	55
-28.1475192475008	7.13852106895659	55
-28.1528513610641	7.12999862892665	55
-28.1580759603047	7.12140985824106	55
-28.163192220198	7.11275611316626	55
-28.1681993328272	7.10403876022892	55
-28.1730965075111	7.09525917600012	55
-28.1778829709291	7.08641874687799	55
-28.1825579672432	7.07751886886877	55
-28.1871207582171	7.06856094736636	55
-28.1915706233334	7.05954639693043	55
-28.1959068599068	7.05047664106297	55
-28.2001287831952	7.04135311198358	55
-28.204235726508	7.03217725040328	55
-28.2082270413112	7.02295050529696	55
-28.2121020973299	7.01367433367464	55
-28.215860282648	7.00435020035135	55
-28.2195010038044	6.99497957771584	55
-28.2230236858869	6.98556394549805	55
-28.2264277726233	6.97610479053545	55
-28.2297127264688	6.96660360653826	55
-28.2328780286911	6.95706189385359	55
-28.2359231794523	6.94748115922847	55
-28.2388476978877	6.93786291557196	55
-28.2416511221821	6.92820868171624	55
-28.2443330096423	6.91851998217674	55
-28.246892936767	6.90879834691145	55
-28.2493304993142	6.89904531107926	55
-28.2516453123644	6.88926241479759	55
-28.2538370103819	6.87945120289918	55
-28.2559052472721	6.86961322468811	55
-28.2578496964364	6.8597500336952	55
-28.2596700508238	6.84986318743263	55
-28.2613660229792	6.83995424714805	55
-28.262937345089	6.83002477757799	55
-28.2643837690231	6.82007634670081	55
-28.2657050663745	6.81011052548906	55
-28.266901028495	6.80012888766145	55
-28.2679714665284	6.79013300943429	55
-28.2689162114399	6.78012446927263	55
-28.2697351140436	6.770104847641	55
-28.270428045025	6.76007572675379	55
-28.2709948949626	6.75003869032545	55
-28.2714355743439	6.7399953233204	55
-28.2717500135807	6.7299472117027	55
-28.2719381630194	6.71989594218567	55
-28.2719999929489	6.70984310198127	55
-28.2719354936057	6.69979027854951	55
-28.2717446751749	6.68973905934775	55
-28.2714275677889	6.67969103158002	55
-28.2709842215227	6.66964778194638	55
-28.2704147063859	6.65961089639237	55
-28.2697191123113	6.64958195985857	55
-28.2688975491415	6.63956255603033	55
-28.2679501466108	6.62955426708766	55
-28.2668770543249	6.61955867345539	55
-28.2656784417377	6.60957735355364	55
-28.2643544981239	6.59961188354852	55
-28.2629054325496	6.58966383710328	55
-28.261331473839	6.57973478512977	55
-28.2596328705385	6.56982629554039	55
-28.2578098908772	6.55993993300052	55
-28.2558628227247	6.5500772586814	55
-28.2537919735457	6.54023983001365	55
-28.2515976703512	6.53042920044128	55
-28.2492802596472	6.52064691917644	55
-28.2468401073797	6.51089453095474	55
-28.244277598877	6.50117357579133	55
-28.241593138789	6.49148558873772	55
-28.2387871510229	6.48183209963938	55
-28.2358600786767	6.47221463289413	55
-28.2328123839692	6.46263470721147	55
-28.2296445481667	6.45309383537272	55
-28.2263570715071	6.44359352399214	55
-28.2229504731211	6.43413527327902	55
-28.2194252909502	6.42472057680081	55
-28.2157820816613	6.41535092124721	55
-28.2120214205596	6.40602778619545	55
-28.208143901497	6.39675264387664	55
-28.2041501367787	6.38752695894326	55
-28.2000407570664	6.37835218823791	55
-28.1958164112788	6.36922978056325	55
-28.1914777664892	6.3601611764532	55
-28.1870255078198	6.35114780794547	55
-28.1824603383339	6.34219109835544	55
-28.1777829789246	6.33329246205139	55
-28.1729941682013	6.32445330423113	55
-28.1680946623726	6.31567502070016	55
-28.1630852351274	6.3069589976512	55
-28.1579666775122	6.29830661144534	55
-28.1527397978066	6.28971922839466	55
-28.1474054213956	6.2811982045465	55
-28.141964390639	6.27274488546928	55
-28.1364175647387	6.26436060604011	55
-28.1307658196027	6.25604669023387	55
-28.1250100477071	6.24780445091427	55
-28.1191511579551	6.23963518962644	55
-28.1131900755332	6.23154019639143	55
-28.1071277417655	6.22352074950252	55
-28.1009651139647	6.21557811532333	55
-28.0947031652812	6.20771354808788	55
-28.0883428845493	6.19992828970251	55
-28.0818852761311	6.19222356954975	55
-28.0753313597578	6.18460060429424	55
-28.0686821703687	6.17706059769056	55
-28.0619387579479	6.16960474039316	55
-28.0551021873585	6.16223420976834	55
-28.0481735381742	6.15495016970833	55
-28.041153904509	6.14775377044749	55
-28.0340443948444	6.14064614838068	55
-28.0268461318544	6.13362842588383	55
-28.0195602522283	6.12670171113666	55
-28.0121879064908	6.11986709794775	55
-28.0047302588208	6.11312566558173	55
-27.9971884868673	6.10647847858892	55
-27.9895637815636	6.09992658663722	55
-27.981857346939	6.09347102434631	55
-27.9740703999288	6.08711281112431	55
-27.9662041701824	6.0808529510068	55
-27.9582598998684	6.07469243249825	55
-27.9502388434793	6.06863222841595	55
-27.942142267633	6.06267329573639	55
-27.9339714508725	6.0568165754441	55
-27.9257276834646	6.05106299238312	55
-27.9174122671957	6.04541345511091	55
-27.9090265151664	6.03986885575489	55
-27.9005717515842	6.03443006987158	55
-27.8920493115543	6.02909795630832	55
-27.8834605408687	6.02387335706765	55
-27.8748067957939	6.01875709717435	55
-27.8660894428565	6.01374998454519	55
-27.8573098586277	6.00885280986127	55
-27.8484694295056	6.00406634644325	55
-27.8395695514964	5.99939135012921	55
-27.830611629994	5.99482855915524	55
-27.8215970795581	5.99037869403893	55
-27.8125273236906	5.98604245746558	55
-27.8034037946112	5.98182053417719	55
-27.7942279330309	5.97771359086442	55
-27.7850011879246	5.9737222760612	55
-27.7757250163023	5.96984722004242	55
-27.766400882979	5.96608903472435	55
-27.7570302603435	5.96244831356801	55
-27.7476146281257	5.95892563148547	55
-27.7381554731631	5.95552154474908	55
-27.7286542891659	5.95223659090359	55
-27.7191125764812	5.9490712886813	55
-27.7095318418561	5.94602613792011	55
-27.6999135981996	5.94310161948464	55
-27.6902593643439	5.94029819519024	55
-27.6805706648044	5.93761630773012	55
-27.6708490295391	5.93505638060538	55
-27.6610959937069	5.93261881805821	55
-27.6513130974252	5.93030400500798	55
-27.6415018855268	5.9281123069905	55
-27.6316639073157	5.92604407010031	55
-27.6218007163228	5.92409962093598	55
-27.6119138700603	5.92227926654858	55
-27.6020049297757	5.92058329439316	55
-27.5920754602056	5.91901197228339	55
-27.5821270293284	5.91756554834925	55
-27.5721612081167	5.91624425099784	55
-27.5621795702891	5.91504828887733	55
-27.5521836920619	5.913977850844	55
-27.5421751519003	5.91303310593244	55
-27.5321555302686	5.91221420332881	55
-27.5221264093814	5.91152127234732	55
-27.5120893729531	5.91095442240981	55
-27.502046005948	5.91051374302847	55
-27.4919978943303	5.91019930379166	55
-27.4819466248133	5.91001115435299	55
-27.4718937846089	5.90994932442344	55
-27.4618409611771	5.91001382376667	55
-27.4517897419754	5.91020464219749	55
-27.4417417142076	5.91052174958345	55
-27.431698464574	5.91096509584963	55
-27.42166157902	5.9115346109865	55
-27.4116326424862	5.91223020506103	55
-27.401613238658	5.91305176823084	55
-27.3916049497153	5.91399917076159	55
-27.381609356083	5.91507226304744	55
-27.3716280361813	5.91627087563468	55
-27.3616625661762	5.91759481924848	55
-27.3517145197309	5.91904388482279	55
-27.3417854677574	5.92061784353338	55
-27.3221198546572	5.92390004423168	55
-27.3046492559665	5.926786454829	55
-27.2871699529726	5.92964378010688	55
-27.2696819456752	5.93247202006532	55
-27.2521852340746	5.93527117470432	55
-27.2346798181706	5.93804124402387	55
-27.2171656979633	5.94078222802398	55
-27.1996428734526	5.94349412670466	55
-27.1821113446386	5.94617694006588	55
-27.1645711115213	5.94883066810767	55
-27.1470221741007	5.95145531083002	55
-27.1294645323767	5.95405086823292	55
-27.1118981863493	5.95661734031638	55
-27.0943231360187	5.9591547270804	55
-27.0767393813847	5.96166302852498	55
-27.0591469224473	5.96414224465012	55
-27.0415457592066	5.96659237545582	55
-27.0239358916626	5.96901342094207	55
-27.0063173198153	5.97140538110888	55
-26.9886900436646	5.97376825595625	55
-26.9710540632106	5.97610204548418	55
-26.9534093784532	5.97840674969266	55
-26.9357559893925	5.98068236858171	55
-26.9180938960285	5.98292890215131	55
-26.9004230983611	5.98514635040147	55
-26.8827435963904	5.98733471333219	55
-26.8650553901164	5.98949399094347	55
-26.847358479539	5.99162418323531	55
-26.8296528646583	5.9937252902077	55
-26.8119385454743	5.99579731186065	55
-26.7942155219869	5.99784024819417	55
-26.7764837941962	5.99985409920823	55
-26.7587433621022	6.00183886490286	55
-26.7409942257048	6.00379454527804	55
-26.723236385004	6.00572114033379	55
-26.70546984	6.00761865007009	55
-26.6876945906926	6.00948707448695	55
-26.6699106370819	6.01132641358437	55
-26.6521179791678	6.01313666736235	55
-26.6343166169504	6.01491783582088	55
-26.6165065504297	6.01666991895998	55
-26.5986877796056	6.01839291677963	55
-26.5808603044782	6.02008682927984	55
-26.5630241250475	6.0217516564606	55
-26.5451792413134	6.02338739832193	55
-26.527325653276	6.02499405486381	55
-26.5094633609352	6.02657162608625	55
-26.4915923642911	6.02812011198926	55
-26.4737126633437	6.02963951257282	55
-26.455824258093	6.03112982783693	55
-26.4379271485389	6.03259105778161	55
-26.4200213346815	6.03402320240684	55
-26.4021068165207	6.03542626171263	55
-26.3841835940566	6.03680023569899	55
-26.3662516672892	6.03814512436589	55
-26.3483110362184	6.03946092771336	55
-26.3303617008443	6.04074764574139	55
-26.3124036611668	6.04200527844997	55
-26.2944369171861	6.04323382583911	55
-26.2764614689019	6.04443328790881	55
-26.2584773163145	6.04560366465907	55
-26.2404844594237	6.04674495608988	55
-26.2224828982296	6.04785716220126	55
-26.2044726327321	6.04894028299319	55
-26.1864536629313	6.04999431846568	55
-26.1684259888272	6.05101926861873	55
-26.1503896104198	6.05201513345234	55
-26.132344527709	6.05298191296651	55
-26.1142907406948	6.05391960716123	55
-26.0962282493774	6.05482821603651	55
-26.0781570537565	6.05570773959235	55
-26.0600771538324	6.05655817782875	55
-26.0419885496049	6.05737953074571	55
-26.0238912410741	6.05817179834322	55
-26.00578522824	6.0589349806213	55
-25.9876705111025	6.05966907757993	55
-25.9695470896617	6.06037408921912	55
-25.9514149639175	6.06105001553887	55
-25.93327413387	6.06169685653917	55
-25.9151245995192	6.06231461222004	55
-25.896966360865	6.06290328258146	55
-25.8787994179075	6.06346286762344	55
-25.8606237706467	6.06399336734598	55
-25.8424394190825	6.06449478174908	55
-25.824246363215	6.06496711083273	55
-25.8060446030442	6.06541035459695	55
-25.78783413857	6.06582451304172	55
-25.7696149697925	6.06620958616705	55
-25.7513870967116	6.06656557397294	55
-25.7331505193274	6.06689247645939	55
-25.7149052376399	6.06719029362639	55
-25.6966512516491	6.06745902547396	55
-25.6783885613549	6.06769867200208	55
-25.6601171667573	6.06790923321076	55
-25.6418370678565	6.0680907091	55
-25.6235482646523	6.06824309966979	55
-25.6052507571447	6.06836640492015	55
-25.5869445453339	6.06846062485107	55
-25.5686296292197	6.06852575946254	55
-25.5503060088021	6.06856180875457	55
-25.5319736840812	6.06856877272715	55
-25.513632655057	6.0685466513803	55
-25.4952829217295	6.068495444714	55
-25.4769244840986	6.06841515272827	55
-25.4585573421644	6.06830577542309	55
-25.4401814959268	6.06816731279847	55
-25.4217969453859	6.0679997648544	55
-25.4034036905417	6.0678031315909	55
-25.3850017313941	6.06757741300795	55
-25.3665910679432	6.06732260910557	55
-25.348171700189	6.06703871988374	55
-25.3297436281314	6.06672574534247	55
-25.3113068517705	6.06638368548175	55
-25.2928613711063	6.0660125403016	55
-25.2744071861387	6.065612309802	55
-25.2559442968678	6.06518299398296	55
-25.2374727032935	6.06472459284448	55
-25.2189924054159	6.06423710638656	55
-25.200503403235	6.0637205346092	55
-25.1820056967508	6.06317487751239	55
-25.1634992859632	6.06260013509614	55
-25.1449841708722	6.06199630736045	55
-25.126460351478	6.06136339430532	55
-25.1079278277804	6.06070139593075	55
-25.0893865997794	6.06001031223674	55
-25.0708366674752	6.05929014322328	55
-25.0522780308676	6.05854088889039	55
-25.0337106899566	6.05776254923805	55
-25.0151346447423	6.05695512426627	55
-24.9965498952247	6.05611861397504	55
-24.9779564414038	6.05525301836438	55
-24.9593542832795	6.05435833743427	55
-24.9407434208519	6.05343457118472	55
-24.9221238541209	6.05248171961573	55
-24.9034955830866	6.0514997827273	55
-24.884858607749	6.05048876051943	55
-24.866212928108	6.04944865299211	55
-24.8475585441637	6.04837946014536	55
-24.8288954559161	6.04728118197916	55
-24.8102236633651	6.04615381849352	55
-24.7915431665108	6.04499736968843	55
-24.7728539653532	6.04381183556391	55
-24.7541560598922	6.04259721611994	55
-24.7354494501279	6.04135351135654	55
-24.7167341360602	6.04008072127369	55
-24.6980101176892	6.0387788458714	55
-24.6792773950149	6.03744788514966	55
-24.6605359680373	6.03608783910849	55
-24.6417858367563	6.03469870774788	55
-24.6230270011719	6.03328049106782	55
-24.6042594612843	6.03183318906832	55
-24.5854832170933	6.03035680174938	55
-24.5666982685989	6.02885132911099	55
-24.5479046158013	6.02731677115317	55
-24.5291022587003	6.0257531278759	55
-24.5102911972959	6.02416039927919	55
-24.4914714315882	6.02253858536304	55
-24.4726429615772	6.02088768612745	55
-24.4538057872629	6.01920770157242	55
-24.4349599086452	6.01749863169794	55
-24.4161053257242	6.01576047650403	55
-24.3972420384998	6.01399323599066	55
-24.3783700469721	6.01219691015786	55
-24.3594893511411	6.01037149900562	55
-24.3405999510067	6.00851700253394	55
-24.321701846569	6.00663342074281	55
-24.302795037828	6.00472075363224	55
-24.2838795247836	6.00277900120224	55
-24.2649553074359	6.00080816345278	55
-24.2460223857849	5.99880824038389	55
-24.2270807598305	5.99677923199556	55
-24.2081304295728	5.99472113828778	55
-24.1891713950117	5.99263395926056	55
-24.1702036561473	5.9905176949139	55
-24.1512272129796	5.9883723452478	55
-24.1322420655085	5.98619791026225	55
-24.1132482137341	5.98399438995727	55
-24.0942456576564	5.98176178433284	55
-24.0752343972754	5.97950009338898	55
-24.0562144325909	5.97720931712566	55
-24.0371857636032	5.97488945554291	55
-24.0181483903121	5.97254050864072	55
-23.9991023127177	5.97016247641908	55
-23.98004753082	5.96775535887801	55
-23.9609840446189	5.96531915601749	55
-23.9419118541145	5.96285386783752	55
-23.9228309593067	5.96035949433812	55
-23.9037413601957	5.95783603551928	55
-23.8846430567812	5.95528349138099	55
-23.8655360490635	5.95270186192326	55
-23.8464203370424	5.95009114714609	55
-23.8272959207179	5.94745134704948	55
-23.8081628000902	5.94478246163343	55
-23.7890209751591	5.94208449089793	55
-23.7698704459246	5.939357434843	55
-23.7507112123869	5.93660129346862	55
-23.7315432745458	5.9338160667748	55
-23.7123666324013	5.93100175476154	55
-23.6931812859535	5.92815835742883	55
-23.6739872352024	5.92528587477669	55
-23.654784480148	5.9223843068051	55
-23.6355730207902	5.91945365351407	55
-23.6163528571291	5.9164939149036	55
-23.5971239891646	5.91350509097368	55
-23.5778864168968	5.91048718172433	55
-23.5586401403257	5.90744018715554	55
-23.5393851594512	5.9043641072673	55
-23.5201214742734	5.90125894205962	55
-23.5008490847923	5.8981246915325	55
-23.4815679910078	5.89496135568593	55
-23.46227819292	5.89176893451993	55
-23.4429796905288	5.88854742803448	55
-23.4236724838344	5.88529683622959	55
-23.4043565728365	5.88201715910526	55
-23.3850319575354	5.87870839666149	55
-23.3656986379309	5.87537054889828	55
-23.3463566140231	5.87200361581562	55
-23.3270058858119	5.86860759741353	55
-23.3076464532974	5.86518249369199	55
-23.2882783164796	5.86172830465101	55
-23.2689014753584	5.85824503029059	55
-23.2495159299339	5.85473267061072	55
-23.2301216802061	5.85119122561142	55
-23.2107187261749	5.84762069529267	55
-23.1913070678404	5.84402107965448	55
-23.1718867052026	5.84039237869685	55
-23.1524576382614	5.83673459241977	55
-23.1330198670169	5.83304772082326	55
-23.113573391469	5.8293317639073	55
-23.0941182116178	5.82558672167191	55
-23.0746543274633	5.82181259411707	55
-23.0551817390054	5.81800938124278	55
-23.0357004462442	5.81417708304906	55
-23.0162104491797	5.81031569953589	55
-22.9967117478119	5.80642523070329	55
-22.9772043421407	5.80250567655124	55
-22.9576882321661	5.79855703707975	55
-22.9381634178882	5.79457931228882	55
-22.918629899307	5.79057250217844	55
-22.8990876764225	5.78653660674863	55
-22.8795367492346	5.78247162599937	55
-22.8599771177434	5.77837755993067	55
-22.8404087819488	5.77425440854253	55
-22.8208317418509	5.77010217183495	55
-22.8012459974497	5.76592084980792	55
-22.7816515487452	5.76171044246146	55
-22.7620483957373	5.75747094979555	55
-22.742436538426	5.7532023718102	55
-22.7228159768115	5.74890470850541	55
-22.7031867108936	5.74457795988117	55
-22.6835487406723	5.7402221259375	55
-22.6639020661478	5.73583720667438	55
-22.6442466873198	5.73142320209183	55
-22.6245826041886	5.72698011218982	55
-22.604909816754	5.72250793696838	55
-22.5852283250161	5.7180066764275	55
-22.5655381289748	5.71347633056717	55
-22.5458392286303	5.70891689938741	55
-22.5261316239823	5.7043283828882	55
-22.5064153150311	5.69971078106955	55
-22.4866903017765	5.69506409393145	55
-22.4669565842185	5.69038832147392	55
-22.4472141623573	5.68568346369694	55
-22.4274630361927	5.68094952060053	55
-22.4077032057247	5.67618649218467	55
-22.3879346709535	5.67139437844937	55
-22.3681574318789	5.66657317939462	55
-22.3483714885009	5.66172289502044	55
-22.3285768408196	5.65684352532681	55
-22.308773488835	5.65193507031374	55
-22.2889614325471	5.64699752998123	55
-22.2691406719558	5.64203090432928	55
-22.2493112070611	5.63703519335789	55
-22.2294730378632	5.63201039706705	55
-22.2096261643619	5.62695651545678	55
-22.1897705865573	5.62187354852706	55
-22.1699063044493	5.6167614962779	55
-22.150033318038	5.61162035870929	55
-22.1301516273233	5.60645013582125	55
-22.1102612323054	5.60125082761376	55
-22.0903621329841	5.59602243408684	55
-22.0704543293594	5.59076495524046	55
-22.0505378214314	5.58547839107466	55
-22.0306126092001	5.5801627415894	55
-22.0106786926655	5.57481800678471	55
-21.9907360718275	5.56944418666057	55
-21.9707847466861	5.56404128121699	55
-21.9508247172415	5.55860929045398	55
-21.9308559834935	5.55314821437151	55
-21.9108785454422	5.54765805296961	55
-21.8908924030875	5.54213880624826	55
-21.8708975564295	5.53659047420748	55
-21.8508940054681	5.53101305684725	55
-21.8308817502035	5.52540655416758	55
-21.8108607906355	5.51977096616847	55
-21.7908311267641	5.51410629284991	55
-21.7707927585894	5.50841253421192	55
-21.7507456861114	5.50268969025448	55
-21.7306899093301	5.4969377609776	55
-21.7106254282454	5.49115674638128	55
-21.6905522428573	5.48534664646552	55
-21.670470353166	5.47950746123031	55
-21.6503797591713	5.47363919067567	55
-21.6302804608733	5.46774183480158	55
-21.6101724582719	5.46181539360805	55
-21.5900557513672	5.45585986709508	55
-21.5699303401591	5.44987525526267	55
-21.5497962246478	5.44386155811081	55
-21.5296534048331	5.43781877563952	55
-21.509501880715	5.43174690784878	55
-21.4893416522936	5.4256459547386	55
-21.4691727195689	5.41951591630897	55
-21.4489950825409	5.41335679255991	55
-21.4288087412095	5.4071685834914	55
-21.4086136955747	5.40095128910346	55
-21.3884099456367	5.39470490939607	55
-21.3681974913953	5.38842944436924	55
-21.3479763328505	5.38212489402297	55
-21.3277464700025	5.37579125835725	55
-21.3075079028511	5.3694285373721	55
-21.2872606313963	5.3630367310675	55
-21.2670046556383	5.35661583944346	55
-21.2467399755769	5.35016586249998	55
-21.2264665912121	5.34368680023706	55
-21.206184502544	5.33717865265469	55
-21.1858937095726	5.33064141975289	55
-21.1655942122978	5.32407510153164	55
-21.1452860107198	5.31747969799095	55
-21.1249691048383	5.31085520913082	55
-21.1046434946536	5.30420163495124	55
-21.0843091801655	5.29751897545223	55
-21.063966161374	5.29080723063377	55
-21.0436144382793	5.28406640049587	55
-21.0232540108812	5.27729648503853	55
-21.0028848791797	5.27049748426175	55
-20.982507043175	5.26366939816553	55
-20.9621205028668	5.25681222674986	55
-20.9417252582554	5.24992597001475	55
-20.9213213093406	5.2430106279602	55
-20.9009086561225	5.23606620058621	55
-20.880487298601	5.22909268789278	55
-20.8600572367762	5.2220900898799	55
-20.8396184706481	5.21505840654759	55
-20.8191710002167	5.20799763789583	55
-20.7987148254819	5.20090778392463	55
-20.7782499464437	5.19378884463399	55
-20.7577763631023	5.18664082002391	55
-20.7372940754575	5.17946371009438	55
-20.7168030835093	5.17225751484542	55
-20.6963033872578	5.16502223427701	55
-20.675794986703	5.15775786838916	55
-20.6552778818449	5.15046441718186	55
-20.6347520726834	5.14314188065513	55
-20.6142175592186	5.13579025880896	55
-20.5936743414504	5.12840955164334	55
-20.5731224193789	5.12099975915828	55
-20.5525617930041	5.11356088135378	55
-20.5319924623259	5.10609291822984	55
-20.5114144273444	5.09859586978645	55
-20.4908276880596	5.09106973602363	55
-20.4702322444714	5.08351451694136	55
-20.4496280965799	5.07593021253965	55
-20.4290152443851	5.0683168228185	55
-20.4083936878869	5.0606743477779	55
-20.3877634270854	5.05300278741787	55
-20.3671244619806	5.04530214173839	55
-20.3464767925724	5.03757241073947	55
-20.3258204188609	5.02981359442112	55
-20.305155340846	5.02202569278332	55
-20.2844815585278	5.01420870582607	55
-20.2637990719063	5.00636263354938	55
-20.2431078809814	4.99848747595326	55
-20.2224079857532	4.99058323303769	55
-20.2016993862217	4.98264990480268	55
-20.1809820823868	4.97468749124823	55
-20.1602560742486	4.96669599237434	55
-20.1395213618071	4.958675408181	55
-20.1187779450622	4.95062573866822	55
-20.098025824014	4.942546983836	55
-20.0772649986624	4.93443914368434	55
-20.0564954690076	4.92630221821324	55
-20.0357172350493	4.91813620742269	55
-20.0149302967878	4.90994111131271	55
-19.9941346542229	4.90171692988328	55
-19.9733303073547	4.89346366313441	55
-19.9525172561831	4.8851813110661	55
-19.9316955007082	4.87686987367834	55
-19.91086504093	4.86852935097115	55
-19.8900258768484	4.86015974294451	55
-19.8691780084635	4.85176104959843	55
-19.8483214357752	4.84333327093291	55
-19.8274561587837	4.83487640694795	55
-19.8065821774888	4.82639045764355	55
-19.7856994918905	4.8178754230197	55
-19.7648081019889	4.80933130307641	55
-19.743908007784	4.80075809781369	55
-19.7229992092758	4.79215580723151	55
-19.7020817064642	4.7835244313299	55
-19.6811554993492	4.77486397010885	55
-19.660220587931	4.76617442356835	55
-19.6392769722094	4.75745579170841	55
-19.6183246521844	4.74870807452903	55
-19.5973636278562	4.73993127203021	55
-19.5763938992246	4.73112538421195	55
-19.5554154662896	4.72229041107424	55
-19.5344283290513	4.7134263526171	55
-19.5134324875097	4.70453320884051	55
-19.4924279416648	4.69561097974448	55
-19.4714146915165	4.68665966532901	55
-19.4503927370649	4.67767926559409	55
-19.4293620783099	4.66866978053974	55
-19.4083227152516	4.65963121016594	55
-19.38727464789	4.6505635544727	55
-19.366217876225	4.64146681346002	55
-19.3451524002567	4.6323409871279	55
-19.3240782199851	4.62318607547634	55
-19.3029953354101	4.61400207850533	55
-19.2819037465318	4.60478899621488	55
-19.2608034533502	4.59554682860499	55
-19.2396944558652	4.58627557567566	55
-19.2185767540769	4.57697523742689	55
-19.1974503479852	4.56764581385867	55
-19.1763152375903	4.55828730497102	55
-19.1551714228919	4.54889971076392	55
-19.1340189038903	4.53948303123738	55
-19.1128576805853	4.5300372663914	55
-19.091687752977	4.52056241622598	55
-19.0705091210653	4.51105848074111	55
-19.0493217848503	4.5015254599368	55
-19.028125744332	4.49196335381305	55
-19.0069209995103	4.48237216236987	55
-18.9857075503853	4.47275188560723	55
-18.9644853969569	4.46310252352516	55
-18.9432545392253	4.45342407612364	55
-18.9220149771903	4.44371654340268	55
-18.9007667108519	4.43397992536229	55
-18.8795097402102	4.42421422200245	55
-18.8582440652652	4.41441943332316	55
-18.8369696860168	4.40459555932444	55
-18.8156866024651	4.39474260000627	55
-18.7943948146101	4.38486055536866	55
-18.7730943224518	4.37494942541161	55
-18.7517851259901	4.36500921013512	55
-18.730467225225	4.35503990953919	55
-18.7091406201567	4.34504152362381	55
-18.6878053107849	4.335014052389	55
-18.6664612971099	4.32495749583474	55
-18.6451085791315	4.31487185396104	55
-18.6237471568498	4.3047571267679	55
-18.6023770302648	4.29461331425531	55
-18.5809981993764	4.28444041642329	55
-18.5596106641847	4.27423843327182	55
-18.5382144246896	4.26400736480091	55
-18.5168094808912	4.25374721101056	55
-18.4953958327895	4.24345797190077	55
-18.4739734803844	4.23313964747154	55
-18.452542423676	4.22279223772286	55
-18.4311026626643	4.21241574265474	55
-18.4096541973492	4.20201016226718	55
-18.3881970277308	4.19157549656018	55
-18.3667311538091	4.18111174553374	55
-18.345256575584	4.17061890918785	55
-18.3237732930556	4.16009698752253	55
-18.3022813062238	4.14954598053776	55
-18.2807806150887	4.13896588823355	55
-18.2592712196503	4.1283567106099	55
-18.2377531199086	4.1177184476668	55
-18.2162263158635	4.10705109940427	55
-18.194690807515	4.09635466582229	55
-18.1731465948633	4.08562914692087	55
-18.1515936779082	4.07487454270001	55
-18.1300320566497	4.06409085315971	55
-18.108461731088	4.05327807829997	55
-18.0868827012228	4.04243621812078	55
-18.0652949670544	4.03156527262215	55
-18.0436985285826	4.02066524180409	55
-18.0220933858075	4.00973612566657	55
-18.0004795387291	3.99877792420962	55
-17.9788569873473	3.98779063743322	55
-17.9572257316622	3.97677426533739	55
-17.9355857716737	3.96572880792211	55
-17.9139371073819	3.95465426518739	55
-17.8922797387868	3.94355063713323	55
-17.8706136658883	3.93241792375963	55
-17.8489388886865	3.92125612506658	55
-17.8272554071814	3.91006524105409	55
-17.8055632213729	3.89884527172217	55
-17.7838623312611	3.8875962170708	55
-17.762152736846	3.87631807709998	55
-17.7404344381275	3.86501085180973	55
-17.7187074351057	3.85367454120003	55
-17.6969717277805	3.8423091452709	55
-17.675227316152	3.83091466402232	55
-17.6534742002202	3.8194910974543	55
-17.631712379985	3.80803844556683	55
-17.6099418554466	3.79655670835993	55
-17.5881626266047	3.78504588583358	55
-17.5663746934596	3.7735059779878	55
-17.5445780560111	3.76193698482257	55
-17.5227727142592	3.7503389063379	55
-17.500958668204	3.73871174253378	55
-17.4791359178455	3.72705549341023	55
-17.4573044631837	3.71537015896723	55
-17.4354643042185	3.70365573920479	55
-17.41361544095	3.69191223412291	55
-17.3917578733781	3.68013964372159	55
-17.369891601503	3.66833796800083	55
-17.3480166253244	3.65650720696062	55
-17.3261329448426	3.64464736060098	55
-17.3042405600574	3.63275842892189	55
-17.2823394709689	3.62084041192336	55
-17.260429677577	3.60889330960538	55
-17.2385111798818	3.59691712196797	55
-17.2165839778833	3.58491184901111	55
-17.1946480715814	3.57287749073481	55
-17.1727034609762	3.56081404713908	55
-17.1507501460676	3.54872151822389	55
-17.1287881268558	3.53659990398927	55
-17.1068174033405	3.52444920443521	55
-17.084837975522	3.5122694195617	55
-17.0628498434001	3.50006054936875	55
-17.0408530069749	3.48782259385636	55
-17.0188474662463	3.47555555302453	55
-16.9968332212144	3.46325942687326	55
-16.9748102718792	3.45093421540254	55
-16.9527786182406	3.43857991861239	55
-16.9307382602987	3.42619653650279	55
-16.9086891980535	3.41378406907375	55
-16.8866314315049	3.40134251632526	55
-16.864564960653	3.38887187825734	55
-16.8424897854978	3.37637215486997	55
-16.8204059060392	3.36384334616317	55
-16.7983133222773	3.35128545213692	55
-16.776212034212	3.33869847279123	55
-16.7541020418434	3.3260824081261	55
-16.7319833451715	3.31343725814152	55
-16.7098559441962	3.30076302283751	55
-16.6877198389177	3.28805970221405	55
-16.6655750293357	3.27532729627115	55
-16.6434215154505	3.26256580500881	55
-16.6212592972619	3.24977522842702	55
-16.5990883747699	3.2369555665258	55
-16.5769087479746	3.22410681930513	55
-16.554720416876	3.21122898676502	55
-16.5325233814741	3.19832206890547	55
-16.5103176417688	3.18538606572648	55
-16.4881031977602	3.17242097722805	55
-16.4658800494482	3.15942680341017	55
-16.443648196833	3.14640354427285	55
-16.4214076399143	3.1333511998161	55
-16.3991583786924	3.1202697700399	55
-16.3769004131671	3.10715925494425	55
-16.3546337433385	3.09401965452917	55
-16.3323583692065	3.08085096879464	55
-16.3100742907712	3.06765319774067	55
-16.2877815080325	3.05442634136727	55
-16.2654800209906	3.04117039967442	55
-16.2431698296453	3.02788537266212	55
-16.2208509339966	3.01457126033039	55
-16.1985233340446	3.00122806267921	55
-16.1761870297893	2.98785577970859	55
-16.1538420212307	2.97445441141853	55
-16.1314883083687	2.96102395780903	55
-16.1091258912034	2.94756441888009	55
-16.0867547697347	2.9340757946317	55
-16.0643749439627	2.92055808506387	55
-16.0419864138874	2.90701129017661	55
-16.0195891795087	2.89343540996989	55
-15.9971832408267	2.87983044444374	55
-15.9747685978414	2.86619639359815	55
-15.9523452505527	2.85253325743311	55
-15.9299131989607	2.83884103594864	55
-15.9074724430653	2.82511972914472	55
-15.8850229828667	2.81136933702136	55
-15.8625648183646	2.79758985957855	55
-15.8400979495593	2.78378129681631	55
-15.8176223764506	2.76994364873462	55
-15.7951380990386	2.7560769153335	55
-15.7726451173232	2.74218109661292	55
-15.7501434313045	2.72825619257291	55
-15.7276330409825	2.71430220321346	55
-15.7051139463571	2.70031912853456	55
-15.6825861474284	2.68630696853623	55
-15.6600496441964	2.67226572321845	55
-15.637504436661	2.65819539258123	55
-15.6149505248223	2.64409597662457	55
-15.5923879086803	2.62996747534846	55
-15.5698165882349	2.61580988875292	55
-15.5472365634862	2.60162321683793	55
-15.5246478344341	2.5874074596035	55
-15.5020504010787	2.57316261704963	55
-15.47944426342	2.55888868917632	55
-15.4568294214579	2.54458567598356	55
-15.4342058751925	2.53025357747137	55
-15.4115736246238	2.51589239363973	55
-15.3889326697517	2.50150212448865	55
-15.3662830105763	2.48708277001813	55
-15.3436246470976	2.47263433022817	55
-15.3209575793155	2.45815680511876	55
-15.2982818072301	2.44365019468991	55
-15.2755973308414	2.42911449894163	55
-15.2529041501493	2.4145497178739	55
-15.2302022651539	2.39995585148672	55
-15.2074916758551	2.38533289978011	55
-15.184772382253	2.37068086275405	55
-15.1620443843476	2.35599974040856	55
-15.1393076821388	2.34128953274362	55
-15.1165622756267	2.32655023975924	55
-15.0938081648113	2.31178186145542	55
-15.0710453496926	2.29698439783215	55
-15.0482738302704	2.28215784888945	55
-15.025493606545	2.2673022146273	55
-15.0027046785162	2.25241749504571	55
-14.9799070461841	2.23750369014468	55
-14.9571007095487	2.22256079992421	55
-14.9342856686099	2.20758882438429	55
-14.9114619233678	2.19258776352494	55
-14.8886294738223	2.17755761734614	55
-14.8657883199735	2.1624983858479	55
-14.8429384618214	2.14741006903022	55
-14.820079899366	2.13229266689309	55
-14.7972126326072	2.11714617943653	55
-14.774336661545	2.10197060666052	55
-14.7514519861796	2.08676594856507	55
-14.7285586065108	2.07153220515018	55
-14.7056565225386	2.05626937641585	55
-14.6827457342631	2.04097746236208	55
-14.6598262416843	2.02565646298886	55
-14.6368980448022	2.0103063782962	55
-14.6139611436167	1.9949272082841	55
-14.5910155381279	1.97951895295256	55
-14.5680612283357	1.96408161230158	55
-14.5450982142402	1.94861518633115	55
-14.5221264958414	1.93311967504129	55
-14.4991460731393	1.91759507843198	55
-14.4761569461338	1.90204139650323	55
-14.4531591148249	1.88645862925504	55
-14.4301525792128	1.87084677668741	55
-14.4071373392973	1.85520583880033	55
-14.3841133950784	1.83953581559382	55
-14.3610807465562	1.82383670706786	55
-14.3380393937307	1.80810851322246	55
-14.3149893366019	1.79235123405761	55
-14.2919305751697	1.77656486957333	55
-14.2688631094342	1.76074941976961	55
-14.2457869393953	1.74490488464644	55
-14.2227020650531	1.72903126420383	55
-14.1996084864076	1.71312855844178	55
-14.1765062034588	1.69719676736029	55
-14.1533952162066	1.68123589095935	55
-14.130275524651	1.66524592923898	55
-14.1071471287922	1.64922688219916	55
-14.08401002863	1.6331787498399	55
-14.0608642241644	1.6171015321612	55
-14.0377097153955	1.60099522916306	55
-14.0145465023233	1.58485984084547	55
-13.9913745849478	1.56869536720844	55
-13.9681939632689	1.55250180825198	55
-13.9450046372867	1.53627916397607	55
-13.9218066070011	1.52002743438071	55
-13.8985998724122	1.50374661946592	55
-13.87538443352	1.48743671923168	55
-13.8521602903245	1.47109773367801	55
-13.8289274428256	1.45472966280489	55
-13.8056858910233	1.43833250661233	55
-13.7824356349178	1.42190626510033	55
-13.7591766745088	1.40545093826888	55
-13.7359090097966	1.388966526118	55
-13.712632640781	1.37245302864767	55
-13.6893475674621	1.3559104458579	55
-13.6660537898399	1.33933877774869	55
-13.6427513079143	1.32273802432004	55
-13.6194401216854	1.30610818557194	55
-13.5961202311531	1.28944926150441	55
-13.5727916363175	1.27276125211743	55
-13.5494543371786	1.25604415741101	55
-13.5261083337363	1.23929797738515	55
-13.5027536259907	1.22252271203984	55
-13.4793902139418	1.2057183613751	55
-13.4560180975895	1.18888492539091	55
-13.4326372769339	1.17202240408728	55
-13.409247751975	1.15513079746421	55
-13.3858495227127	1.1382101055217	55
-13.3624425891471	1.12126032825975	55
-13.3390269512782	1.10428146567835	55
-13.3156026091059	1.08727351777752	55
-13.2921695626303	1.07023648455723	55
-13.2687278118513	1.05317036601751	55
-13.245277356769	1.03607516215835	55
-13.2218181973834	1.01895087297975	55
-13.1983503336944	1.0017974984817	55
-13.1748737657021	0.984615038664213	55
-13.1513884934065	0.967403493527284	55
-13.1278945168075	0.950162863070913	55
-13.1043918359052	0.932893147295101	55
-13.0808804506996	0.915594346199845	55
-13.0573603611906	0.898266459785147	55
-13.0338315673783	0.880909488051009	55
-13.0102940692626	0.86352343099743	55
-12.9867478668437	0.846108288624409	55
-12.9631929601213	0.828664060931946	55
-12.9396293490957	0.811190747920039	55
-12.9160570337667	0.793688349588693	55
-12.8924760141344	0.776156865937904	55
-12.8688862901987	0.758596296967673	55
-12.8452878619597	0.741006642678001	55
-12.8216807294174	0.723387903068886	55
-12.7980648925717	0.70574007814033	55
-12.7744403514227	0.688063167892333	55
-12.7508071059704	0.670357172324894	55
-12.7271651562147	0.652622091438014	55
-12.7035145021557	0.63485792523169	55
-12.6798551437933	0.617064673705925	55
-12.6561870811276	0.599242336860719	55
-12.6325103141586	0.581390914696072	55
-12.6088248428863	0.563510407211981	55
-12.5851306673106	0.545600814408449	55
-12.5614277874316	0.527662136285476	55
-12.5377162032492	0.509694372843061	55
-12.5139959147635	0.491697524081204	55
-12.4902669219745	0.473671589999904	55
-12.4665292248821	0.455616570599165	55
-12.4427828234864	0.437532465878983	55
-12.4190277177873	0.41941927583936	55
-12.395263907785	0.401277000480294	55
-12.3714913934793	0.383105639801785	55
-12.3477101748702	0.364905193803836	55
-12.3239202519578	0.346675662486446	55
-12.3001216247421	0.328417045849614	55
-12.276314293223	0.31012934389334	55
-12.2524982574007	0.291812556617622	55
-12.2286735172749	0.273466684022464	55
-12.2048400728459	0.255091726107865	55
-12.1809979241135	0.236687682873825	55
-12.1571470710777	0.218254554320342	55
-12.1332875137387	0.199792340447415	55
-12.1094192520963	0.181301041255049	55
-12.0855422861505	0.162780656743241	55
-12.0616566159014	0.14423118691199	55
-12.037762241349	0.125652631761299	55
-12.0138591624933	0.107044991291164	55
-11.9899473793342	0.0884082655015899	55
-11.9660268918718	0.0697424543925722	55
-11.942097700106	0.0510475579641136	55
-11.9181598040369	0.0323235762162133	55
-11.8942132036645	0.0135705091488703	55
-11.8702578989887	-0.00521164323791456	55
-11.8462938900096	-0.0240228809441394	55
-11.8223211767272	-0.0428632039698078	55
-11.7983397591414	-0.0617326123149162	55
-11.7743496372523	-0.0806311059794691	55
-11.7503508110599	-0.0995586849634611	55
-11.7263432805641	-0.118515349266896	55
-11.702327045765	-0.137501098889772	55
-11.6783021066625	-0.156515933832089	55
-11.6542684632568	-0.175559854093851	55
-11.6302261155476	-0.194632859675052	55
-11.6061750635352	-0.213734950575695	55
-11.5821153072194	-0.23286612679578	55
-11.5580468466003	-0.252026388335307	55
-11.5339696816778	-0.271215735194278	55
-11.509883812452	-0.290434167372688	55
-11.4857892389229	-0.309681684870539	55
-11.4616859610904	-0.328958287687833	55
-11.4375739789546	-0.348263975824568	55
-11.4134532925155	-0.367598749280747	55
-11.389323901773	-0.386962608056367	55
-11.3651858067272	-0.406355552151426	55
-11.341039007378	-0.425777581565928	55
-11.3168835037255	-0.445228696299873	55
-11.2927192957697	-0.46470889635326	55
-11.2685463835106	-0.484218181726089	55
-11.2443647669481	-0.503756552418358	55
-11.2201744460822	-0.523324008430069	55
-11.1959754209131	-0.542920549761221	55
-11.1717676914406	-0.562546176411818	55
-11.1475512576647	-0.582200888381855	55
-11.1233261195856	-0.601884685671332	55
-11.0990922772031	-0.621597568280252	55
-11.0748497305172	-0.641339536208614	55
-11.050598479528	-0.66111058945642	55
-11.0263385242355	-0.680910728023665	55
-11.0020698646397	-0.700739951910352	55
-10.9777925007405	-0.72059826111648	55
-10.953506432538	-0.740485655642053	55
-10.9292116600321	-0.760402135487064	55
-10.9049081832229	-0.780347700651518	55
-10.8805960021104	-0.800322351135414	55
-10.8562751166945	-0.820326086938751	55
-10.8319455269753	-0.840358908061533	55
-10.8076072329528	-0.860420814503754	55
-10.7832602346269	-0.880511806265416	55
-10.7589045319977	-0.90063188334652	55
-10.7345401250652	-0.920781045747066	55
-10.7101670138293	-0.940959293467056	55
-10.6857851982901	-0.961166626506486	55
-10.6613946784475	-0.981403044865358	55
-10.6369954543016	-1.00166854854367	55
-10.6125875258524	-1.02196313754143	55
-10.5881708930999	-1.04228681185862	55
-10.563745556044	-1.06263957149526	55
-10.5393115146847	-1.08302141645134	55
-10.5148687690222	-1.10343234672686	55
-10.4904173190563	-1.12387236232183	55
-10.465957164787	-1.14434146323624	55
-10.4414883062145	-1.16483964947008	55
-10.4170107433386	-1.18536692102337	55
-10.3925244761593	-1.2059232778961	55
-10.3680295046767	-1.22650872008828	55
-10.3435258288908	-1.24712324759989	55
-10.3190134488016	-1.26776686043095	55
-10.294492364409	-1.28843955858145	55
-10.2699625757131	-1.30914134205138	55
-10.2454240827138	-1.32987221084077	55
-10.2208768854112	-1.35063216494959	55
-10.1963209838053	-1.37142120437786	55
-10.171756377896	-1.39223932912556	55
-10.1471830676834	-1.41308653919271	55
-10.1226010531675	-1.4339628345793	55
-10.0980103343482	-1.45486821528533	55
-10.0734109112256	-1.47580268131081	55
-10.0488027837997	-1.49676623265572	55
-10.0241859520704	-1.51775886932008	55
-9.99956041603778	-1.53878059130388	55
-9.97492617570183	-1.55983139860712	55
-9.95028323106254	-1.5809112912298	55
-9.92563158211992	-1.60202026917193	55
-9.90097122887396	-1.62315833243349	55
-9.87630217132467	-1.6443254810145	55
-9.85162440947204	-1.66552171491495	55
-9.82693794331608	-1.68674703413484	55
-9.80224277285678	-1.70800143867418	55
-9.77753889809414	-1.72928492853295	55
-9.75282631902817	-1.75059750371117	55
-9.72810503565886	-1.77193916420883	55
-9.70337504798622	-1.79330991002593	55
-9.67863635601024	-1.81470974116247	55
-9.65388895973092	-1.83613865761845	55
-9.62913285914827	-1.85759665939388	55
-9.60436805426229	-1.87908374648874	55
-9.57959454507296	-1.90059991890305	55
-9.55481233158031	-1.9221451766368	55
-9.53002141378431	-1.94371951968999	55
-9.50522179168498	-1.96532294806263	55
-9.48041346528232	-1.98695546175471	55
-9.45559643457632	-2.00861706076622	55
-9.43077069956698	-2.03030774509718	55
-9.40593626025431	-2.05202751474758	55
-9.3810931166383	-2.07377636971743	55
-9.35624126871896	-2.09555431000671	55
-9.33138071649628	-2.11736133561544	55
-9.30651145997027	-2.13919744654361	55
-9.28163349914092	-2.16106264279122	55
-9.25674683400822	-2.18295692435827	55
-9.23185146457221	-2.20488029124476	55
-9.20694739083284	-2.2268327434507	55
-9.18203461279015	-2.24881428097607	55
-9.15711313044412	-2.27082490382089	55
-9.13218294379476	-2.29286461198515	55
-9.10724405284206	-2.31493340546886	55
-9.08229645758602	-2.337031284272	55
-9.05734015802665	-2.35915824839458	55
-9.03237515416394	-2.38131429783661	55
-9.00740144599789	-2.40349943259808	55
-8.98241903352852	-2.42571365267899	55
-8.9574279167558	-2.44795695807935	55
-8.93242809567975	-2.47022934879914	55
-8.90741957030037	-2.49253082483837	55
-8.88240234061764	-2.51486138619705	55
-8.85737640663158	-2.53722103287517	55
-8.83234176834219	-2.55960976487273	55
-8.80729842574946	-2.58202758218974	55
-8.78224637885339	-2.60447448482618	55
-8.75718562765399	-2.62695047278207	55
-8.73211617215125	-2.6494555460574	55
-8.70703801234518	-2.67198970465217	55
-8.68195114823577	-2.69455294856638	55
-8.65685557982303	-2.71714527780003	55
-8.63175130710695	-2.73976669235313	55
-8.60663833008753	-2.76241719222567	55
-8.58151664876478	-2.78509677741765	55
-8.55638626313869	-2.80780544792907	55
-8.53124717320927	-2.83054320375993	55
-8.50609937897651	-2.85331004491023	55
-8.48094288044042	-2.87610597137998	55
-8.45577767760099	-2.89893098316917	55
-8.43060377045823	-2.9217850802778	55
-8.40542115901212	-2.94466826270587	55
-8.38022984326268	-2.96758053045338	55
-8.35502982320991	-2.99052188352034	55
-8.3298210988538	-3.01349232190673	55
-8.30460367019436	-3.03649184561257	55
-8.27937753723158	-3.05952045463785	55
-8.25414269996546	-3.08257814898257	55
-8.22889915839601	-3.10566492864674	55
-8.20364691252322	-3.12878079363034	55
-8.1783859623471	-3.15192574393339	55
-8.15311630786764	-3.17509977955588	55
-8.12783794908485	-3.19830290049781	55
-8.10255088599871	-3.22153510675918	55
-8.07725511860925	-3.24479639833999	55
-8.05195064691645	-3.26808677524025	55
-8.02663747092031	-3.29140623745995	55
-8.00131559062084	-3.31475478499909	55
-7.97598500601803	-3.33813241785767	55
-7.95064571711188	-3.36153913603569	55
-7.9252977239024	-3.38497493953315	55
-7.89994102638958	-3.40843982835006	55
-7.87457562457343	-3.43193380248641	55
-7.84920151845395	-3.4554568619422	55
-7.82381870803112	-3.47900900671743	55
-7.79842719330496	-3.5025902368121	55
-7.77302697427547	-3.52620055222622	55
-7.74761805094263	-3.54983995295978	55
-7.72220042330647	-3.57350843901278	55
-7.69677409136697	-3.59720601038522	55
-7.67133905512414	-3.6209326670771	55
-7.64589531457796	-3.64468840908842	55
-7.62044286972845	-3.66847323641919	55
-7.5949817205756	-3.6922871490694	55
-7.56951186711942	-3.71613014703904	55
-7.54403330935991	-3.74000223032813	55
-7.51854604729705	-3.76390339893667	55
-7.49305008093087	-3.78783365286464	55
-7.46754541026134	-3.81179299211206	55
-7.44203203528848	-3.83578141667892	55
-7.41650995601229	-3.85979892656521	55
-7.39097917243276	-3.88384552177096	55
-7.36543968454989	-3.90792120229614	55
-7.33989149236369	-3.93202596814077	55
-7.31433459587415	-3.95615981930483	55
-7.28876899508128	-3.98032275578834	55
-7.26319468998506	-4.00451477759129	55
-7.23761168058552	-4.02873588471368	55
-7.21201996688264	-4.05298607715552	55
-7.18641954887642	-4.07726535491679	55
-7.16081042656687	-4.10157371799751	55
-7.13519259995398	-4.12591116639767	55
-7.10956606903775	-4.15027770011727	55
-7.0839308338182	-4.17467331915631	55
-7.0582868942953	-4.19909802351479	55
-7.03263425046907	-4.22355181319272	55
-7.0069729023395	-4.24803468819009	55
-6.9813028499066	-4.2725466485069	55
-6.95562409317036	-4.29708769414315	55
-6.92993663213079	-4.32165782509884	55
-6.90424046678788	-4.34625704137398	55
-6.87853559714163	-4.37088534296855	55
-6.85282202319205	-4.39554272988257	55
-6.82709974493913	-4.42022920211603	55
-6.80136876238288	-4.44494475966893	55
-6.77562907552329	-4.46968940254128	55
-6.74988068436037	-4.49446313073306	55
-6.72412358889411	-4.51926594424429	55
-6.69835778912451	-4.54409784307496	55
-6.67258328505158	-4.56895882722507	55
-6.64680007667531	-4.59384889669462	55
-6.62100816399571	-4.61876805148361	55
-6.59520754701277	-4.64371629159205	55
-6.56939822572649	-4.66869361701993	55
-6.54358020013689	-4.69370002776725	55
-6.51775347024394	-4.71873552383401	55
-6.49191803604766	-4.74380010522021	55
-6.46607389754804	-4.76889377192586	55
-6.44022105474509	-4.79401652395094	55
-6.4143595076388	-4.81916836129547	55
-6.38848925622918	-4.84434928395944	55
-6.36261030051622	-4.86955929194285	55
-6.33672264049992	-4.8947983852457	55
-6.31082627618029	-4.920066563868	55
-6.28492120755732	-4.94536382780973	55
-6.25900743463102	-4.97069017707092	55
-6.23308495740138	-4.99604561165154	55
-6.2071537758684	-5.0214301315516	55
-6.18121389003209	-5.0468437367711	55
-6.15526529989245	-5.07228642731004	55
-6.12930800544946	-5.09775820316843	55
-6.10334200670314	-5.12325906434626	55
-6.07736730365349	-5.14878901084353	55
-6.0513838963005	-5.17434804266024	55
-6.02539178464418	-5.1999361597964	55
-5.99939096868452	-5.225553362252	55
-5.97338144842152	-5.25119965002703	55
-5.94736322385519	-5.27687502312151	55
-5.92133629498552	-5.30257948153543	55
-5.89530066181252	-5.3283130252688	55
-5.86925632433617	-5.3540756543216	55
-5.8432032825565	-5.37986736869385	55
-5.81714153647349	-5.40568816838554	55
-5.79107108608715	-5.43153805339667	55
-5.76499193139746	-5.45741702372724	55
-5.73890407240444	-5.48332507937725	55
-5.71280750910809	-5.50926222034671	55
-5.6867022415084	-5.5352284466356	55
-5.66058826960538	-5.56122375824394	55
-5.63446559339902	-5.58724815517172	55
-5.60833421288932	-5.61330163741895	55
-5.58219412807629	-5.63938420498561	55
-5.55604533895992	-5.66549585787172	55
-5.54796917200232	-5.67341304254119	55
-5.5397452131786	-5.68117659759562	55
-5.53137638442216	-5.68878376468087	55
-5.52286565913802	-5.6962318410067	55
-5.51421606114634	-5.70351818030705	55
-5.50543066360809	-5.71064019378026	55
-5.4965125879332	-5.71759535100885	55
-5.48746500267149	-5.72438118085859	55
-5.47829112238692	-5.73099527235643	55
-5.46899420651547	-5.73743527554717	55
-5.45957755820708	-5.74369890232833	55
-5.45004452315207	-5.74978392726314	55
-5.44039848839238	-5.75568818837123	55
-5.43064288111824	-5.76140958789672	55
-5.42078116745046	-5.76694609305361	55
-5.41081685120896	-5.77229573674799	55
-5.40075347266784	-5.77745661827692	55
-5.39059460729758	-5.78242690400376	55
-5.38034386449468	-5.78720482800967	55
-5.37000488629924	-5.791788692721	55
-5.35958134610099	-5.79617686951244	55
-5.34907694733412	-5.80036779928567	55
-5.3384954221615	-5.8043599930233	55
-5.32784053014865	-5.80815203231791	55
-5.31711605692794	-5.81174256987598	55
-5.30632581285366	-5.81513032999663	55
-5.29547363164815	-5.81831410902481	55
-5.28456336903972	-5.82129277577899	55
-5.27359890139271	-5.82406527195306	55
-5.26258412433028	-5.82663061249233	55
-5.25152295135026	-5.82898788594351	55
-5.24041931243475	-5.83113625477859	55
-5.22927715265379	-5.83307495569234	55
-5.21810043076368	-5.83480329987356	55
-5.2068931178005	-5.83632067324978	55
-5.19565919566918	-5.83762653670548	55
-5.18440265572876	-5.83872042627358	55
-5.17312749737428	-5.83960195330034	55
-5.16183772661581	-5.84027080458339	55
-5.15053735465516	-5.84072674248307	55
-5.13923039646066	-5.8409696050068	55
-5.12792086934073	-5.84099930586668	55
-5.11661279151651	-5.84081583451015	55
-5.10531018069418	-5.8404192561237	55
-5.09401705263757	-5.83980971160975	55
-5.0827374197413	-5.83898741753655	55
-5.07147528960522	-5.83795266606129	55
-5.06023466361055	-5.83670582482622	55
-5.04901953549818	-5.8352473368281	55
-5.03783388994973	-5.83357772026078	55
-5.02668170117179	-5.83169756833107	55
-5.01556693148394	-5.82960754904799	55
-5.00449352991093	-5.82730840498546	55
-4.9934654307796	-5.8248009530184	55
-4.98248655232107	-5.82208608403256	55
-4.97156079527857	-5.81916476260796	55
-4.96069204152156	-5.8160380266762	55
-4.94988415266649	-5.81270698715166	55
-4.93914096870482	-5.80917282753682	55
-4.92846630663864	-5.80543680350178	55
-4.91786395912456	-5.80150024243807	55
-4.90733769312618	-5.79736454298711	55
-4.89689124857567	-5.7930311745432	55
-4.88652833704504	-5.78850167673153	55
-4.87625264042742	-5.7837776588611	55
-4.86606780962888	-5.77886079935297	55
-4.85597746327132	-5.77375284514391	55
-4.84598518640674	-5.76845561106573	55
-4.83609452924354	-5.76297097920046	55
-4.8263090058851	-5.7573008982117	55
-4.8166320930813	-5.75144738265222	55
-4.80706722899316	-5.74541251224824	55
-4.79761781197135	-5.73919843116046	55
-4.78828719934875	-5.73280734722231	55
-4.77907870624759	-5.72624153115548	55
-4.76999560440162	-5.71950331576316	55
-4.76104112099369	-5.71259509510118	55
-4.7522184375091	-5.70551932362747	55
-4.74353068860529	-5.69827851532992	55
-4.73498096099808	-5.69087524283325	55
-4.72657229236496	-5.68331213648492	55
-4.71830767026589	-5.67559188342062	55
-4.71019003108172	-5.66771722660948	55
-4.70222225897101	-5.65969096387959	55
-4.69440718484524	-5.65151594692386	55
-4.68674758536306	-5.64319508028691	55
-4.67924618194367	-5.63473132033301	55
-4.6719056398	-5.6261276741958	55
-4.66472856699171	-5.61738719870976	55
-4.6577175134986	-5.60851299932422	55
-4.6508749703146	-5.59950822899997	55
-4.64420336856271	-5.59037608708902	55
-4.63770507863126	-5.58111981819792	55
-4.63138240933174	-5.57174271103492	55
-4.62523760707843	-5.56224809724155	55
-4.61927285509031	-5.55263935020888	55
-4.61349027261537	-5.54291988387898	55
-4.60789191417763	-5.53309315153196	55
-4.60247976884718	-5.52316264455902	55
-4.59725575953348	-5.51313189122201	55
-4.59222174230217	-5.50300445539983	55
-4.5873795057156	-5.4927839353222	55
-4.58273077019738	-5.48247396229124	55
-4.5782771874211	-5.47207819939127	55
-4.57402033972351	-5.46160034018736	55
-4.56996173954233	-5.45104410741298	55
-4.56610282887888	-5.44041325164738	55
-4.56244497878574	-5.42971154998299	55
-4.55898948887964	-5.41894280468345	55
-4.55573758687968	-5.40811084183269	55
-4.55269042817115	-5.39721950997554	55
-4.54984909539505	-5.38627267875034	55
-4.54721459806338	-5.37527423751411	55
-4.54478787220049	-5.36422809396064	55
-4.54256978001053	-5.35313817273214	55
-4.54056110957108	-5.34200841402482	55
-4.53876257455321	-5.33084277218894	55
-4.53717481396782	-5.3196452143239	55
-4.53579839193869	-5.30841971886868	55
-4.53463379750204	-5.29717027418836	55
-4.53368144443269	-5.28590087715707	55
-4.53294167109718	-5.27461553173791	55
-4.53241474033343	-5.26331824756039	55
-4.53210083935745	-5.25201303849577	55
-4.53200007969676	-5.240703921231	55
-4.53211249715078	-5.2293949138416	55
-4.53243805177813	-5.21809003436404	55
-4.5329766279108	-5.20679329936817	55
-4.53372803419524	-5.19550872253015	55
-4.5346920036604	-5.18424031320639	55
-4.5358681938125	-5.17299207500908	55
-4.53725618675679	-5.16176800438367	55
-4.53885548934598	-5.15057208918902	55
-4.54066553335548	-5.13940830728049	55
-4.54268567568527	-5.12828062509664	55
-4.5449151985884	-5.11719299624995	55
-4.547353309926	-5.10614936012216	55
-4.54999914344871	-5.0951536404646	55
-4.5528517591045	-5.08420974400411	55
-4.55591014337259	-5.073321559055	55
-4.55917320962362	-5.06249295413751	55
-4.56263979850569	-5.05172777660344	55
-4.56630867835627	-5.04102985126908	55
-4.57017854563983	-5.03040297905637	55
-4.57424802541094	-5.01985093564242	55
-4.57851567180282	-5.00937747011799	55
-4.58297996854103	-4.99898630365552	55
-4.5876393294822	-4.98868112818698	55
-4.59249209917756	-4.97846560509213	55
-4.59753655346115	-4.9683433638977	55
-4.60277090006239	-4.95831800098778	55
-4.60819327924284	-4.94839307832607	55
-4.61380176445702	-4.93857212219035	55
-4.61959436303682	-4.92885862191955	55
-4.62556901689956	-4.91925602867408	55
-4.63172360327916	-4.90976775420958	55
-4.63805593548039	-4.90039716966481	55
-4.64456376365577	-4.89114760436382	55
-4.65124477560494	-4.88202234463313	55
-4.65809659759616	-4.87302463263406	55
-4.66511679520971	-4.86415766521086	55
-4.6723028742028	-4.85542459275481	55
-4.67965228139579	-4.84682851808499	55
-4.68716240557929	-4.83837249534578	55
-4.69483057844194	-4.83005952892181	55
-4.70265407551843	-4.82189257237047	55
-4.70988843813183	-4.81459801429208	55
-4.71726026799804	-4.80723120862095	55
-4.7245802067637	-4.79991625920966	55
-4.73362172112274	-4.79088090992958	55
-4.74329363223412	-4.78121559765012	55
-4.75222914292114	-4.77228618740992	55
-4.76280035321372	-4.76172219949591	55
-4.77084560480802	-4.7536824483252	55
-4.77975267188809	-4.74478147469992	55
-4.78957682554636	-4.73496404649085	55
-4.8003738483278	-4.7241744206482	55
-4.81219988280016	-4.71235649454036	55
-4.82511128012399	-4.69945395729262	55
-4.83916444862304	-4.68541044112598	55
-4.84663680302906	-4.67794322270087	55
-4.85441570235437	-4.67016967269583	55
-4.86250814628298	-4.66208279652719	55
-4.87092110967853	-4.65367562443076	55
-4.87966153785203	-4.64494121619119	55
-4.88873634182981	-4.6358726658713	55
-4.8981523936212	-4.62646310654139	55
-4.90791652148644	-4.61670571500863	55
-4.91803550520447	-4.60659371654635	55
-4.92851607134076	-4.5961203896234	55
-4.93936488851508	-4.58527907063347	55
-4.95058856266941	-4.57406315862443	55
-4.9621936323357	-4.56246612002768	55
-4.97418656390365	-4.55048149338748	55
-4.9865737468886	-4.53810289409027	55
-4.99936148919936	-4.52532401909401	55
-5.01255601240593	-4.51213865165755	55
-5.02616344700741	-4.49854066606992	55
-5.04018982769981	-4.48452403237969	55
-5.05464108864381	-4.47008282112431	55
-5.06952305873265	-4.45521120805941	55
-5.08484145685988	-4.43990347888821	55
-5.10060188718726	-4.42415403399076	55
-5.11680983441251	-4.40795739315337	55
-5.13347065903713	-4.39130820029787	55
-5.15058959263429	-4.37420122821099	55
-5.16817173311654	-4.35663138327368	55
-5.18622204000377	-4.33859371019046	55
-5.20474532969086	-4.32008339671874	55
-5.22374627071563	-4.30109577839815	55
-5.24322937902663	-4.28162634327991	55
-5.26319901325093	-4.26167073665612	55
-5.28365936996193	-4.24122476578914	55
-5.30461447894722	-4.22028440464089	55
-5.3260681984764	-4.19884579860222	55
-5.34802421056885	-4.17690526922221	55
-5.37048601626159	-4.15445931893753	55
-5.39345693087708	-4.13150463580178	55
-5.41694007929106	-4.10803809821479	55
-5.44093839120034	-4.08405677965201	55
-5.46545459639064	-4.05955795339381	55
-5.49049122000439	-4.03453909725481	55
-5.51605057780859	-4.00899789831324	55
-5.54213477146258	-3.98293225764027	55
-5.56874568378586	-3.95634029502934	55
-5.59588497402596	-3.9292203537255	55
-5.62355407312621	-3.90157100515472	55
-5.65175417899529	-3.87339105365159	55
-5.68048625221762	-3.84467954074616	55
-5.70975101499448	-3.81543574622159	55
-5.7395489534	-3.78565918585827	55
-5.76988032011903	-3.75534960869616	55
-5.80074513718748	-3.72450699429481	55
-5.83214319873256	-3.69313154999341	55
-5.86407407371295	-3.66122370817086	55
-5.89653710865913	-3.62878412350582	55
-5.92953143041358	-3.59581367023673	55
-5.96305594887096	-3.56231343942192	55
-5.99710935971849	-3.52828473619963	55
-6.03169014717606	-3.49372907704805	55
-6.06679658673653	-3.45864818704542	55
-6.10242674790594	-3.42304399713004	55
-6.13857849694384	-3.38691864136031	55
-6.17524949960339	-3.35027445417486	55
-6.21243722387171	-3.3131139676525	55
-6.25013894271007	-3.27543990877238	55
-6.28835173679415	-3.23725519667396	55
-6.32707249725428	-3.19856293991709	55
-6.36629792841566	-3.15936643374208	55
-6.40602455053865	-3.11966915732972	55
-6.44624870255892	-3.07947477106139	55
-6.48696654482779	-3.03878711377904	55
-6.52817406185245	-2.99761020004528	55
-6.5698670650361	-2.95594821740346	55
-6.61204119541837	-2.91380552363766	55
-6.65469192641536	-2.87118664403282	55
-6.69781456656006	-2.82809626863471	55
-6.74140426224246	-2.78453924951004	55
-6.78545600044986	-2.74052059800652	55
-6.82996461150712	-2.69604548201284	55
-6.87492477181682	-2.65111922321885	55
-6.92033100659959	-2.60574729437547	55
-6.96617769263431	-2.55993531655483	55
-7.01245906099834	-2.51368905641032	55
-7.05916919980779	-2.46701442343661	55
-7.10630205695774	-2.41991746722974	55
-7.15385144286249	-2.37240437474712	55
-7.2018110331958	-2.32448146756766	55
-7.25017437163112	-2.27615519915173	55
-7.29893487258184	-2.22743215210131	55
-7.34808582394154	-2.17831903541995	55
-7.3976203898242	-2.12882268177294	55
-7.44753161330449	-2.07895004474722	55
-7.49781241915794	-2.02870819611153	55
-7.54845561660127	-1.97810432307645	55
-7.59945390203256	-1.92714572555444	55
-7.65079986177149	-1.87583981341988	55
-7.70248597479962	-1.82419410376917	55
-7.75450461550063	-1.7722162181807	55
-7.80684805640055	-1.71991387997502	55
-7.85950847090798	-1.66729491147474	55
-7.91247793605431	-1.61436723126479	55
-7.96574843523407	-1.56113885145226	55
-8.01931186094502	-1.50761787492658	55
-8.07316001752855	-1.45381249261953	55
-8.12728462390978	-1.39973098076531	55
-8.18167731633786	-1.3453816981606	55
-8.23632965112624	-1.2907730834246	55
-8.29123310739287	-1.23591365225906	55
-8.34637908980044	-1.18081199470836	55
-8.40175893129665	-1.12547677241958	55
-8.45736389585441	-1.06991671590252	55
-8.5131851812121	-1.01414062178979	55
-8.56921392161385	-0.958157350096793	55
-8.62544119054972	-0.901975821481865	55
-8.68185800349596	-0.845605014506259	55
-8.73845532065526	-0.789053962894261	55
-8.79522404969699	-0.732331752793179	55
-8.85215504849744	-0.67544752003344	55
-8.90923912788005	-0.618410447388623	55
-8.96646705435565	-0.561229761835528	55
-9.02382955286275	-0.503914731814191	55
-9.08131730950767	-0.44647466448803	55
-9.1389209743049	-0.388918903003774	55
-9.19663116391727	-0.331256823751597	55
-9.25443846439624	-0.273497833625151	55
-9.31233343392208	-0.21565136728161	55
-9.37030660554415	-0.157726884401754	55
-9.42834848992113	-0.0997338669499817	55
-9.48644957806129	-0.0416818164343864	55
-9.54460034406267	0.0164197488331927	55
-9.60279124785336	0.0745612964771327	55
-9.66101273793176	0.132733282797941	55
-9.71925525410677	0.190926155512217	55
-9.77750923023805	0.249130356492631	55
-9.8357650969763	0.307336324507801	55
-9.89401328450287	0.365534497961135	55
-9.95224422526746	0.423715317625378	55
-10.0104483567246	0.481869229374872	55
-10.0686161240703	0.539986686917556	55
-10.1267379829779	0.598058154527008	55
-10.1848044023353	0.656074109774488	55
-10.2428058669807	0.714025046260948	55
-10.3007328804394	0.771901476349121	55
-10.3585759676601	0.829693933895486	55
-10.4163256777515	0.887392976982368	55
-10.4739725867184	0.944989190649948	55
-10.5315073001984	1.00247318962828	55
-10.5889204561983	1.05983562106935	55
-10.6462027278304	1.11706716727913	55
-10.703344826049	1.17415854844956	55
-10.760337502387	1.23110052539063	55
-10.8171715516919	1.28788390226242	55
-10.8738378148628	1.34449952930707	55
-10.9303271815864	1.40093830558089	55
-10.9866305930733	1.45719118168637	55
-11.0427390447951	1.51324916250421	55
-11.0986435892202	1.56910330992536	55
-11.1543353385504	1.62474474558306	55
-11.2098054674575	1.68016465358486	55
-11.2650452158196	1.73535428324467	55
-11.3200458914574	1.79030495181481	55
-11.3747988728709	1.84500804721802	55
-11.4292956119755	1.89945503077949	55
-11.4835276368389	1.95363743995893	55
-11.5374865544171	2.00754689108256	55
-11.5911640532909	2.06117508207522	55
-11.6445519064024	2.11451379519233	55
-11.6976419737917	2.16755489975193	55
-11.7504262053328	2.22029035486678	55
-11.8028966434704	2.27271221217634	55
-11.8550454259561	2.32481261857883	55
-11.9068647885852	2.37658381896325	55
-11.9583470679327	2.42801815894141	55
-12.00948470409	2.47910808758	55
-12.060270243401	2.52984616013262	55
-12.1106963411992	2.58022504077175	55
-12.1607557645433	2.63023750532088	55
-12.2104413949543	2.6798764439865	55
-12.2597462311515	2.7291348640901	55
-12.3086633917891	2.77800589280031	55
-12.3571861181928	2.82648277986481	55
-12.4053077770957	2.87455890034247	55
-12.4530218633755	2.92222775733531	55
-12.5003220027901	2.96948298472057	55
-12.5472019547148	3.01631834988278	55
-12.593655614878	3.06272775644571	55
-12.6396770180983	3.1087052470045	55
-12.6852603410204	3.15424500585762	55
-12.730399904852	3.19934136173894	55
-12.7750901780997	3.24398879054979	55
-12.8193257793058	3.28818191809094	55
-12.8631014797848	3.33191552279468	55
-12.9064122063596	3.37518453845685	55
-12.9492530440978	3.41798405696882	55
-12.9916192390485	3.46030933104963	55
-13.0335062009785	3.50215577697795	55
-13.074909506109	3.54351897732411	55
-13.1158248998515	3.58439468368219	55
-13.1562482995446	3.624778819402	55
-13.1961757971905	3.66466748232116	55
-13.2356036621914	3.70405694749713	55
-13.2745283440855	3.74294366993919	55
-13.3129464752841	3.78132428734058	55
-13.3508548738073	3.81919562281041	55
-13.3882505460213	3.85655468760581	55
-13.425130689374	3.89339868386389	55
-13.461492695132	3.92972500733382	55
-13.4973341511165	3.96553125010883	55
-13.5326528444403	4.00081520335829	55
-13.5674467642439	4.03557486005969	55
-13.6017141044321	4.06980841773074	55
-13.6354532664101	4.10351428116134	55
-13.6686628618203	4.13669106514565	55
-13.7013417152785	4.16933759721415	55
-13.7334888671106	4.20145292036564	55
-13.7651035760886	4.23303629579927	55
-13.7961853221675	4.26408720564662	55
-13.8267338092212	4.29460535570366	55
-13.8567489677796	4.32459067816288	55
-13.8862309577643	4.35404333434526	55
-13.9151801712257	4.38296371743231	55
-13.943597235079	4.41135245519816	55
-13.9714830137311	4.43921041263217	55
-13.998838609703	4.46653869255936	55
-14.0256653602002	4.49333863221456	55
-14.0519648324188	4.51961179855392	55
-14.0777388188193	4.54535998353368	55
-14.1029893324	4.57058519938883	55
-14.1277186019705	4.5952896739119	55
-14.1519290674248	4.61947584573161	55
-14.1756233750153	4.64314635959164	55
-14.1988043726259	4.66630406162933	55
-14.2214751050459	4.6889519946544	55
-14.2436388092427	4.71109339342767	55
-14.2652989096362	4.73273167993982	55
-14.2864590133715	4.75387045869004	55
-14.3071229055929	4.77451351196479	55
-14.3272945447171	4.79466479511654	55
-14.3469780577066	4.81432843184245	55
-14.3661777353435	4.83350870946312	55
-14.3848980275026	4.8522100742013	55
-14.4031435384253	4.87043712646058	55
-14.4209190219924	4.88819461610418	55
-14.4382293769985	4.90548743773361	55
-14.4550796424244	4.92232062596743	55
-14.4714749927117	4.93869935071993	55
-14.4874207330353	4.95462891247989	55
-14.5029222945773	4.97011473758926	55
-14.5179852298006	4.98516237352193	55
-14.5326152077222	4.99977748416242	55
-14.5468180091865	5.0139658450846	55
-14.5605995221392	5.02773333883042	55
-14.5739657369003	5.04108595018861	55
-14.5869227414379	5.05402976147344	55
-14.5994767166417	5.06657094780341	55
-14.611633931596	5.07871577237996	55
-14.6234007388538	5.09047058176625	55
-14.6347835697098	5.1018418011658	55
-14.6457889294743	5.11283592970126	55
-14.6564233927461	5.12345953569314	55
-14.6666935986865	5.13371925193849	55
-14.6766062462925	5.14362177098964	55
-14.6861680896703	5.15317384043295	55
-14.6953859333089	5.16238225816746	55
-14.7042666273535	5.1712538676837	55
-14.7128170628786	5.17979555334233	55
-14.7210441671623	5.1880142356529	55
-14.7289548989591	5.19591686655259	55
-14.7365562437733	5.20351042468487	55
-14.7438552091331	5.21080191067829	55
-14.7575741133602	5.22450675036021	55
-14.7701679327272	5.23708765091894	55
-14.7816930381995	5.24860092727392	55
-14.7922056993725	5.25910279286254	55
-14.801761933222	5.26864920855913	55
-14.8104173528557	5.27729573159409	55
-14.8182270162642	5.28509736447289	55
-14.828474382265	5.29533418860494	55
-14.83712054606	5.303971453654	55
-14.8443396765759	5.31118315138682	55
-14.85203381311	5.31886936356668	55
-14.8601874793042	5.32701462994706	55
-14.867440315793	5.33425999383797	55
-14.8746195635939	5.34143184482118	55
-14.8818167953974	5.34862139363097	55
-14.8896232191241	5.35641479840878	55
-14.8975182476902	5.36428589728844	55
-14.9055426189755	5.37227196560631	55
-14.912706048563	5.37938831056912	55
-14.9209619835482	5.38757447287497	55
-14.9304134935997	5.3969256279005	55
-14.9411661895069	5.40753780600086	55
-14.9491106685231	5.41536072993264	55
-14.9577136771384	5.42381541644197	55
-14.9670078772514	5.43293022981891	55
-14.9770261681942	5.44273333035251	55
-14.9878016338302	5.45325259975372	55
-14.9993674896505	5.46451556657824	55
-15.0117570298709	5.47654933164938	55
-15.0250035745284	5.48938049348094	55
-15.0391404165787	5.5030350737001	55
-15.0465530827505	5.51017910136813	55
-15.0542007689925	5.5175384424703	55
-15.0620876057491	5.5251161542505	55
-15.0702177118526	5.53291524391403	55
-15.0785951928703	5.54093866629699	55
-15.0872241394508	5.54918932153582	55
-15.0961086256714	5.55767005273669	55
-15.1052527073845	5.56638364364503	55
-15.1146604205643	5.57533281631495	55
-15.1243357796538	5.58452022877875	55
-15.1342827759116	5.59394847271633	55
-15.1445053757584	5.60362007112468	55
-15.1550075191239	5.61353747598737	55
-15.165793117794	5.62370306594398	55
-15.1768660537568	5.63411914395957	55
-15.1882301775499	5.64478793499416	55
-15.1998893066071	5.65571158367218	55
-15.211847223605	5.66689215195195	55
-15.2241076748103	5.67833161679511	55
-15.2366743684256	5.69003186783614	55
-15.2495509729372	5.70199470505179	55
-15.2627411154613	5.71422183643053	55
-15.2762483800908	5.72671487564206	55
-15.2900763062424	5.73947533970672	55
-15.3042283870031	5.75250464666501	55
-15.318708067477	5.76580411324701	55
-15.333518743132	5.77937495254188	55
-15.3486637581469	5.79321827166731	55
-15.364146403758	5.80733506943894	55
-15.3799699166057	5.82172623403993	55
-15.3961374770815	5.83639254069032	55
-15.4126522076746	5.85133464931655	55
-15.429517171319	5.86655310222091	55
-15.4467353697398	5.88204832175101	55
-15.4643097418005	5.89782060796924	55
-15.4822431618493	5.91387013632224	55
-15.5005384380662	5.93019695531035	55
-15.5191983108095	5.94680098415709	55
-15.5382254509631	5.96368201047862	55
-15.5576224582826	5.98083968795322	55
-15.5773918597424	5.99827353399072	55
-15.5975361078826	6.01598292740199	55
-15.6180575791556	6.03396710606841	55
-15.638958572273	6.0522251646113	55
-15.6602413065522	6.07075605206144	55
-15.6819079202633	6.08955856952847	55
-15.7039604689759	6.10863136787043	55
-15.7264009239057	6.12797294536314	55
-15.7492311702617	6.14758164536974	55
-15.7724530055922	6.1674556540101	55
-15.7960681381327	6.18759299783033	55
-15.8200781851514	6.2079915414722	55
-15.8444846712971	6.22864898534264	55
-15.8692890269452	6.2495628632832	55
-15.8944925865449	6.27073054023947	55
-15.9200965869659	6.29214920993062	55
-15.9461021658449	6.31381589251882	55
-15.9725103599335	6.33572743228012	55
-15.9993221035906	6.3578804956309	55
-16.0265382283282	6.38027157172077	55
-16.0541594634226	6.40289697562754	55
-16.0821864366793	6.42575285192509	55
-16.1106196751978	6.44883517825292	55
-16.1394596061372	6.47213976888566	55
-16.1687065574814	6.4956622783026	55
-16.1983607588039	6.51939820475723	55
-16.2284223420337	6.54334289384679	55
-16.2588913422199	6.56749154208174	55
-16.2897676982973	6.59183920045535	55
-16.3210512538516	6.61638077801321	55
-16.3527417578844	6.64111104542274	55
-16.3848388655787	6.66602463854275	55
-16.4173421390637	6.69111606199296	55
-16.4502510481807	6.71637969272351	55
-16.4835649712477	6.74180978358452	55
-16.5172831958249	6.7674004668956	55
-16.5514049194799	6.7931457580154	55
-16.5859292505529	6.81903955891111	55
-16.620855208922	6.84507566172801	55
-16.6561817267683	6.87124775235901	55
-16.6919076493411	6.89754941401416	55
-16.7280317357234	6.92397413079016	55
-16.7645526595969	6.95051529123997	55
-16.801469010007	6.97716619194223	55
-16.8387792921286	7.0039200410709	55
-16.8764819280308	7.0307699619647	55
-16.9145752574425	7.05770899669668	55
-16.9530575385173	7.08473010964375	55
-16.991926948599	7.11182619105622	55
-17.0311815849866	7.1389900606273	55
-17.0708194656997	7.16621447106266	55
-17.1108385302436	7.19349211164993	55
-17.1512366403747	7.22081561182826	55
-17.1920115808655	7.24817754475782	55
-17.2331610602698	7.27557043088938	55
-17.2746827116883	7.30298674153376	55
-17.3165740935334	7.33041890243144	55
-17.3588326902948	7.35785929732204	55
-17.4014559133042	7.38530027151388	55
-17.4444411015012	7.41273413545349	55
-17.487785522198	7.44015316829514	55
-17.5314863718447	7.46754962147038	55
-17.5755407767948	7.49491572225756	55
-17.6199457940701	7.52224367735138	55
-17.6646984121263	7.54952567643239	55
-17.7097955516178	7.57675389573656	55
-17.755234066163	7.60392050162476	55
-17.8010107431101	7.63101765415231	55
-17.8471223043013	7.65803751063856	55
-17.893565406839	7.68497222923634	55
-17.9403366438505	7.71181397250152	55
-17.9874325452533	7.73855491096257	55
-18.0348495785205	7.76518722669005	55
-18.0825841494456	7.79170311686616	55
-18.1306326029084	7.81809479735427	55
-18.1789912236395	7.84435450626844	55
-18.2276562369861	7.87047450754295	55
-18.2766238096768	7.89644709450186	55
-18.3258900505873	7.92226459342848	55
-18.375451011505	7.94791936713497	55
-18.4253026878947	7.9734038185318	55
-18.4754410196638	7.99871039419735	55
-18.5258618919273	8.02383158794739	55
-18.5765611357731	8.04875994440462	55
-18.6275345290274	8.07348806256821	55
-18.6787777970195	8.09800859938333	55
-18.7302866133477	8.12231427331067	55
-18.7820566006439	8.14639786789598	55
-18.834083331339	8.17025223533958	55
-18.8863623284284	8.19387030006593	55
-18.9388890662369	8.21724506229313	55
-18.9916589711838	8.24036960160242	55
-19.0446674225488	8.2632370805078	55
-19.0979097532365	8.28584074802546	55
-19.1513812505419	8.30817394324337	55
-19.2050771569158	8.33023009889083	55
-19.2589926707296	8.3520027449079	55
-19.313122947041	8.37348551201504	55
-19.367463098359	8.39467213528257	55
-19.4220081954089	8.41555645770026	55
-19.476753267898	8.43613243374679	55
-19.5316933052804	8.45639413295933	55
-19.5868232575226	8.47633574350304	55
-19.6421380358683	8.49595157574065	55
-19.697632513604	8.51523606580192	55
-19.753301526824	8.53418377915321	55
-19.8091398751958	8.55278941416702	55
-19.8651423227251	8.57104780569149	55
-19.9213035985212	8.58895392861997	55
-19.9776183975621	8.60650290146048	55
-20.03408138146	8.62368998990531	55
-20.0906871792261	8.64051061040054	55
-20.1474303880362	8.65696033371554	55
-20.2043055739956	8.6730348885125	55
-20.2613072729047	8.688730164916	55
-20.3184299910238	8.70404221808249	55
-20.3756682058388	8.71896727176986	55
-20.433016366826	8.73350172190696	55
-20.4904688962174	8.74764214016312	55
-20.5480201897662	8.76138527751765	55
-20.6056646175118	8.77472806782947	55
-20.663396524545	8.78766763140651	55
-20.7212102317734	8.80020127857535	55
-20.7791000366863	8.81232651325069	55
-20.8370602141205	8.82404103650487	55
-20.8950850170247	8.83534275013746	55
-20.9531686772257	8.84622976024474	55
-21.0113054061926	8.85670038078924	55
-21.069489395803	8.86675313716928	55
-21.1277148191074	8.87638676978806	55
-21.1859758311161	8.88560023734743	55
-21.2442665697835	8.89439271753361	55
-21.3025811572426	8.90276360442657	55
-21.3609137010852	8.91071250530325	55
-21.4192582956427	8.91823923743535	55
-21.4776090232667	8.92534382488716	55
-21.5359599556102	8.93202649531342	55
-21.5943051549079	8.9382876767571	55
-21.6526386752571	8.94412799444725	55
-21.7109545638985	8.94954826759684	55
-21.769246862497	8.95454950620056	55
-21.8275096084224	8.95913290783265	55
-21.8857368360301	8.96329985444476	55
-21.943922577942	8.96705190916373	55
-22.0020608663272	8.97039081308944	55
-22.0601457341826	8.97331848209264	55
-22.1181712166139	8.97583700361276	55
-22.1761313521162	8.97794863345576	55
-22.234020183855	8.97965579259194	55
-22.2918317609465	8.98096106395376	55
-22.3495601397388	8.98186718923368	55
-22.4071993850924	8.98237706568198	55
-22.4647435716612	8.98249374290462	55
-22.522186785173	8.98222041966098	55
-22.5795231237104	8.98156044066178	55
-22.6367466989914	8.98051729336687	55
-22.6938516376506	8.97909460478304	55
-22.7508320825192	8.97729613826186	55
-22.8076821939067	8.97512579029752	55
-22.8643961508807	8.97258758732463	55
-22.9209681525484	8.96968568251608	55
-22.9773924193371	8.96642435258083	55
-23.0336631942748	8.96280799456176	55
-23.0897747442711	8.9588411226335	55
-23.145721361398	8.95452836490022	55
-23.2014973641708	8.94987446019352	55
-23.2570970988282	8.94488425487018	55
-23.3125149406141	8.93956269961006	55
-23.3677452950574	8.93391484621387	55
-23.4227825992533	8.92794584440103	55
-23.4776213231438	8.92166093860748	55
-23.5322559707987	8.91506546478352	55
-23.5866810816963	8.90816484719161	55
-23.6408912320038	8.90096459520425	55
-23.6948810358585	8.89347030010173	55
-23.7486451466485	8.88568763187003	55
-23.8021782582932	8.87762233599859	55
-23.8554751065244	8.86928023027818	55
-23.9085304701667	8.8606672015987	55
-23.9613391724185	8.85178920274701	55
-24.0138960821326	8.84265224920475	55
-24.0661961150974	8.83326241594621	55
-24.118234235317	8.82362583423609	55
-24.1700054562922	8.81374868842738	55
-24.2215048423017	8.80363721275916	55
-24.2727275096821	8.79329768815442	55
-24.3236686281093	8.78273643901791	55
-24.3743234218789	8.77195983003397	55
-24.4246871711872	8.76097426296431	55
-24.4747552134116	8.74978617344589	55
-24.5245229443918	8.73840202778872	55
-24.5739858197103	8.7268283197737	55
-24.623139355973	8.71507156745042	55
-24.6719791320905	8.70313830993501	55
-24.7205007905582	8.69103510420798	55
-24.7687000387375	8.67876852191199	55
-24.8165726501366	8.66634514614975	55
-24.8641144656909	8.65377156828179	55
-24.911321395044	8.64105438472431	55
-24.9581894178285	8.62820019374701	55
-25.0047145849464	8.61521559227089	55
-25.0508930198505	8.60210717266612	55
-25.0967209198246	8.58888151954983	55
-25.1421945572644	8.57554520658396	55
-25.1873102809585	8.56210479327305	55
-25.2320645173687	8.54856682176212	55
-25.2764537719112	8.53493781363445	55
-25.3204746302373	8.52122426670945	55
-25.3641237595137	8.50743265184041	55
-25.407397909704	8.49356940971244	55
-25.4502939148487	8.47964094764017	55
-25.4928086943465	8.46565363636572	55
-25.5349392542349	8.45161380685636	55
-25.576682688471	8.4375277471025	55
-25.6180361802119	8.42340169891538	55
-25.6589970030961	8.409241854725	55
-25.6995625225237	8.39505435437787	55
-25.7397301969374	8.3808452819349	55
-25.7794975791033	8.36662066246916	55
-25.8188623173916	8.35238645886378	55
-25.8578221570573	8.33814856860971	55
-25.8963749415209	8.32391282060361	55
-25.9345186136495	8.30968497194559	55
-25.9722512170372	8.29547070473713	55
-26.0095708972859	8.28127562287885	55
-26.0464759032863	8.26710524886836	55
-26.0829645884984	8.25296502059806	55
-26.1190354122325	8.238860288153	55
-26.1546869409296	8.22479631060869	55
-26.1899178494425	8.2107782528289	55
-26.2247269223164	8.19681118226357	55
-26.2591130550698	8.18290006574651	55
-26.293075255475	8.16904976629337	55
-26.3266126448392	8.15526503989932	55
-26.3597244592849	8.141550532337	55
-26.3924100510309	8.12791077595428	55
-26.424668889673	8.11435018647211	55
-26.4565005634646	8.10087305978232	55
-26.487904780598	8.08748356874547	55
-26.5188813704842	8.0741857599887	55
-26.5494302850348	8.06098355070349	55
-26.5795515999417	8.0478807254436	55
-26.6092455158755	8.0348809330506	55
-26.6385123586338	8.02198768519419	55
-26.6673525776536	8.00920435742938	55
-26.6957667441381	7.9965341908482	55
-26.7237555491773	7.98398029374042	55
-26.7513198018682	7.9715456432543	55
-26.7784604274357	7.9592330870574	55
-26.8051784653527	7.94704534499724	55
-26.8314750674613	7.93498501076213	55
-26.8573514960926	7.92305455354187	55
-26.882809122188	7.91125631968854	55
-26.907849423419	7.89959253437722	55
-26.9324739823082	7.88806530326674	55
-26.95668448435	7.87667661416049	55
-26.9804827161306	7.86542833866707	55
-27.003870563449	7.85432223386114	55
-27.0268500094372	7.84335994394412	55
-27.0494231326811	7.83254300190494	55
-27.0715921053409	7.82187283118081	55
-27.0933591912715	7.81135074731794	55
-27.1147267441431	7.80097795963236	55
-27.1356972055621	7.79075557287059	55
-27.156273103191	7.78068458887044	55
-27.1764570488695	7.77076590822175	55
-27.1962517367349	7.76100033192712	55
-27.2156599413423	7.75138856306271	55
-27.2346845157858	7.74193120843895	55
-27.2533283898184	7.73262878026129	55
-27.2715945679729	7.72348169779099	55
-27.2894861276825	7.71449028900582	55
-27.3070062174009	7.70565479226087	55
-27.3241580547235	7.69697535794923	55
-27.3409449245073	7.68845205016282	55
-27.3573701769921	7.68008484835306	55
-27.3734372259203	7.6718736489917	55
-27.389149546658	7.66381826723152	55
-27.4045106743155	7.65591843856709	55
-27.4195242018676	7.64817382049554	55
-27.4341937782742	7.64058399417727	55
-27.4485231066011	7.63314846609677	55
-27.4625159421402	7.62586666972329	55
-27.4761760905302	7.61873796717166	55
-27.4895074058773	7.61176165086302	55
-27.5025137888754	7.60493694518553	55
-27.515199184927	7.59826300815519	55
-27.5275675822635	7.59173893307654	55
-27.5396230100659	7.58536375020342	55
-27.5513695365851	7.57913642839977	55
-27.5628112672628	7.57305587680028	55
-27.5739523428517	7.56712094647126	55
-27.5847969375364	7.5613304320713	55
-27.5953492570536	7.55568307351207	55
-27.6056135368129	7.55017755761906	55
-27.6155940400171	7.54481251979231	55
-27.6252950557829	7.53958654566719	55
-27.6347208972617	7.53449817277513	55
-27.6438758997595	7.52954589220442	55
-27.652764418858	7.52472815026088	55
-27.6697595192849	7.51548985353101	55
-27.6857413772869	7.50677002049224	55
-27.7007453757318	7.49855477882052	55
-27.7148070414679	7.49082969910509	55
-27.7279619851817	7.48357984799256	55
-27.7402458412549	7.47678984133091	55
-27.7516942076223	7.47044389731353	55
-27.7623425856291	7.46452588962329	55
-27.7722263198879	7.45901940057657	55
-27.7813805381371	7.45390777426731	55
-27.7938201683962	7.44694382525364	55
-27.8048128580903	7.44077305539171	55
-27.8144725789967	7.43533786145604	55
-27.8254707248165	7.42913591532863	55
-27.8345519765535	7.4240050400158	55
-27.8435777155098	7.41889836728991	55
-27.852660324634	7.41375504299895	55
-27.8613674807764	7.40882324453581	55
