0.138701605688376	7.4969860877751	19
0.13309652655597	7.48864063949267	19
0.127596759213011	7.48022541648381	19
0.122203172136519	7.47174174760982	19
0.116916617036416	7.46319097254033	19
0.111737928721037	7.45457444154186	19
0.106667924965299	7.44589351526455	19
0.101707406381571	7.43714956452728	19
0.0968571562932387	7.42834397010123	19
0.0921179406110184	7.41947812249185	19
0.087490507712005	7.41055342171925	19
0.0829755883214959	7.40157127709713	19
0.0785738953976013	7.39253310701027	19
0.0742861240186603	7.38344033869048	19
0.0701129512734788	7.3742944079913	19
0.0660550361544104	7.3650967591612	19
0.0621130194532932	7.35584884461556	19
0.0582875236602614	7.34655212470729	19
0.0545791528654475	7.33720806749623	19
0.0509884926635887	7.32781814851734	19
0.0475161100615553	7.31838385054767	19
0.0441625533888131	7.30890666337224	19
0.0409283522108365	7.29938808354878	19
0.0378140172454836	7.28982961417136	19
0.0348200402823476	7.28023276463313	19
0.0319468941050987	7.27059905038786	19
0.0291950324168245	7.26092999271071	19
0.0265648897683864	7.25122711845798	19
0.0240568814897982	7.241491959826	19
0.0216714036246407	7.23172605410916	19
0.0194088328675222	7.22193094345718	19
0.0172695265045938	7.2121081746316	19
0.0152538223571298	7.20225929876147	19
0.0133620387281819	7.19238587109846	19
0.0115944743523153	7.18248945077127	19
0.00995140834843544	7.17257160053937	19
0.00843310017571108	7.16263388654631	19
0.00703978959260354	7.15267787807231	19
0.00577169661900578	7.14270514728652	19
0.00462902150149835	7.13271726899876	19
0.00361194468172887	7.12271582041078	19
0.00272062676791729	7.11270238086725	19
0.00195520850949471	7.10267853160636	19
0.0013158107748773	7.09264585551011	19
0.000802534532379329	7.08260593685435	19
0.000415460834269576	7.07256036105863	19
0.000154650803972145	7.06251071443581	19
2.01456264142807e-05	7.0524585839416	19
1.19665415226899e-05	7.04240555692394	19
0.000130114840869555	7.03235322087231	19
0.000374571867469031	7.02230316316713	19
0.000745299018722667	7.012256970829	19
0.00124223775251564	7.00221623026816	19
0.00186530959646114	6.99218252703392	19
0.00261441616029223	6.98215744556436	19
0.00348943915139865	6.97214256893604	19
0.00449024039350643	6.96213947861409	19
0.00561666184849752	6.95214975420242	19
0.00686852564136675	6.94217497319432	19
0.00824563408830892	6.93221671072335	19
0.00974776972793634	6.92227653931459	19
0.0113746953556181	6.91235602863634	19
0.0131261540609379	6.90245674525223	19
0.0150018692682623	6.89258025237386	19
0.0170015447804164	6.88272810961396	19
0.0191248648254556	6.87290187274008	19
0.0213714941065307	6.86310309342892	19
0.0237410778548344	6.85333331902133	19
0.0262332418856237	6.84359409227795	19
0.0288475926573081	6.83388695113558	19
0.0315837173335941	6.82421342846433	19
0.0344411838486772	6.81457505182557	19
0.0374195409754702	6.80497334323071	19
0.040518318396856	6.79540981890084	19
0.0437370267799582	6.78588598902731	19
0.0470751578534102	6.77640335753327	19
0.0505321844876189	6.76696342183615	19
0.0541075607780035	6.75756767261123	19
0.0578007221312007	6.74821759355624	19
0.0616110853542202	6.73891466115704	19
0.0655380487465383	6.72966034445451	19
0.0695809921951123	6.72045610481253	19
0.0737392772723044	6.71130339568724	19
0.0780122473366969	6.70220366239751	19
0.0823992276367822	6.69315834189672	19
0.0868995254175159	6.68416886254583	19
0.0915124300297089	6.67523664388784	19
0.0962372130422489	6.66636309642362	19
0.101073128357126	6.65754962138918	19
0.106019412327254	6.64879761053439	19
0.111075283877052	6.64010844590324	19
0.116239944625796	6.63148349961554	19
0.121512579013681	6.62292413365029	19
0.126892354430616	6.6144316996306	19
0.132378421347697	6.60600753861026	19
0.137969913451362	6.59765298086194	19
0.14366594778019	6.58936934566716	19
0.149465624864329	6.58115794110795	19
0.155368028867535	6.57302006386027	19
0.161372227731794	6.56495699898928	19
0.167477273324503	6.55697001974639	19
0.173682201588189	6.54906038736821	19
0.179986032692751	6.5412293508774	19
0.186387771190181	6.53347814688538	19
0.192886406171758	6.52580799939712	19
0.199480911427685	6.51822011961784	19
0.206170245609135	6.51071570576169	19
0.212953352392697	6.50329594286264	19
0.219829160647177	6.49596200258725	19
0.226796584602744	6.48871504304971	19
0.233854524022387	6.48155620862894	19
0.241001864375654	6.47448662978788	19
0.248237477014648	6.46750742289499	19
0.255560219352255	6.46061969004793	19
0.262968935042573	6.45382451889958	19
0.270462454163509	6.44712298248622	19
0.278039593401526	6.44051613905815	19
0.285699156238503	6.43400503191253	19
0.293439933140673	6.42759068922865	19
0.301260701749632	6.42127412390559	19
0.309160227075353	6.41505633340224	19
0.317137261691215	6.40893829957978	19
0.325190545930978	6.40292098854669	19
0.333318808087704	6.39700535050613	19
0.341520764614574	6.39119231960593	19
0.34979512032757	6.38548281379105	19
0.358140568610008	6.37987773465864	19
0.366555791618858	6.37437796731568	19
0.375039460492857	6.36898438023919	19
0.383590235562343	6.36369782513909	19
0.392206766560809	6.35851913682371	19
0.400887692838124	6.35344913306797	19
0.409631643575396	6.34848861448424	19
0.418437238001442	6.34363836439591	19
0.427303085610822	6.33889914871369	19
0.436227786383425	6.33427171581468	19
0.445209931005539	6.32975679642417	19
0.454248101092404	6.32535510350027	19
0.46334086941219	6.32106733212133	19
0.472486800111372	6.31689415937615	19
0.48168444894147	6.31283624425708	19
0.490932363487111	6.30889422755597	19
0.500229083395383	6.30506873176293	19
0.509573140606441	6.30136036096812	19
0.518963059585333	6.29776970076626	19
0.528397357555	6.29429731816423	19
0.537874544730427	6.29094376149149	19
0.547393124553896	6.28770956031351	19
0.556951593931309	6.28459522534816	19
0.566548443469547	6.28160124838502	19
0.576182157714817	6.27872810220777	19
0.585851215391963	6.2759762405195	19
0.59555408964469	6.27334609787106	19
0.605289248276674	6.27083808959247	19
0.615055153993514	6.26845261172731	19
0.624850264645488	6.26619004097019	19
0.634673033471074	6.26405073460726	19
0.644521909341205	6.2620350304598	19
0.654395337004211	6.26014324683085	19
0.664291757331407	6.25837568245499	19
0.6742096075633	6.25673261645111	19
0.684147321556367	6.25521430827838	19
0.694103330030367	6.25382099769527	19
0.704076060816149	6.25255290472168	19
0.714063939103914	6.25141022960417	19
0.724065387691896	6.2503931527844	19
0.734078827235424	6.24950183487059	19
0.744102676496314	6.24873641661217	19
0.754135352592566	6.24809701887755	19
0.764175271248325	6.24758374263505	19
0.774220847044047	6.24719666893694	19
0.784270493666863	6.24693585890664	19
0.79432262416107	6.24680135372909	19
0.804375651178737	6.24679317464419	19
0.814427987230359	6.24691132294354	19
0.824478044935542	6.24715577997014	19
0.834524237273671	6.24752650712139	19
0.844564977834517	6.24802344585519	19
0.854598681068749	6.24864651769913	19
0.864623762538313	6.24939562426296	19
0.87463863916663	6.25027064725407	19
0.884641729488584	6.25127144849618	19
0.894631453900253	6.25239786995117	19
0.904606234908349	6.25364973374404	19
0.914564497379318	6.25502684219098	19
0.924504668788078	6.25652897783061	19
0.934425179466333	6.25815590345829	19
0.944324462850443	6.25990736216361	19
0.954200955728807	6.26178307737093	19
0.964053098488708	6.26378275288309	19
0.973879335362593	6.26590607292813	19
0.983678114673751	6.2681527022092	19
0.993447889081339	6.27052228595751	19
1.00318711582472	6.2730144499883	19
1.01289425696709	6.27562880075998	19
1.02256777963834	6.27836492543627	19
1.0322061562771	6.28122239195135	19
1.04180786487196	6.28420074907814	19
1.05137138920184	6.28729952649953	19
1.06089521907536	6.29051823488263	19
1.07037785056941	6.29385636595608	19
1.07981778626653	6.29731339259029	19
1.08921353549144	6.30088876888068	19
1.09856361454644	6.30458193023387	19
1.10786654694563	6.30839229345689	19
1.11712086364816	6.31231925684921	19
1.12632510329014	6.31636220029779	19
1.13547781241543	6.32052048537498	19
1.14457754570516	6.32479345543937	19
1.15362286620595	6.32918043573945	19
1.16261234555684	6.33368073352019	19
1.17154456421484	6.33829363813238	19
1.18041811167906	6.34301842114492	19
1.1892315867135	6.3478543364598	19
1.19798359756828	6.35280062042993	19
1.20667276219943	6.35785649197972	19
1.21529770848714	6.36302115272847	19
1.22385707445238	6.36829378711635	19
1.23234950847207	6.37367356253329	19
1.24077366949241	6.37915962945037	19
1.24912822724073	6.38475112155403	19
1.25741186243551	6.39044715588286	19
1.26562326699473	6.396246832967	19
1.29558095472763	6.41778590905874	19
1.32371016628106	6.43795991777501	19
1.351825718461	6.45807165937798	19
1.37992761126747	6.47812113386767	19
1.40801584470046	6.49810834124407	19
1.43609041875997	6.51803328150718	19
1.46415133344599	6.53789595465701	19
1.49219858875854	6.55769636069354	19
1.52023218469761	6.57743449961679	19
1.54825212126319	6.59711037142675	19
1.5762583984553	6.61672397612342	19
1.60425101627392	6.6362753137068	19
1.63222997471907	6.65576438417689	19
1.66019527379074	6.6751911875337	19
1.68814691348892	6.69455572377721	19
1.71608489381363	6.71385799290744	19
1.74400921476486	6.73309799492438	19
1.7719198763426	6.75227572982803	19
1.79981687854687	6.77139119761839	19
1.82770022137765	6.79044439829547	19
1.85556990483496	6.80943533185925	19
1.88342592891878	6.82836399830975	19
1.91126829362913	6.84723039764696	19
1.93909699896599	6.86603452987088	19
1.96691204492938	6.88477639498151	19
1.99471343151928	6.90345599297885	19
2.02250115873571	6.92207332386291	19
2.05027522657865	6.94062838763367	19
2.07803563504812	6.95912118429115	19
2.1057823841441	6.97755171383535	19
2.13351547386661	6.99591997626625	19
2.16123490421563	7.01422597158386	19
2.18894067519118	7.03246969978818	19
2.21663278679324	7.05065116087922	19
2.24431123902182	7.06877035485696	19
2.27197603187693	7.08682728172143	19
2.29962716535855	7.1048219414726	19
2.3272646394667	7.12275433411048	19
2.35488845420136	7.14062445963507	19
2.38249860956254	7.15843231804638	19
2.41009510555025	7.17617790934439	19
2.43767794216447	7.19386123352912	19
2.46524711940521	7.21148229060056	19
2.49280263727248	7.22904108055871	19
2.52034449576626	7.24653760340358	19
2.54787269488656	7.26397185913515	19
2.57538723463339	7.28134384775344	19
2.60288811500673	7.29865356925844	19
2.63037533600659	7.31590102365014	19
2.65784889763298	7.33308621092857	19
2.68530879988588	7.3502091310937	19
2.7127550427653	7.36726978414554	19
2.74018762627124	7.3842681700841	19
2.76760655040371	7.40120428890936	19
2.79501181516269	7.41807814062134	19
2.82240342054819	7.43488972522003	19
2.84978136656021	7.45163904270543	19
2.87714565319875	7.46832609307755	19
2.90449628046382	7.48495087633637	19
2.9318332483554	7.50151339248191	19
2.9591565568735	7.51801364151416	19
2.98646620601812	7.53445162343312	19
3.01376219578926	7.55082733823879	19
3.04104452618692	7.56714078593117	19
3.06831319721111	7.58339196651027	19
3.09556820886181	7.59958087997607	19
3.12280956113903	7.61570752632859	19
3.15003725404277	7.63177190556782	19
3.17725128757303	7.64777401769376	19
3.20445166172981	7.66371386270641	19
3.23163837651311	7.67959144060578	19
3.25881143192293	7.69540675139185	19
3.28597082795927	7.71115979506464	19
3.31311656462213	7.72685057162414	19
3.34024864191151	7.74247908107035	19
3.36736705982741	7.75804532340327	19
3.39447181836984	7.7735492986229	19
3.42156291753878	7.78899100672925	19
3.44864035733423	7.8043704477223	19
3.47570413775622	7.81968762160207	19
3.50275425880471	7.83494252836855	19
3.52979072047973	7.85013516802174	19
3.55681352278127	7.86526554056164	19
3.58382266570933	7.88033364598826	19
3.61081814926391	7.89533948430158	19
3.63779997344501	7.91028305550162	19
3.66476813825263	7.92516435958837	19
3.69172264368677	7.93998339656183	19
3.71866348974743	7.954740166422	19
3.74559067643461	7.96943466916889	19
3.77250420374831	7.98406690480248	19
3.79940407168853	7.99863687332279	19
3.82629028025527	8.0131445747298	19
3.85316282944853	8.02759000902353	19
3.8800217192683	8.04197317620398	19
3.9068669497146	8.05629407627113	19
3.93369852078742	8.07055270922499	19
3.96051643248676	8.08474907506557	19
3.98732068481262	8.09888317379286	19
4.014111277765	8.11295500540685	19
4.04088821134389	8.12696456990757	19
4.06765148554931	8.14091186729499	19
4.09440110038125	8.15479689756912	19
4.12113705583971	8.16861966072997	19
4.14785935192469	8.18238015677752	19
4.17456798863618	8.19607838571179	19
4.2012629659742	8.20971434753277	19
4.22794428393874	8.22328804224047	19
4.25461194252979	8.23679946983487	19
4.28126594174737	8.25024863031599	19
4.30790628159147	8.26363552368381	19
4.33453296206208	8.27696014993835	19
4.36114598315922	8.2902225090796	19
4.38774534488288	8.30342260110756	19
4.41433104723306	8.31656042602223	19
4.44090309020975	8.32963598382361	19
4.46746147381297	8.34264927451171	19
4.49400619804271	8.35560029808652	19
4.52053726289896	8.36848905454804	19
4.54705466838174	8.38131554389627	19
4.57355841449103	8.39407976613121	19
4.60004850122685	8.40678172125286	19
4.62652492858919	8.41942140926123	19
4.65298769657804	8.4319988301563	19
4.67943680519342	8.44451398393809	19
4.70587225443531	8.45696687060659	19
4.73229404430373	8.4693574901618	19
4.75870217479866	8.48168584260373	19
4.78509664592012	8.49395192793236	19
4.8114774576681	8.50615574614771	19
4.83784461004259	8.51829729724976	19
4.86419810304361	8.53037658123853	19
4.89053793667114	8.54239359811401	19
4.9168641109252	8.55434834787621	19
4.94317662580577	8.56624083052511	19
4.96947548131286	8.57807104606073	19
4.99576067744648	8.58983899448305	19
5.02203221420661	8.60154467579209	19
5.04829009159327	8.61318808998784	19
5.07453430960644	8.62476923707031	19
5.10076486824614	8.63628811703948	19
5.12698176751235	8.64774472989536	19
5.15318500740509	8.65913907563796	19
5.17937458792434	8.67047115426727	19
5.20555050907011	8.68174096578329	19
5.23171277084241	8.69294851018602	19
5.25786137324122	8.70409378747546	19
5.28399631626655	8.71517679765161	19
5.31011759991841	8.72619754071448	19
5.33622522419678	8.73715601666406	19
5.36231918910168	8.74805222550034	19
5.38839949463309	8.75888616722335	19
5.41446614079102	8.76965784183306	19
5.44051912757547	8.78036724932948	19
5.46655845498645	8.79101438971262	19
5.49258412302394	8.80159926298246	19
5.51859613168795	8.81212186913902	19
5.54459448097849	8.82258220818229	19
5.57057917089554	8.83298028011227	19
5.59655020143911	8.84331608492897	19
5.6225075726092	8.85358962263237	19
5.64845128440582	8.86380089322249	19
5.67438133682895	8.87394989669931	19
5.7002977298786	8.88403663306285	19
5.72620046355477	8.89406110231311	19
5.75208953785746	8.90402330445006	19
5.77796495278668	8.91392323947374	19
5.80382670834241	8.92376090738413	19
5.82967480452466	8.93353630818122	19
5.85550924133343	8.94324944186503	19
5.88133001876872	8.95290030843555	19
5.90713713683053	8.96248890789278	19
5.93293059551887	8.97201524023673	19
5.95871039483372	8.98147930546738	19
5.98447653477509	8.99088110358475	19
6.01022901534298	9.00022063458882	19
6.03596783653739	9.00949789847961	19
6.06169299835832	9.01871289525712	19
6.08740450080577	9.02786562492133	19
6.11310234387974	9.03695608747225	19
6.13878652758023	9.04598428290989	19
6.16445705190724	9.05495021123424	19
6.19011391686077	9.0638538724453	19
6.21575712244082	9.07269526654306	19
6.24138666864739	9.08147439352755	19
6.26700255548048	9.09019125339874	19
6.29260478294009	9.09884584615665	19
6.31819335102622	9.10743817180126	19
6.34376825973887	9.11596823033259	19
6.36932950907804	9.12443602175063	19
6.39487709904373	9.13284154605538	19
6.42041102963594	9.14118480324685	19
6.44593130085467	9.14946579332502	19
6.47143791269992	9.1576845162899	19
6.49693086517169	9.16584097214151	19
6.52241015826998	9.17393516087981	19
6.54787579199479	9.18196708250484	19
6.57332776634612	9.18993673701657	19
6.59876608132397	9.19784412441501	19
6.62419073692834	9.20568924470017	19
6.64960173315922	9.21347209787203	19
6.67499907001663	9.22119268393061	19
6.70038274750056	9.22885100287591	19
6.72575276561101	9.2364470547079	19
6.75110912434798	9.24398083942662	19
6.77645182371147	9.25145235703204	19
6.80178086370147	9.25886160752418	19
6.827096244318	9.26620859090303	19
6.85239796556105	9.27349330716859	19
6.87768602743062	9.28071575632086	19
6.90296042992671	9.28787593835984	19
6.92822117304931	9.29497385328554	19
6.95346825679844	9.30200950109794	19
6.97870168117409	9.30898288179706	19
7.00392144617626	9.31589399538289	19
7.02912755180494	9.32274284185543	19
7.05431999806015	9.32952942121468	19
7.07949878494188	9.33625373346064	19
7.10466391245012	9.34291577859332	19
7.12981538058489	9.34951555661271	19
7.15495318934618	9.35605306751881	19
7.18007733873398	9.36252831131161	19
7.20518782874831	9.36894128799114	19
7.23028465938916	9.37529199755737	19
7.25536783065652	9.38158044001031	19
7.28043734255041	9.38780661534997	19
7.30549319507082	9.39397052357634	19
7.33053538821774	9.40007216468942	19
7.35556392199119	9.4061115386892	19
7.38057879639116	9.41208864557571	19
7.40558001141764	9.41800348534893	19
7.43056756707065	9.42385605800885	19
7.45554146335017	9.42964636355549	19
7.48050170025622	9.43537440198883	19
7.50544827778878	9.4410401733089	19
7.53038119594787	9.44664367751567	19
7.55530045473348	9.45218491460915	19
7.5802060541456	9.45766388458935	19
7.60509799418424	9.46308058745625	19
7.62997627484941	9.46843502320987	19
7.6548408961411	9.4737271918502	19
7.6796918580593	9.47895709337724	19
7.70452916060403	9.484124727791	19
7.72935280377527	9.48923009509146	19
7.75416278757303	9.49427319527863	19
7.77895911199732	9.49925402835252	19
7.80374177704812	9.50417259431312	19
7.82851078272545	9.50902889316043	19
7.85326612902929	9.51382292489445	19
7.87800781595966	9.51855468951519	19
7.90273584351654	9.52322418702263	19
7.92745021169994	9.52783141741679	19
7.95215092050987	9.53237638069766	19
7.97683796994631	9.53685907686524	19
8.00151136000928	9.54127950591953	19
8.02617109069876	9.54563766786053	19
8.05081716201476	9.54993356268825	19
8.07544957395729	9.55416719040267	19
8.10006832652633	9.55833855100381	19
8.12467341972189	9.56244764449166	19
8.14926485354398	9.56649447086622	19
8.17384262799258	9.57047903012749	19
8.1984067430677	9.57440132227548	19
8.22295719876934	9.57826134731017	19
8.24749399509751	9.58205910523158	19
8.27201713205219	9.5857945960397	19
8.29652660963339	9.58946781973453	19
8.32102242784111	9.59307877631607	19
8.34550458667536	9.59662746578432	19
8.36997308613612	9.60011388813929	19
8.3944279262234	9.60353804338097	19
8.4188691069372	9.60689993150935	19
8.44329662827753	9.61019955252445	19
8.46771049024437	9.61343690642627	19
8.49211069283773	9.61661199321479	19
8.51649723605761	9.61972481289002	19
8.54087011990401	9.62277536545197	19
8.56522934437693	9.62576365090063	19
8.58957490947637	9.62868966923599	19
8.61390681520234	9.63155342045808	19
8.63822506155482	9.63435490456687	19
8.66252964853382	9.63709412156237	19
8.68682057613934	9.63977107144459	19
8.71109784437138	9.64238575421351	19
8.73536145322994	9.64493816986915	19
8.75961140271502	9.6474283184115	19
8.78384769282662	9.64985619984056	19
8.80807032356475	9.65222181415634	19
8.83227929492938	9.65452516135882	19
8.85647460692054	9.65676624144802	19
8.88065625953822	9.65894505442393	19
8.90482425278243	9.66106160028655	19
8.92897858665315	9.66311587903588	19
8.95311926115038	9.66510789067192	19
8.97724627627415	9.66703763519467	19
9.00135963202442	9.66890511260414	19
9.02545932840122	9.67071032290032	19
9.04954536540454	9.67245326608321	19
9.07361774303438	9.6741339421528	19
9.09767646129074	9.67575235110912	19
9.12172152017362	9.67730849295214	19
9.14575291968302	9.67880236768188	19
9.16977065981894	9.68023397529833	19
9.19377474058138	9.68160331580148	19
9.21776516197034	9.68291038919135	19
9.24174192398582	9.68415519546793	19
9.26570502662782	9.68533773463122	19
9.28965446989634	9.68645800668123	19
9.31359025379138	9.68751601161794	19
9.33751237831293	9.68851174944137	19
9.36142084346101	9.68944522015151	19
9.38531564923561	9.69031642374836	19
9.40919679563673	9.69112536023193	19
9.43306428266437	9.6918720296022	19
9.45691811031852	9.69255643185918	19
9.4807582785992	9.69317856700288	19
9.5045847875064	9.69373843503329	19
9.52839763704012	9.69423603595041	19
9.55219682720036	9.69467136975424	19
9.57598235798711	9.69504443644478	19
9.59975422940039	9.69535523602204	19
9.62351244144019	9.695603768486	19
9.64725699410651	9.69579003383668	19
9.67098788739934	9.69591403207407	19
9.6947051213187	9.69597576319817	19
9.71840869586458	9.69597522720898	19
9.74209861103697	9.69591242410651	19
9.76577486683589	9.69578735389075	19
9.78943746326133	9.69560001656169	19
9.81308640031328	9.69535041211935	19
9.83672167799176	9.69503854056372	19
9.86034329629676	9.6946644018948	19
9.88395125522827	9.6942279961126	19
9.90754555478631	9.6937293232171	19
9.93112619497087	9.69316838320832	19
9.95469317578194	9.69254517608625	19
9.97824649721954	9.69185970185089	19
10.0017861592837	9.69111196050224	19
10.0253121619743	9.6903019520403	19
10.0488245052914	9.68942967646508	19
10.0723231892351	9.68849513377656	19
10.0958082138053	9.68749832397476	19
10.119279579002	9.68643924705967	19
10.1427372848253	9.68531790303129	19
10.166181331275	9.68413429188962	19
10.1896117183513	9.68288841363467	19
10.2130284460541	9.68158026826642	19
10.2364315143834	9.68020985578489	19
10.2598209233392	9.67877717619007	19
10.2831966729216	9.67728222948196	19
10.3065587631305	9.67572501566056	19
10.3299071939659	9.67410553472587	19
10.3532419654278	9.6724237866779	19
10.3765630775162	9.67067977151664	19
10.3998705302312	9.66887348924208	19
10.4231643235726	9.66700493985424	19
10.4464444575406	9.66507412335311	19
10.4697109321352	9.66308103973869	19
10.4929637473562	9.66102568901099	19
10.5162029032037	9.65890807117	19
10.5394283996778	9.65672818621571	19
10.5626402367784	9.65448603414814	19
10.5858384145055	9.65218161496728	19
10.6090229328592	9.64981492867313	19
10.6321937918393	9.6473859752657	19
10.655350991446	9.64489475474497	19
10.6784945316792	9.64234126711096	19
10.7016244125389	9.63972551236366	19
10.7247406340251	9.63704749050307	19
10.7478431961379	9.63430720152919	19
10.7709320988771	9.63150464544202	19
10.7940073422429	9.62863982224157	19
10.8170689262353	9.62571273192782	19
10.8401168508541	9.62272337450079	19
10.8631511160994	9.61967174996047	19
10.8861717219713	9.61655785830686	19
10.9091786684697	9.61338169953996	19
10.9321719555946	9.61014327365977	19
10.955151583346	9.6068425806663	19
10.978117551724	9.60347962055954	19
11.0010698607285	9.60005439333949	19
11.0240085103595	9.59656689900615	19
11.046933500617	9.59301713755952	19
11.069844831501	9.5894051089996	19
11.0927425030116	9.5857308133264	19
11.1156265151486	9.5819942505399	19
11.1384968679122	9.57819542064012	19
11.1613535613023	9.57433432362705	19
11.184196595319	9.57041095950069	19
11.2070259699621	9.56642532826104	19
11.2298416852318	9.56237742990811	19
11.252643741128	9.55826726444188	19
11.2754321376507	9.55409483186237	19
11.2982068747999	9.54986013216957	19
11.3209679525757	9.54556316536348	19
11.3437153709779	9.54120393144411	19
11.3664491300067	9.53678243041144	19
11.389169229662	9.53229866226548	19
11.4118756699439	9.52775262700624	19
11.4345684508522	9.52314432463371	19
11.4572475723871	9.51847375514789	19
11.4799130345485	9.51374091854878	19
11.5025648373364	9.50894581483638	19
11.5252029807508	9.5040884440107	19
11.5478274647918	9.49916880607172	19
11.5704382894592	9.49418690101946	19
11.5930354547532	9.48914272885391	19
11.6156189606737	9.48403628957507	19
11.6381888072208	9.47886758318294	19
11.6607449943943	9.47363660967753	19
11.6832875221944	9.46834336905883	19
11.705816390621	9.46298786132683	19
11.7283315996741	9.45757008648155	19
11.7508331493537	9.45209004452298	19
11.7733210396599	9.44654773545112	19
11.7957952705925	9.44094315926598	19
11.8182558421517	9.43527631596754	19
11.8407027543374	9.42954720555581	19
11.8631360071497	9.4237558280308	19
11.8855556005884	9.4179021833925	19
11.9079615346537	9.41198627164091	19
11.9303538093455	9.40600809277604	19
11.9527324246638	9.39996764679787	19
11.9750973806086	9.39386493370642	19
11.9974486771799	9.38769995350167	19
12.0197863143778	9.38147270618364	19
12.0421102922022	9.37518319175232	19
12.0644206106531	9.36883141020772	19
12.0867172697305	9.36241736154982	19
12.1090002694345	9.35594104577863	19
12.1312696097649	9.34940246289416	19
12.1535252907219	9.3428016128964	19
12.1757673123054	9.33613849578535	19
12.1979956745155	9.32941311156101	19
12.220210377352	9.32262546022338	19
12.2424114208151	9.31577554177247	19
12.2645988049047	9.30886335620826	19
12.2867725296208	9.30188890353077	19
12.3089325949634	9.29485218373999	19
12.3310790009325	9.28775319683592	19
12.3532117475282	9.28059194281857	19
12.3753308347504	9.27336842168792	19
12.3974362625991	9.26608263344398	19
12.4195280310743	9.25873457808676	19
12.4416061401761	9.25132425561625	19
12.4636705899043	9.24385166603245	19
12.4857213802591	9.23631680933536	19
12.5077585112404	9.22871968552499	19
12.5297819828483	9.22106029460132	19
12.5517917950826	9.21333863656436	19
12.5737879479435	9.20555471141413	19
12.5957704414309	9.19770851915059	19
12.6177392755448	9.18980005977378	19
12.6396944502852	9.18182933328367	19
12.6616359656521	9.17379633968027	19
12.6835638216456	9.16570107896359	19
12.7054780182656	9.15754355113362	19
12.7273785555121	9.14932375619035	19
12.7492654333851	9.14104169413381	19
12.7711386518847	9.13269736496397	19
12.7929982110107	9.12429076868084	19
12.8148441107633	9.11582190528442	19
12.8366763511424	9.10729077477472	19
12.858494932148	9.09869737715173	19
12.8802998537802	9.09004171241545	19
12.9020911160388	9.08132378056588	19
12.923868718924	9.07254358160303	19
12.9456326624357	9.06370111552688	19
12.967382946574	9.05479638233745	19
12.9891195713387	9.04582938203472	19
13.01084253673	9.03680011461872	19
13.0325518427477	9.02770858008942	19
13.054247489392	9.01855477844683	19
13.0759294766629	9.00933870969095	19
13.0975978045602	9.00006037382179	19
13.1192524730841	8.99071977083934	19
13.1408934822345	8.98131690074359	19
13.1625208320114	8.97185176353456	19
13.1841345224148	8.96232435921225	19
13.2057345534447	8.95273468777664	19
13.2273209251012	8.94308274922775	19
13.2488936373842	8.93336854356556	19
13.2704526902937	8.92359207079009	19
13.2919980838297	8.91375333090133	19
13.3135298179922	8.90385232389928	19
13.3350478927813	8.89388904978394	19
13.3565523081969	8.88386350855532	19
13.378043064239	8.8737757002134	19
13.3995201609076	8.8636256247582	19
13.4209835982027	8.85341328218971	19
13.4424333761244	8.84313867250793	19
13.4638694946726	8.83280179571286	19
13.4852919538473	8.82240265180451	19
13.5067007536485	8.81194124078286	19
13.5280958940763	8.80141756264792	19
13.5494773751305	8.79083161739971	19
13.5708451968113	8.7801834050382	19
13.5921993591186	8.7694729255634	19
13.6135398620524	8.75870017897531	19
13.6348667056128	8.74786516527394	19
13.6561798897996	8.73696788445927	19
13.677479414613	8.72600833653132	19
13.6987652800529	8.71498652149008	19
13.7200374861193	8.70390243933555	19
13.7412960328123	8.69275609006773	19
13.7625409201317	8.68154747368663	19
13.7837721480777	8.67027659019223	19
13.8049897166502	8.65894343958455	19
13.8261936258492	8.64754802186358	19
13.8473838756748	8.63609033702932	19
13.8685604661268	8.62457038508177	19
13.8897233972054	8.61298816602094	19
13.9108726689105	8.60134367984681	19
13.9320082812421	8.5896369265594	19
13.9531302342003	8.57786790615869	19
13.9742385277849	8.5660366186447	19
13.9953331619961	8.55414306401743	19
14.0164141368338	8.54218724227686	19
14.037481452298	8.530169153423	19
14.0585351083888	8.51808879745586	19
14.079575105106	8.50594617437543	19
14.1006014424498	8.49374128418171	19
14.1216141204201	8.4814741268747	19
14.1426131390169	8.4691447024544	19
14.1635984982403	8.45675301092081	19
14.1845701980901	8.44429905227394	19
14.2055282385665	8.43178282651378	19
14.2264726196694	8.41920433364032	19
14.2474033413988	8.40656357365358	19
14.2683204037547	8.39386054655355	19
14.2892238067372	8.38109525234024	19
14.3101135503462	8.36826769101364	19
14.3309896345817	8.35537786257374	19
14.3518520594437	8.34242576702056	19
14.3727008249322	8.32941140435408	19
14.3935359310473	8.31633477457433	19
14.4143573777889	8.30319587768128	19
14.435165165157	8.28999471367494	19
14.4559592931516	8.27673128255532	19
14.4767397617727	8.26340558432241	19
14.4975065710204	8.25001761897621	19
14.5182597208946	8.23656738651672	19
14.5389992113953	8.22305488694394	19
14.5597250425225	8.20948012025787	19
14.5804372142762	8.19584308645852	19
14.6011357266565	8.18214378554587	19
14.6218205796632	8.16838221751994	19
14.6424917732965	8.15455838238072	19
14.6631493075563	8.14067228012821	19
14.6837931824427	8.12672391076242	19
14.7044233979555	8.11271327428333	19
14.7250399540949	8.09864037069096	19
14.7456428508608	8.08450519998529	19
14.7662320882532	8.07030776216634	19
14.7868076662722	8.0560480572341	19
14.8073695849176	8.04172608518858	19
14.8279178441896	8.02734184602976	19
14.8484524440881	8.01289533975766	19
14.8689733846131	7.99838656637226	19
14.8894806657646	7.98381552587358	19
14.9099742875427	7.96918221826161	19
14.9304542499473	7.95448664353635	19
14.9509205529784	7.93972880169781	19
14.971373196636	7.92490869274597	19
14.9918121809201	7.91002631668085	19
15.0122375058308	7.89508167350244	19
15.0326491713679	7.88007476321073	19
15.0530471775316	7.86500558580575	19
15.0734315243219	7.84987414128747	19
15.0938022117386	7.8346804296559	19
15.1141592397818	7.81942445091105	19
15.1345026084516	7.80410620505291	19
15.1548323177479	7.78872569208148	19
15.1751483676707	7.77328291199675	19
15.1954507582201	7.75777786479875	19
15.2157394893959	7.74221055048745	19
15.2360145611983	7.72658096906287	19
15.2562759736272	7.71088912052499	19
15.2765237266826	7.69513500487383	19
15.2967578203645	7.67931862210938	19
15.316978254673	7.66343997223164	19
15.337185029608	7.64749905524061	19
15.3573781451694	7.6314958711363	19
15.3775576013575	7.61543041991869	19
15.397723398172	7.5993027015878	19
15.417875535613	7.58311271614362	19
15.4380140136806	7.56686046358615	19
15.4581388323747	7.5505459439154	19
15.4782499916953	7.53416915713135	19
15.4983474916425	7.51773010323402	19
15.5184313322161	7.50122878222339	19
15.5385015134163	7.48466519409948	19
15.558558035243	7.46803933886228	19
15.5786008976962	7.45135121651179	19
15.5986301007759	7.43460082704801	19
15.6186456444822	7.41778817047095	19
15.6386475288149	7.4009132467806	19
15.6586357537742	7.38397605597695	19
15.67861031936	7.36697659806002	19
15.6985712255724	7.3499148730298	19
15.7185184724112	7.3327908808863	19
15.7384520598766	7.3156046216295	19
15.7583719879685	7.29835609525942	19
15.7782782566869	7.28104530177604	19
15.7981708660318	7.26367224117938	19
15.8180498160033	7.24623691346943	19
15.8379151066013	7.2287393186462	19
15.8577667378257	7.21117945670967	19
15.8776047096768	7.19355732765986	19
15.8974290221543	7.17587293149675	19
15.9172396752583	7.15812626822036	19
15.9370366689889	7.14031733783068	19
15.956820003346	7.12244614032771	19
15.9765896783296	7.10451267571145	19
15.9963456939397	7.08651694398191	19
16.0160880501764	7.06845894513908	19
16.0358167470396	7.05033867918296	19
16.0555317845292	7.03215614611354	19
16.0752331626455	7.01391134593084	19
16.0949208813882	6.99560427863486	19
16.1145949407574	6.97723494422558	19
16.1342553407532	6.95880334270302	19
16.1539020813755	6.94030947406716	19
16.1735351626243	6.92175333831802	19
16.1931545844996	6.90313493545559	19
16.2127603470015	6.88445426547987	19
16.2323524501298	6.86571132839087	19
16.2519308938847	6.84690612418857	19
16.2714956782661	6.82803865287299	19
16.2910468032741	6.80910891444412	19
16.3105842689085	6.79011690890196	19
16.3301080751695	6.77106263624651	19
16.349618222057	6.75194609647777	19
16.369114709571	6.73276728959574	19
16.3885975377115	6.71352621560043	19
16.4080667064786	6.69422287449183	19
16.4275222158721	6.67485726626994	19
16.4469640658922	6.65542939093475	19
16.4663922565388	6.63593924848629	19
16.485806787812	6.61638683892453	19
16.5052076597116	6.59677216224949	19
16.5245948722378	6.57709521846115	19
16.5439684253905	6.55735600755953	19
16.5633283191697	6.53755452954462	19
16.5826745535754	6.51769078441643	19
16.6020071286076	6.49776477217494	19
16.6213260442664	6.47777649282016	19
16.6406313005517	6.4577259463521	19
16.6599228974635	6.43761313277074	19
16.6792008350018	6.41743805207611	19
16.6984651131667	6.39720070426818	19
16.717715731958	6.37690108934696	19
16.7369526913759	6.35653920731245	19
16.7561759914203	6.33611505816466	19
16.7753856320913	6.31562864190357	19
16.7945816133887	6.2950799585292	19
16.8137639353127	6.27446900804154	19
16.8329325978632	6.25379579044059	19
16.8520876010402	6.23306030572636	19
16.8712289448437	6.21226255389883	19
16.8903566292737	6.19140253495802	19
16.9094706543303	6.17048024890392	19
16.9285710200134	6.14949569573653	19
16.947657726323	6.12844887545585	19
16.9667307732591	6.10733978806188	19
16.9857901608218	6.08616843355463	19
17.0048358890109	6.06493481193408	19
17.0238679578266	6.04363892320025	19
17.0428863672688	6.02228076735313	19
17.0618911173375	6.00086034439272	19
17.0808822080328	5.97937765431902	19
17.0998596393546	5.95783269713203	19
17.1188234113028	5.93622547283176	19
17.1377735238776	5.9145559814182	19
17.156709977079	5.89282422289135	19
17.1756327709068	5.87103019725121	19
17.1945419053612	5.84917390449777	19
17.2134373804421	5.82725534463106	19
17.2323191961495	5.80527451765105	19
17.2511873524834	5.78323142355776	19
17.2700418494438	5.76112606235118	19
17.2888826870308	5.73895843403131	19
17.3077098652443	5.71672853859815	19
17.3265233840843	5.6944363760517	19
17.3453232435508	5.67208194639196	19
17.3641094436439	5.64966524961894	19
17.3828819843634	5.62718628573263	19
17.4016408657095	5.60464505473302	19
17.4203860876821	5.58204155662014	19
17.4391176502812	5.55937579139396	19
17.4578355535069	5.53664775905449	19
17.476539797359	5.51385745960173	19
17.4952303818377	5.49100489303569	19
17.5139073069429	5.46809005935636	19
17.5325705726746	5.44511295856374	19
17.5512201790329	5.42207359065783	19
17.5698561260176	5.39897195563863	19
17.5884784136289	5.37580805350615	19
17.6070870418667	5.35258188426038	19
17.6256820107311	5.32929344790131	19
17.6442633202219	5.30594274442896	19
17.6628309703393	5.28252977384332	19
17.6813849610831	5.2590545361444	19
17.6999252924535	5.23551703133218	19
17.7184519644505	5.21191725940668	19
17.7369649770739	5.18825522036788	19
17.7554643303239	5.1645309142158	19
17.7739500242003	5.14074434095043	19
17.7924220587034	5.11689550057177	19
17.8108804338329	5.09298439307982	19
17.8293251495889	5.06901101847459	19
17.8477562059715	5.04497537675607	19
17.8661736029806	5.02087746792425	19
17.8845773406162	4.99671729197915	19
17.9029674188783	4.97249484892076	19
17.9213438377669	4.94821013874909	19
17.9397065972821	4.92386316146412	19
17.9580556974238	4.89945391706586	19
17.976391138192	4.87498240555432	19
17.9947129195867	4.85044862692949	19
18.0130210416079	4.82585258119137	19
18.0313155042557	4.80119426833996	19
18.04959630753	4.77647368837527	19
18.0678634514308	4.75169084129728	19
18.0861169359581	4.72684572710601	19
18.1043567611119	4.70193834580145	19
18.1225829268923	4.67696869738359	19
18.1407954332992	4.65193678185246	19
18.1589942803326	4.62684259920803	19
18.1771794679925	4.60168614945032	19
18.1953509962789	4.57646743257931	19
18.2135088651919	4.55118644859502	19
18.2316530747314	4.52584319749744	19
18.2497836248974	4.50043767928657	19
18.2679005156899	4.47496989396241	19
18.2860037471089	4.44943984152496	19
18.3040933191545	4.42384752197423	19
18.3221692318265	4.39819293531021	19
18.3402314851251	4.3724760815329	19
18.3582800790503	4.3466969606423	19
18.3763150136019	4.32085557263841	19
18.3943362887801	4.29495191752123	19
18.4123439045847	4.26898599529076	19
18.4303378610159	4.24295780594701	19
18.4483181580737	4.21686734948997	19
18.4662847957579	4.19071462591964	19
18.4842377740687	4.16449963523602	19
18.5021770930059	4.13822237743911	19
18.5201027525697	4.11188285252892	19
18.53801475276	4.08548106050543	19
18.5559130935769	4.05901700136866	19
18.5737977750202	4.0324906751186	19
18.5916687970901	4.00590208175525	19
18.6095261597865	3.97925122127861	19
18.6273698631094	3.95253809368869	19
18.6451999070589	3.92576269898547	19
18.6630162916348	3.89892503716896	19
18.6808190168373	3.87202510823917	19
18.6986080826663	3.8450629121961	19
18.7163834891218	3.81803844903973	19
18.7341452362039	3.79095171877007	19
18.7518933239124	3.76380272138712	19
18.7696277522475	3.73659145689089	19
18.7873485212091	3.70931792528137	19
18.8050556307972	3.68198212655856	19
18.8227490810118	3.65458406072245	19
18.840428871853	3.62712372777307	19
18.8580950033207	3.59960112771039	19
18.8757474754149	3.57201626053443	19
18.8933862881356	3.54436912624518	19
18.9110114414828	3.51665972484263	19
18.9286229354566	3.4888880563268	19
18.9462207700568	3.46105412069769	19
18.9638049452836	3.43315791795528	19
18.9813754611369	3.40519944809958	19
18.9989323176168	3.3771787111306	19
19.0164755147231	3.34909570704833	19
19.034005052456	3.32095043585277	19
19.0515209308154	3.29274289754392	19
19.0690231498013	3.26447309212178	19
19.0865117094138	3.23614101958635	19
19.1039866096527	3.20774667993764	19
19.1214478505182	3.17929007317564	19
19.1388954320102	3.15077119930035	19
19.1563293541287	3.12219005831177	19
19.1737496168737	3.0935466502099	19
19.1911562202453	3.06484097499474	19
19.2085491642434	3.0360730326663	19
19.225928448868	3.00724282322457	19
19.2432940741191	2.97835034666954	19
19.2606460399967	2.94939560300123	19
19.2779843465009	2.92037859221963	19
19.2953089936315	2.89129931432475	19
19.3126199813887	2.86215776931657	19
19.3299173097724	2.83295395719511	19
19.3472009787827	2.80368787796035	19
19.3644709884194	2.77435953161231	19
19.3817273386827	2.74496891815098	19
19.3989700295725	2.71551603757637	19
19.4161990610888	2.68600088988846	19
19.4334144332316	2.65642347508727	19
19.450616146001	2.62678379317278	19
19.4678041993969	2.59708184414501	19
19.4849785934192	2.56731762800395	19
19.5021393280682	2.5374911447496	19
19.5192864033436	2.50760239438197	19
19.5364198192455	2.47765137690104	19
19.553539575774	2.44763809230683	19
19.570645672929	2.41756254059933	19
19.5877381107105	2.38742472177853	19
19.6048168891186	2.35722463584446	19
19.6218820081531	2.32696228279709	19
19.6389334678142	2.29663766263643	19
19.6559712681018	2.26625077536249	19
19.6729954090159	2.23580162097526	19
19.6900058905565	2.20529019947473	19
19.7070027127237	2.17471651086093	19
19.7239858755173	2.14408055513383	19
19.7409553789375	2.11338233229344	19
19.7579112229842	2.08262184233977	19
19.7748534076575	2.0517990852728	19
19.7917819329572	2.02091406109255	19
19.8086967988835	1.98996676979901	19
19.8255980054363	1.95895721139219	19
19.8424855526156	1.92788538587206	19
19.8593594404214	1.89675129323866	19
19.8762196688538	1.86555493349197	19
19.8930662379126	1.83429630663199	19
19.909899147598	1.80297541265872	19
19.9267183979099	1.77159225157215	19
19.9435239888484	1.74014682337231	19
19.9603159204133	1.70863912805917	19
19.9770941926048	1.67706916563275	19
19.9938588054228	1.64543693609304	19
20.0106097588673	1.61374243944003	19
20.0273470529383	1.58198567567374	19
20.0440706876359	1.55016664479416	19
20.0607806629599	1.5182853468013	19
20.0774769789105	1.48634178169514	19
20.0941596354876	1.4543359494757	19
20.1108286326913	1.42226785014297	19
20.1274839705214	1.39013748369695	19
20.1441256489781	1.35794485013764	19
20.1607536680613	1.32568994946504	19
20.177368027771	1.29337278167915	19
20.1939687281072	1.26099334677998	19
20.21055576907	1.22855164476752	19
20.2271291506592	1.19604767564177	19
20.243688872875	1.16348143940272	19
20.2602349357173	1.1308529360504	19
20.2767673391862	1.09816216558478	19
20.2932860832815	1.06540912800588	19
20.3097911680034	1.03259382331369	19
20.3262825933518	0.999716251508201	19
20.3427603593267	0.966776412589432	19
20.3592244659281	0.933774306557375	19
20.375674913156	0.900709933412029	19
20.3921117010105	0.867583293153394	19
20.4085348294915	0.834394385781467	19
20.424944298599	0.801143211296256	19
20.441340108333	0.767829769697754	19
20.4577222586936	0.734454060985967	19
20.4740907496806	0.701016085160889	19
20.4904455812942	0.667515842222521	19
20.5067867535343	0.633953332170868	19
20.523114266401	0.600328555005925	19
20.5394281198941	0.566641510727695	19
20.5557283140138	0.532892199336175	19
20.57201484876	0.499080620831365	19
20.5882877241327	0.465206775213269	19
20.6045469401319	0.431270662481884	19
20.6207924967576	0.397272282637211	19
20.6370243940099	0.363211635679251	19
20.6532426318887	0.329088721607997	19
20.669447210394	0.29490354042346	19
20.6856381295258	0.260656092125632	19
20.7018153892842	0.226346376714519	19
20.717978989669	0.191974394190115	19
20.7341289306804	0.157540144552419	19
20.7502652123183	0.123043627801438	19
20.7663878345828	0.088484843937171	19
20.7824967974737	0.0538637929596124	19
20.7985921009912	0.0191804748687678	19
20.8146737451351	-0.0155651103353698	19
20.8307417299057	-0.0503729626527925	19
20.8467960553027	-0.0852430820835037	19
20.8628367213262	-0.120175468627504	19
20.8788637279763	-0.15517012228479	19
20.8948770752529	-0.190227043055371	19
20.910876763156	-0.225346230939235	19
20.9268627916856	-0.260527685936388	19
20.9428351608417	-0.295771408046829	19
20.9587938706244	-0.33107739727056	19
20.9747389210336	-0.366445653607582	19
20.9906703120693	-0.401876177057888	19
21.0065880437315	-0.437368967621484	19
21.0224921160203	-0.472924025298367	19
21.0383825289355	-0.508541350088541	19
21.0542592824773	-0.544220941992004	19
21.0701223766456	-0.579962801008753	19
21.0859718114404	-0.61576692713879	19
21.1018075868618	-0.651633320382116	19
21.1176297029096	-0.68756198073873	19
21.133438159584	-0.723552908208637	19
21.1492329568849	-0.759606102791827	19
21.1650140948124	-0.795721564488307	19
21.1807815733663	-0.831899293298076	19
21.1965353925468	-0.868139289221135	19
21.2122755523537	-0.90444155225748	19
21.2280020527872	-0.940806082407113	19
21.2437148938473	-0.977232879670035	19
21.2594140755338	-1.01372194404625	19
21.2750995978469	-1.05027327553575	19
21.2907714607865	-1.08688687413854	19
21.3064296643526	-1.12356273985461	19
21.3220742085452	-1.16030087268397	19
21.3377050933643	-1.19710127262663	19
21.35332231881	-1.23396393968257	19
21.3689258848822	-1.2708888738518	19
21.3845157915809	-1.30787607513432	19
21.4000920389061	-1.34492554353012	19
21.4156546268578	-1.38203727903922	19
21.4312035554361	-1.41921128166161	19
21.4467388246409	-1.45644755139728	19
21.4622604344722	-1.49374608824624	19
21.47776838493	-1.53110689220849	19
21.4932626760143	-1.56852996328402	19
21.5087433077252	-1.60601530147285	19
21.5242102800626	-1.64356290677496	19
21.5396635930265	-1.68117277919037	19
21.5551032466169	-1.71884491871906	19
21.5705292408338	-1.75657932536104	19
21.5859415756773	-1.79437599911631	19
21.6013402511473	-1.83223493998486	19
21.6167252672438	-1.87015614796671	19
21.6320966239668	-1.90813962306184	19
21.6474543213163	-1.94618536527026	19
21.6627983592924	-1.98429337459197	19
21.678128737895	-2.02246365102697	19
21.6934454571241	-2.06069619457526	19
21.7087485169797	-2.09899100523683	19
21.7240379174618	-2.1373480830117	19
21.7393136585705	-2.17576742789985	19
21.7545757403057	-2.21424903990129	19
21.7698241626674	-2.25279291901602	19
21.7850589256556	-2.29139906524404	19
21.8002800292703	-2.33006747858534	19
21.8154874735116	-2.36879815903994	19
21.8306812583794	-2.40759110660782	19
21.8458613838737	-2.44644632128899	19
21.8610278499945	-2.48536380308345	19
21.8761806567418	-2.5243435519912	19
21.8913198041157	-2.56338556801224	19
21.9064452921161	-2.60248985114657	19
21.921557120743	-2.64165640139418	19
21.9366552899964	-2.68088521875508	19
21.9517397998763	-2.72017630322927	19
21.9668106503828	-2.75952965481675	19
21.9818678415158	-2.79894527351752	19
21.9969113732753	-2.83842315933157	19
22.0119412456613	-2.87796331225892	19
22.0269574586738	-2.91756573229955	19
22.0419600123129	-2.95723041945347	19
22.0569489065785	-2.99695737372068	19
22.0719241414705	-3.03674659510118	19
22.0868857169892	-3.07659808359496	19
22.1018336331343	-3.11651183920204	19
22.116767889906	-3.1564878619224	19
22.1316884873041	-3.19652615175606	19
22.1465954253288	-3.236626708703	19
22.16148870398	-3.27678953276322	19
22.1763683232578	-3.31701462393674	19
22.191234283162	-3.35730198222355	19
22.2060865836928	-3.39765160762364	19
22.2209252248501	-3.43806350013702	19
22.2357502066339	-3.47853765976369	19
22.2505615290443	-3.51907408650366	19
22.2653591920811	-3.5596727803569	19
22.2801431957445	-3.60033374132344	19
22.2949135400344	-3.64105696940326	19
22.3096702249508	-3.68184246459637	19
22.3244132504937	-3.72269022690278	19
22.3391426166632	-3.76360025632247	19
22.3538583234592	-3.80457255285545	19
22.3685603708817	-3.84560711650171	19
22.3832487589307	-3.88670394726127	19
22.3979234876062	-3.92786304513411	19
22.4125845569083	-3.96908441012024	19
22.4272319668369	-4.01036804221966	19
22.441865717392	-4.05171394143237	19
22.4564858085736	-4.09312210775837	19
22.4710922403817	-4.13459254119766	19
22.4856850128164	-4.17612524175023	19
22.5002641258775	-4.21772020941609	19
22.5148295795652	-4.25937744419524	19
22.5293813738794	-4.30109694608768	19
22.5439195088202	-4.34287871509341	19
22.5584439843874	-4.38472275121243	19
22.5729548005812	-4.42662905444473	19
22.5767519316237	-4.43728213295113	19
22.5807491820229	-4.44786174896795	19
22.5849451315749	-4.458364143608	19
22.5893382894786	-4.46878558542046	19
22.593927094866	-4.47912237171669	19
22.5987099173564	-4.48937082988574	19
22.6036850576358	-4.49952731869921	19
22.6088507480604	-4.50958822960499	19
22.6142051532852	-4.51954998800934	19
22.6197463709153	-4.52940905454694	19
22.6254724321827	-4.53916192633839	19
22.6313813026448	-4.54880513823478	19
22.6374708829083	-4.55833526404884	19
22.6437390093743	-4.56774891777226	19
22.6501834550072	-4.57704275477868	19
22.6568019301262	-4.58621347301207	19
22.6635920832187	-4.59525781415991	19
22.6705515017755	-4.60417256481086	19
22.6776777131484	-4.61295455759646	19
22.6849681854284	-4.62160067231649	19
22.6924203283455	-4.63010783704755	19
22.7000314941886	-4.63847302923453	19
22.707798978747	-4.64669327676448	19
22.7157200222702	-4.65476565902258	19
22.7237918104492	-4.66268730792987	19
22.7320114754162	-4.6704554089622	19
22.7403760967632	-4.67806720215026	19
22.7488827025803	-4.68551998306019	19
22.7575282705107	-4.6928111037544	19
22.7663097288254	-4.69993797373244	19
22.7752239575142	-4.70689806085134	19
22.7842677893939	-4.71368889222528	19
22.7934380112341	-4.72030805510421	19
22.8027313648988	-4.72675319773109	19
22.8121445485036	-4.73302203017742	19
22.8216742175892	-4.73911232515688	19
22.8313169863095	-4.74502191881668	19
22.8410694286347	-4.75074871150632	19
22.8509280795686	-4.75629066852362	19
22.8608894363794	-4.76164582083765	19
22.8709499598443	-4.7668122657883	19
22.8811060755075	-4.77178816776226	19
22.8913541749492	-4.77657175884526	19
22.9016906170687	-4.78116133945017	19
22.9121117293771	-4.78555527892086	19
22.922613809303	-4.78975201611154	19
22.9331931255074	-4.79375005994148	19
22.9438459192095	-4.79754798992475	19
22.9545684055225	-4.80114445667491	19
22.965356774798	-4.80453818238444	19
22.9762071939799	-4.80772796127876	19
22.9871158079659	-4.81071266004461	19
22.9980787409773	-4.81349121823274	19
23.0090920979363	-4.81606264863466	19
23.0201519658495	-4.81842603763338	19
23.0312544151986	-4.82058054552805	19
23.0423955013362	-4.82252540683227	19
23.0535712658874	-4.82425993054608	19
23.0647777381563	-4.82578350040147	19
23.0760109365366	-4.82709557508132	19
23.0872668699265	-4.82819568841174	19
23.0985415391464	-4.82908344952771	19
23.1098309383601	-4.82975854301193	19
23.1211310564976	-4.83022072900689	19
23.132437878681	-4.83046984330012	19
23.1437473876501	-4.8305057973825	19
23.1550555651902	-4.8303285784797	19
23.1663583935596	-4.82993824955676	19
23.1776518569174	-4.82933494929569	19
23.1889319427496	-4.8285188920462	19
23.2001946432956	-4.82749036774954	19
23.2114359569715	-4.8262497418355	19
23.222651889792	-4.82479745509256	19
23.2338384567896	-4.82313402351129	19
23.2449916834303	-4.82126003810099	19
23.2561076070258	-4.81917616467978	19
23.2671822781415	-4.81688314363794	19
23.2782117619992	-4.81438178967494	19
23.2891921398761	-4.81167299150993	19
23.3001195104961	-4.80875771156601	19
23.3109899914164	-4.80563698562824	19
23.3217997204069	-4.80231192247571	19
23.3325448568225	-4.7987837034875	19
23.3432215829672	-4.79505358222304	19
23.3538261054512	-4.79112288397665	19
23.3643546565381	-4.78699300530669	19
23.3748034954838	-4.78266541353939	19
23.3851689098656	-4.7781416462475	19
23.3954472169011	-4.773423310704	19
23.4056347647568	-4.76851208331104	19
23.4157279338454	-4.76340970900433	19
23.4257231381121	-4.75811800063316	19
23.4356168263083	-4.75263883831632	19
23.4454054832537	-4.7469741687741	19
23.4550856310851	-4.7411260046366	19
23.4646538304921	-4.7350964237287	19
23.4741066819391	-4.72888756833178	19
23.4834408268728	-4.72250164442261	19
23.4926529489161	-4.71594092088954	19
23.5017397750458	-4.7092077287264	19
23.5106980767559	-4.70230446020431	19
23.5195246712045	-4.6952335680217	19
23.5282164223445	-4.68799756443289	19
23.5367702420382	-4.68059902035552	19
23.5451830911542	-4.67304056445704	19
23.5534519806472	-4.66532488222087	19
23.5615739726202	-4.65745471499215	19
23.5695461813681	-4.64943285900383	19
23.5773657744031	-4.64126216438315	19
23.5850299734611	-4.63294553413899	19
23.5925360554885	-4.62448592313049	19
23.5998813536102	-4.61588633701715	19
23.6070632580767	-4.60714983119096	19
23.6140792171917	-4.59827950969086	19
23.6209267382181	-4.58927852409983	19
23.6276033882645	-4.5801500724252	19
23.6341067951487	-4.57089739796237	19
23.6404346482414	-4.56152378814253	19
23.6465846992865	-4.55203257336461	19
23.6525547632001	-4.54242712581203	19
23.6583427188469	-4.53271085825457	19
23.6639465097938	-4.52288722283582	19
23.6693641450407	-4.51295970984667	19
23.6745936997274	-4.50293184648522	19
23.6796333158182	-4.49280719560358	19
23.6844812027613	-4.48258935444198	19
23.6891356381258	-4.47228195335074	19
23.6935949682128	-4.46188865450038	19
23.6978576086436	-4.45141315058051	19
23.7019220449223	-4.44085916348778	19
23.7057868329742	-4.43023044300356	19
23.7094505996583	-4.41953076546161	19
23.7129120432559	-4.40876393240643	19
23.7161699339325	-4.39793376924253	19
23.7192231141751	-4.38704412387531	19
23.7220704992033	-4.37609886534393	19
23.7247110773547	-4.36510188244661	19
23.7271439104445	-4.35405708235902	19
23.7293681340987	-4.34296838924605	19
23.7313829580611	-4.33183974286754	19
23.7331876664745	-4.32067509717858	19
23.7347816181345	-4.30947841892461	19
23.7361642467178	-4.29825368623209	19
23.7373350609829	-4.28700488719512	19
23.7382936449451	-4.27573601845842	19
23.7390396580241	-4.2644510837974	19
23.739572835165	-4.25315409269561	19
23.7398929869324	-4.2418490589202	19
23.7399999995782	-4.23053999909583	19
23.739893835081	-4.21923093127761	19
23.7395745311607	-4.20792587352349	19
23.7390422012644	-4.19662884246666	19
23.7382970345264	-4.18534385188846	19
23.7373392957009	-4.1740749112923	19
23.7361693250679	-4.16282602447913	19
23.7347875383125	-4.15160118812487	19
23.7331944263769	-4.14040439036041	19
23.7313905552861	-4.1292396093547	19
23.729376565947	-4.11811081190127	19
23.7271531739204	-4.10702195200885	19
23.724721169167	-4.09597696949657	19
23.7220814157663	-4.08497978859412	19
23.7192348516103	-4.07403431654751	19
23.7161824880696	-4.06314444223084	19
23.7129254096344	-4.0523140347646	19
23.7094647735293	-4.041546942141	19
23.7060462585858	-4.03151590508269	19
23.7027323924656	-4.0219286379207	19
23.6977678146435	-4.00756575273792	19
23.6940462324633	-3.99679896202494	19
23.6892933433104	-3.98304855234604	19
23.683348680409	-3.96585029981244	19
23.6760494630489	-3.94473329253399	19
23.6672330904292	-3.9192271464349	19
23.6567396355	-3.88886922106934	19
23.6444143388058	-3.85321183543717	19
23.6301101023275	-3.81182948379954	19
23.6136899833257	-3.76432605149462	19
23.5950296881826	-3.71034203075319	19
23.5740200662454	-3.64956173651437	19
23.5505696036683	-3.58172052224123	19
23.5246069172557	-3.50661199573654	19
23.4960832478046	-3.42409523351207	19
23.4649747580915	-3.33410142973827	19
23.4312832150621	-3.23663586859175	19
23.3950348452752	-3.13177460945491	19
23.3562788917731	-3.01966030795172	19
23.3150861690286	-2.90049803141705	19
23.2715476178915	-2.77455107436579	19
23.2257728605356	-2.64213677396205	19
23.1778887554055	-2.50362232548836	19
23.1280379521635	-2.35942059781482	19
23.0763774466361	-2.20998594886829	19
23.0230771357612	-2.05581004110163	19
22.9683183725346	-1.89741765696275	19
22.912292520957	-1.73536251436404	19
22.8551995109808	-1.57022308215119	19
22.7972463934568	-1.40259839557277	19
22.7386458950813	-1.23310387174905	19
22.6796149733424	-1.06236712514152	19
22.6203733714674	-0.891023783021753	19
22.5611421734648	-0.719713301323813	19
22.5021423613168	-0.549074789113593	19
22.4435933771522	-0.37974285301626	19
22.3857116872068	-0.212343448810159	19
22.3287093458434	-0.0474897332581401	19
22.2727925595715	0.114222084061236	19
22.2181602510675	0.272216888922499	19
22.1650026231946	0.425944810622038	19
22.1134997230224	0.574885370146899	19
22.063820005847	0.718551628343554	19
22.0161188992109	0.856494334086701	19
21.9705373669229	0.988306072448054	19
21.927200473078	1.11362541286504	19
21.8862159460771	1.2321410573098	19
21.8476727426474	1.34359598845766	19
21.8116396118617	1.44779161785624	19
21.7781636591586	1.54459193409395	19
21.7472689103624	1.63392765096905	19
21.7189548798779	1.71580034359233	19
21.6931955286795	1.79028545790059	19
21.6699401647334	1.85752970613179	19
21.6491157842365	1.91774429803478	19
21.6306295515169	1.97119777131728	19
21.6143712790771	2.01820882168321	19
21.6002159076365	2.05913913286975	19
21.588025986175	2.0943862066845	19
21.5776541519752	2.1243761930426	19
21.5689456106655	2.14955672000393	19
21.5617406162633	2.17038972381019	19
21.5558769512176	2.18734427892209	19
21.551192406452	2.20088942805647	19
21.5475272614077	2.21148701222346	19
21.5426436110929	2.22560782138498	19
21.5389378289921	2.23632287682664	19
21.5356047079413	2.24596040326182	19
21.5319989048273	2.25638633818231	19
21.5285856951253	2.26625420196514	19
21.524624412877	2.27770150447415	19
21.5213457839099	2.28716965799705	19
21.5174808267245	2.29832184764707	19
21.5141558146472	2.30790725236947	19
21.5104316869049	2.31863300312365	19
21.5062770123237	2.33058558709779	19
21.5016594147782	2.34385336941423	19
21.4983074425574	2.35347361619316	19
21.494724889367	2.36374540995445	19
21.4909015273365	2.37469603907401	19
21.4868269754965	2.38635301580942	19
21.4824907064906	2.39874404688619	19
21.4778820532871	2.41189700408414	19
21.4729902158908	2.42583989482374	19
21.4678042680542	2.44060083275239	19
21.4623131639897	2.45620800833083	19
21.456505745081	2.4726896594194	19
21.4503707465948	2.49007404186444	19
21.4438968043926	2.50838940008455	19
21.4405291525753	2.51790501112781	19
21.4370724616423	2.52766393765702	19
21.4335252861074	2.5376696939122	19
21.4298861755298	2.54792578790406	19
21.4261536747243	2.55843572049488	19
21.4223263239707	2.56920298447923	19
21.4184026592236	2.58023106366491	19
21.4143812123221	2.59152343195369	19
21.4102605111997	2.60308355242217	19
21.4060390800941	2.6149148764026	19
21.4017154397564	2.62702084256367	19
21.3972881076616	2.6394048759914	19
21.3927555982177	2.65207038726989	19
21.3881164229759	2.6650207715622	19
21.3833690908401	2.67825940769113	19
21.3785121082766	2.69178965722007	19
21.373543979524	2.70561486353382	19
21.3684632068028	2.71973835091939	19
21.3632682905253	2.73416342364687	19
21.3579577295052	2.74889336505018	19
21.3525300211674	2.76393143660799	19
21.3469836617577	2.77928087702445	19
21.3413171465526	2.79494490131007	19
21.3355289700689	2.81092669986251	19
21.3296176262738	2.82722943754743	19
21.323581608794	2.8438562527793	19
21.3174194111261	2.86081025660223	19
21.3111295268461	2.87809453177078	19
21.304710449819	2.89571213183078	19
21.2981606744085	2.91366608020018	19
21.2914786956872	2.93195936924986	19
21.2846630096457	2.95059495938442	19
21.277712113403	2.96957577812306	19
21.2706245054155	2.98890471918036	19
21.2633986856876	3.00858464154713	19
21.2560331559807	3.02861836857121	19
21.2485264200232	3.0490086870383	19
21.2408769837203	3.06975834625279	19
21.2330833553639	3.0908700571186	19
21.2251440458419	3.11234649121995	19
21.2170575688482	3.13419027990224	19
21.2088224410926	3.15640401335283	19
21.2004371825102	3.1789902396819	19
21.1919003164714	3.20195146400323	19
21.1832103699914	3.22529014751507	19
21.1743658739402	3.24900870658092	19
21.1653653632522	3.2731095118104	19
21.1562073771361	3.29759488714002	19
21.1468904592842	3.32246710891404	19
21.1374131580826	3.34772840496527	19
21.1277740268209	3.37338095369594	19
21.1179716239016	3.39942688315843	19
21.1080045130501	3.42586827013622	19
21.0978712635247	3.45270713922457	19
21.0875704503256	3.47994546191147	19
21.0771006544053	3.50758515565839	19
21.0664604628782	3.53562808298113	19
21.0556484692301	3.56407605053063	19
21.0446632735282	3.59293080817379	19
21.0335034826306	3.62219404807431	19
21.0221677103964	3.6518674037735	19
21.010654577895	3.68195244927113	19
20.9989627136163	3.71245069810619	19
20.9870907536799	3.74336360243778	19
20.9750373420454	3.7746925521259	19
20.9628011307217	3.80643887381227	19
20.950380779977	3.83860383000119	19
20.9377749585486	3.87118861814029	19
20.9249823438521	3.90419436970144	19
20.912001622192	3.9376221492615	19
20.8988314889706	3.9714729535832	19
20.8854706488984	4.0057477106959	19
20.8719178162034	4.0404472789765	19
20.858171714841	4.07557244623015	19
20.8442310787038	4.1111239287712	19
20.8300946518312	4.14710237050391	19
20.8157611886194	4.18350834200334	19
20.8012294540307	4.22034233959617	19
20.7864982238036	4.25760478444146	19
20.7715662846625	4.29529602161158	19
20.7564324345274	4.33341631917292	19
20.7410954827234	4.37196586726679	19
20.725554250191	4.41094477719023	19
20.709807569695	4.4503530804768	19
20.6938542860353	4.49019072797743	19
20.6776932562557	4.53045758894124	19
20.6613233498541	4.57115345009637	19
20.6447434489922	4.61227801473078	19
20.6279524487052	4.6538309017731	19
20.6109492571114	4.69581164487341	19
20.5937327956223	4.73821969148413	19
20.5763019991519	4.78105440194079	19
20.5586558163269	4.82431504854285	19
20.5407932096958	4.86800081463457	19
20.5227131559395	4.91211079368578	19
20.5044146460802	4.95664398837275	19
20.4858966856917	5.00159930965897	19
20.4671582951089	5.04697557587601	19
20.4481985096376	5.09277151180431	19
20.4290163797644	5.13898574775403	19
20.4096109713658	5.18561681864584	19
20.389981365919	5.23266316309181	19
20.3701266607107	5.28012312247613	19
20.3500459690472	5.32799494003604	19
20.3297384204642	5.37627675994259	19
20.3092031609366	5.42496662638144	19
20.2884393530878	5.47406248263377	19
20.2674461764001	5.52356217015702	19
20.2462228274238	5.57346342766577	19
20.2247685199874	5.62376389021251	19
20.2030824854072	5.67446108826851	19
20.1811639726968	5.72555244680462	19
20.1590122487773	5.7770352843721	19
20.1366265986867	5.82890681218344	19
20.1140063257895	5.88116413319316	19
20.0911507519872	5.9338042411787	19
20.0680592179269	5.98682401982115	19
20.0447310832121	6.04022024178621	19
20.0211657266037	6.09398956787978	19
19.9973625461337	6.14812854702916	19
19.9733209590933	6.20263361742974	19
19.9490404019948	6.25750110793789	19
19.9245203305334	6.31272723946697	19
19.899760219549	6.36830812638326	19
19.8747595629875	6.42423977790187	19
19.8495178738623	6.48051809948272	19
19.8240346842165	6.53713889422651	19
19.7983095450842	6.59409786427062	19
19.7723420264519	6.65139061218505	19
19.7461317172208	6.70901264236843	19
19.7196782251676	6.76695936244389	19
19.6929811769069	6.82522608465506	19
19.6660402178522	6.88380802726198	19
19.6388550121781	6.94270031593708	19
19.6114252427814	7.0018979851611	19
19.5837506112431	7.06139597961904	19
19.5558308377902	7.12118915559611	19
19.5276656612565	7.18127228237368	19
19.4992548390453	7.24164004362523	19
19.4705981470902	7.30228703881226	19
19.4416953798172	7.3632077845803	19
19.4125463501063	7.42439671615479	19
19.3831508892528	7.48584818873706	19
19.3535088469293	7.54755647890031	19
19.3236200911472	7.60951578598544	19
19.2934845082184	7.67172023349715	19
19.2631020027165	7.73416387049976	19
19.2324724974394	7.79684067301323	19
19.2015959333697	7.85974454540908	19
19.1704722696374	7.92286932180631	19
19.1391014834811	7.9862087674674	19
19.1074835702092	8.04975658019423	19
19.0756185431626	8.11350639172402	19
19.0435064336751	8.17745176912525	19
19.0111472910361	8.24158621619369	19
18.9785411824514	8.30590317484825	19
18.9456881930055	8.37039602652698	19
18.9125884256228	8.43505809358303	19
18.8792420010294	8.49988264068052	19
18.8456490577146	8.56486287619058	19
18.8118097518929	8.62999195358723	19
18.777724257465	8.69526297284335	19
18.7433927659801	8.76066898182664	19
18.7088154865972	8.82620297769552	19
18.6739926460466	8.89185790829514	19
18.6389244885919	8.95762667355325	19
18.6036112759914	9.02350212687623	19
18.5680532874597	9.08947707654497	19
18.5322508196295	9.15554428711084	19
18.496204186513	9.22169648079165	19
18.4599137194639	9.28792633886756	19
18.4233797671386	9.35422650307707	19
18.3866026954581	9.42058957701291	19
18.3495828875697	9.48700812751806	19
18.3123207438084	9.55347468608162	19
18.2748166816586	9.61998175023482	19
18.2370711357159	9.68652178494691	19
18.1990845576485	9.75308722402114	19
18.1608574161591	9.81967047149072	19
18.1223901969462	9.88626390301471	19
18.083683402666	9.95285986727403	19
18.044737552894	10.0194506873674	19
18.0055531840866	10.0860286622071	19
17.9661308495425	10.1525860679153	19
17.9264711193647	10.2191151592198	19
17.8865745804221	10.2856081708496	19
17.8464418363109	10.3520573189316	19
17.8060735073162	10.418454802386	19
17.7654702303741	10.4847928043224	19
17.7246326590328	10.5510634934358	19
17.6835614634146	10.6172590254023	19
17.6422573301771	10.6833715442754	19
17.6007209624754	10.7493931838819	19
17.5589530799235	10.8153160692174	19
17.5169544185556	10.8811323178429	19
17.4747257307882	10.9468340412802	19
17.4322677853817	11.0124133464082	19
17.3895813674016	11.0778623368585	19
17.3466672781805	11.1431731144119	19
17.3035263352799	11.2083377803936	19
17.2601593724512	11.27334843707	19
17.2165672395981	11.3381971890438	19
17.1727508027376	11.4028761446505	19
17.128710943962	11.4673774173542	19
17.0844485614004	11.5316931271435	19
17.0399645691804	11.5958154019275	19
16.9952598973896	11.6597363789318	19
16.9503354920375	11.7234482060941	19
16.9051923150168	11.7869430434608	19
16.8598313440652	11.8502130645822	19
16.8142535727271	11.9132504579091	19
16.7684600103152	11.9760474281883	19
16.722451681872	12.0385961978587	19
16.6762296281316	12.1008890084472	19
16.6297949054813	12.1629181219649	19
16.583148585923	12.2246758223026	19
16.5362917570352	12.2861544166271	19
16.4892255219345	12.3473462367771	19
16.4419509992372	12.4082436406589	19
16.3944693230206	12.4688390136426	19
16.3467816427856	12.529124769958	19
16.2988891234171	12.5890933540906	19
16.2507929451465	12.6487372421771	19
16.2024943035131	12.7080489434022	19
16.1539944093257	12.7670210013937	19
16.1052944886241	12.825645995619	19
16.056395782641	12.8839165427805	19
16.0072995477634	12.9418252982124	19
15.9580070554946	12.9993649572758	19
15.9085195924151	13.0565282567549	19
15.8588384601452	13.1133079762534	19
15.8089649753058	13.1696969395897	19
15.7589004694805	13.2256880161934	19
15.7086462891772	13.281274122501	19
15.6582037957895	13.336448223352	19
15.6075743655585	13.3912033333847	19
15.5567593895345	13.4455325184321	19
15.5057602735383	13.4994288969182	19
15.4545784381235	13.5528856412534	19
15.4032153185372	13.6058959792309	19
15.3516723646826	13.6584531954226	19
15.29995104108	13.7105506325747	19
15.2480528268285	13.7621816930039	19
15.1959792155678	13.8133398399935	19
15.14373171544	13.864018599189	19
15.0913118490506	13.9142115599944	19
15.038721153431	13.9639123769677	19
14.9859611799994	14.0131147712174	19
14.9330334945228	14.0618125317979	19
14.8799396770785	14.1099995171057	19
14.8266813220158	14.1576696562757	19
14.7732600379177	14.2048169505764	19
14.7196774475623	14.2514354748064	19
14.6659351878847	14.2975193786901	19
14.6120349099385	14.3430628882738	19
14.5579782788574	14.3880603073216	19
14.503766973817	14.4325060187113	19
14.4494026879962	14.4763944858304	19
14.394887128539	14.5197202539718	19
14.3402220165161	14.5624779517301	19
14.2854090868864	14.6046622923977	19
14.230450088459	14.6462680753599	19
14.1753467838545	14.6872901874917	19
14.1201009494665	14.7277236045535	19
14.0647143754237	14.7675633925869	19
14.0091888655512	14.8068047093107	19
13.9535262373324	14.8454428055169	19
13.8977283218701	14.8834730264667	19
13.8417969638487	14.9208908132862	19
13.7857340214958	14.9576917043626	19
13.7295413665433	14.9938713367403	19
13.6732208841897	15.0294254475161	19
13.6167744730613	15.0643498752362	19
13.5602040451738	15.0986405612913	19
13.5035115258944	15.1322935513129	19
13.446698853903	15.1653049965691	19
13.3897679811539	15.1976711553608	19
13.3327208728375	15.2293883944174	19
13.2755595073421	15.2604531902928	19
13.2182858762151	15.2908621307616	19
13.1609019841252	15.3206119162145	19
13.1034098488234	15.3496993610547	19
13.0458115011052	15.3781213950938	19
12.9881089847719	15.4058750649475	19
12.9303043565925	15.4329575354319	19
12.8723996862649	15.4593660909592	19
12.814397056378	15.4850981369334	19
12.7562985623731	15.5101512011471	19
12.6981063125054	15.5345229351763	19
12.639822427806	15.5582111157774	19
12.5814490420434	15.5812136462824	19
12.5229883016848	15.6035285579953	19
12.4644423658583	15.6251540115877	19
12.4058134063139	15.6460882984951	19
12.3471036073858	15.6663298423126	19
12.2883151659535	15.6858772001908	19
12.2294502914037	15.704729064232	19
12.1705112055919	15.722884262886	19
12.111500142804	15.740341762346	19
12.0524193497169	15.7571006679315	19
11.9932710853195	15.7731602250026	19
11.9340576207122	15.7885198184189	19
11.8747812388479	15.8031789713034	19
11.8154442342696	15.8171373437693	19
11.7560489128483	15.8303947316468	19
11.6965975915209	15.8429510652103	19
11.6370925980281	15.8548064079051	19
11.5775362706522	15.8659609550745	19
11.517930957955	15.8764150326871	19
11.4582790185154	15.886169096063	19
11.3985828206676	15.8952237286016	19
11.338844742239	15.9035796405081	19
11.2790671702874	15.9112376675203	19
11.2192525008398	15.9181987696362	19
11.1594031386295	15.9244640298405	19
11.0995214968341	15.9300346528314	19
11.0396099968137	15.9349119637481	19
10.9796710678485	15.9390974068974	19
10.9197071468765	15.9425925444809	19
10.8597206782317	15.9453990553216	19
10.7997141133817	15.9475187335914	19
10.7396899106656	15.9489534875374	19
10.6796505350318	15.9497053382096	19
10.6195984577762	15.9497764181872	19
10.5595361562795	15.9491689703062	19
10.4994661137454	15.9478853463859	19
10.4393908189384	15.9459280059558	19
10.3793127659218	15.943299514983	19
10.3192344537951	15.9400025445991	19
10.2591583864323	15.9360398698266	19
10.1990870722195	15.9314143683067	19
10.139023023793	15.9261290190256	19
10.0789687577768	15.9201869010418	19
10.0189267945208	15.913591192213	19
9.95889965783834	15.906345167923	19
9.89888987474437	15.8984521998088	19
9.83889997519305	15.8899157544875	19
9.77893249181567	15.8807393922832	19
9.71898995965857	15.870926765954	19
9.65907491592091	15.860481619419	19
9.59918989969259	15.8494077864855	19
9.53933745169202	15.8377091895754	19
9.47952011400405	15.8253898384528	19
9.41974042981779	15.8124538289503	19
9.36000094316443	15.7989053416968	19
9.30030419865516	15.7847486408436	19
9.24065274121897	15.7699880727921	19
9.18104911584051	15.7546280649201	19
9.12149586729794	15.7386731243094	19
9.06199553990082	15.7221278364724	19
9.0025506772279	15.7049968640791	19
8.94316382186501	15.6872849456842	19
8.88383751514291	15.6689968944538	19
8.82457429687513	15.6501375968927	19
8.76537670509583	15.6307120115713	19
8.70624727579765	15.6107251678523	19
8.64718854266955	15.5901821646179	19
8.5882030368347	15.5690881689969	19
8.52929328658826	15.5474484150912	19
8.47046181713531	15.5252682027033	19
8.41171115032865	15.5025528960629	19
8.35304380440667	15.4793079225541	19
8.29446229373121	15.4555387714422	19
8.2359691285254	15.4312509926007	19
8.17756681461149	15.4064501952383	19
8.11925785314876	15.381142046626	19
8.0610447403713	15.3553322708238	19
8.00292996732593	15.3290266474078	19
7.94491601961001	15.3022310101973	19
7.88700537710928	15.2749512459816	19
7.82920051373576	15.2471932932468	19
7.77150389716557	15.2189631409032	19
7.71391798857677	15.1902668270122	19
7.65644524238724	15.1611104375126	19
7.59908810599252	15.1315001049486	19
7.54184901950367	15.101442007196	19
7.48473041548508	15.0709423661894	19
7.42773471869238	15.0400074466493	19
7.37086434581027	15.0086435548089	19
7.31412170519035	14.9768570371411	19
7.257509196589	14.9446542790855	19
7.20102921090522	14.9120417037754	19
7.14468412991846	14.8790257707646	19
7.08847632602654	14.8456129747548	19
7.03240816198341	14.8118098443218	19
6.97648199063708	14.7776229406434	19
6.92070015466741	14.7430588562255	19
6.865064986324	14.7081242136298	19
6.80957880716405	14.6728256642002	19
6.75424392779018	14.6371698867902	19
6.69906264758828	14.6011635864894	19
6.64403725446541	14.564813493351	19
6.58917002458757	14.5281263611183	19
6.53446322211767	14.4911089659522	19
6.47991909895324	14.4537681051574	19
6.42553989446439	14.4161105959102	19
6.37132783523162	14.3781432739848	19
6.31728513478368	14.3398729924808	19
6.26341399333541	14.3013066205496	19
6.2097165975256	14.262451042122	19
6.15619512015484	14.2233131546348	19
6.10285171992339	14.1838998677575	19
6.04968854116898	14.14421810212	19
5.99670771360473	14.104274788039	19
5.94391135205695	14.0640768642451	19
5.89130155620302	14.0236312766097	19
5.83888041030921	13.9829449768722	19
5.78664998296858	13.9420249213669	19
5.73461232683879	13.9008780697497	19
5.68276947837996	13.8595113837253	19
5.63112345759254	13.8179318257744	19
5.57967626775513	13.77614635788	19
5.52842989516237	13.734161940255	19
5.47738630886277	13.691985530069	19
5.42654746039656	13.649624080175	19
5.37591528353354	13.6070845378367	19
5.32549169401094	13.5643738434554	19
5.27527858927128	13.5214989292967	19
5.22527784820018	13.4784667182179	19
5.17549133086427	13.4352841223946	19
5.12592087824902	13.391958042048	19
5.07656831199655	13.3484953641714	19
5.02743543414355	13.3049029612577	19
4.97852402685907	13.261187690026	19
4.92983585218243	13.2173563901487	19
4.88137265176103	13.1734158829785	19
4.83313614658818	13.1293729702753	19
4.78512803674105	13.0852344329331	19
4.7373500011184	13.0410070297072	19
4.68980369717852	12.9966974959409	19
4.64249076067703	12.9523125422928	19
4.59541280540475	12.9078588534634	19
4.54857142292558	12.8633430869221	19
4.5019681823143	12.8187718716346	19
4.45560462989445	12.7741518067894	19
4.40948228897618	12.729489460525	19
4.3636026595941	12.6847913686567	19
4.31796721824513	12.6400640334038	19
4.27257741762634	12.5953139221163	19
4.22743468637285	12.5505474660022	19
4.1825404287956	12.505771058854	19
4.13789602461928	12.4609910557763	19
4.09350282872014	12.4162137719122	19
4.04936217086384	12.3714454811704	19
4.00547535544333	12.3266924149523	19
3.96184366121667	12.2819607608792	19
3.91846834104489	12.2372566615186	19
3.87535062162987	12.1925862131117	19
3.83249170325215	12.1479554643003	19
3.78989275950881	12.1033704148536	19
3.7475549370513	12.0588370143953	19
3.70547935532332	12.0143611611304	19
3.66366710629863	11.9699487005726	19
3.62211925421895	11.9256054242705	19
3.58083683533179	11.8813370685355	19
3.53982085762827	11.837149313168	19
3.49907230058104	11.7930477801848	19
3.45859211488207	11.7490380325458	19
3.41838122218052	11.7051255728813	19
3.37844051482062	11.6613158422186	19
3.33877085557947	11.6176142187092	19
3.29937307740495	11.5740260163558	19
3.2602479831535	11.5305564837389	19
3.22139634532805	11.4872108027444	19
3.18281890581583	11.44399408729	19
3.1445163756262	11.4009113820524	19
3.10648943462856	11.3579676611942	19
3.06873873129014	11.3151678270911	19
3.03126488241391	11.2725167090585	19
2.99406847287637	11.2300190620787	19
2.95715005536547	11.1876795655278	19
2.92051015011839	11.1455028219029	19
2.88414924465945	11.1034933555485	19
2.84806779353794	11.0616556113841	19
2.81226621806595	11.0199939536307	19
2.77674490605627	10.9785126645381	19
2.74150421156018	10.9372159431118	19
2.70654445460538	10.8961079038396	19
2.67186592093375	10.8551925754191	19
2.63746886173928	10.8144738994845	19
2.60335349340601	10.7739557293337	19
2.56951999727926	10.7336418287691	19
2.53596851968266	10.6935358717732	19
2.50269917218876	10.6536414430466	19
2.46971203192691	10.6139620386722	19
2.43700714189132	10.5745010667806	19
2.40458451124906	10.5352618482145	19
2.37244411564813	10.4962476171943	19
2.34058589752546	10.4574615219827	19
2.30900976641498	10.4189066255497	19
2.27771559925564	10.3805859062378	19
2.24670324069945	10.3425022584269	19
2.21597250341951	10.304658493199	19
2.18552316841804	10.2670573390037	19
2.15535498533445	10.2297014423229	19
2.12546767275334	10.1925933683356	19
2.09586091851253	10.1557356015833	19
2.06653438001116	10.1191305466348	19
2.03748768451764	10.0827805287509	19
2.00872042947774	10.0466877945501	19
1.98023218282263	10.0108545126727	19
1.95202248327687	9.97528277444653	19
1.9240908406665	9.9399745945515	19
1.89643673622704	9.90493191168477	19
1.86905962291154	9.87015658922568	19
1.84195892569861	9.83565041590077	19
1.81513404190048	9.80141510644871	19
1.78858434147098	9.76745230228536	19
1.76230916731366	9.73376357216869	19
1.73630783558974	9.70035041286383	19
1.71057963602619	9.66721424980798	19
1.68512383222378	9.63435643777549	19
1.65993966196509	9.60177826154275	19
1.63502633752254	9.56948093655325	19
1.61038304596646	9.53746560958256	19
1.58600894947308	9.50573335940324	19
1.56190318563262	9.47428519744995	19
1.53806486775727	9.44312206848433	19
1.51449308518929	9.41224485126004	19
1.49118690360898	9.38165435918774	19
1.46814536534274	9.35135134100006	19
1.44536748967116	9.32133648141663	19
1.42285227313694	9.291610401809	19
1.40059868985306	9.26217366086567	19
1.37860569181072	9.23302675525709	19
1.3568722091874	9.20417012030062	19
1.33539715065491	9.17560413062549	19
1.31417940368743	9.14732910083788	19
1.29321783486954	9.1193452861858	19
1.27251129020422	9.09165288322414	19
1.25205859542095	9.06425203047965	19
1.23185855628369	9.0371428091159	19
1.21190995889897	9.0103252435983	19
1.19221157002387	8.98379930235907	19
1.17276213737409	8.95756489846221	19
1.15356038993198	8.93162189026853	19
1.13460503825458	8.90597008210061	19
1.11589477478165	8.88060922490777	19
1.09742827414369	8.8555390169311	19
1.07920419347001	8.83075910436841	19
1.06122117269675	8.80626908203921	19
1.04347783487491	8.78206849404977	19
1.02597278647839	8.758156834458	19
1.00870461771204	8.73453354793852	19
0.991671902819661	8.71119803044761	19
0.974873200392091	8.6881496298882	19
0.958307053675197	8.66538764677487	19
0.941971990877933	8.64291133489882	19
0.925866525480371	8.62071990199288	19
0.90998915654174	8.59881251039645	19
0.894338369008458	8.57718827772056	19
0.878912634022171	8.55584627751277	19
0.863710409227787	8.53478553992225	19
0.848730139081513	8.51400505236468	19
0.833970255158896	8.4935037601873	19
0.81942917646285	8.47328056733387	19
0.805105309731698	8.45333433700965	19
0.790997049747208	8.4336638923464	19
0.777102779642626	8.41426801706737	19
0.763420871210717	8.39514545615227	19
0.749949685211798	8.37629491650228	19
0.736687571681772	8.35771506760502	19
0.72363287024017	8.33940454219953	19
0.710783910398181	8.32136193694128	19
0.698139011866695	8.30358581306715	19
0.685696484864331	8.2860746970604	19
0.673454630425478	8.26882708131567	19
0.661411740708334	8.25184142480398	19
0.649566099302936	8.23511615373767	19
0.637915981539198	8.21864966223546	19
0.626459654794949	8.20244031298735	19
0.615195378803969	8.18648643791972	19
0.604121405964023	8.17078633886017	19
0.593235981644898	8.15533828820265	19
0.582537344496442	8.14014052957235	19
0.572023726756595	8.12519127849073	19
0.561693354559429	8.1104887230405	19
0.551544448243183	8.09603102453061	19
0.5415752226583	8.08181631816121	19
0.53178388747546	8.06784271368869	19
0.52216864749362	8.05410829609059	19
0.51272770294805	8.04061112623067	19
0.503459249818364	8.02734924152385	19
0.494361480136565	8.01432065660121	19
0.485432582295071	8.00152336397495	19
0.476670741354759	7.98895533470342	19
0.468074139352998	7.97661451905608	19
0.459640955611684	7.96449884717849	19
0.451369367045282	7.95260622975731	19
0.443257548468853	7.94093455868527	19
0.435303672906096	7.92948170772616	19
0.427505911897385	7.91824553317982	19
0.419862435807802	7.90722387454714	19
0.412371414135175	7.89641455519502	19
0.405031015818113	7.88581538302139	19
0.397839409544042	7.87542415112014	19
0.390794764057243	7.8652386384462	19
0.383895248466888	7.85525661048042	19
0.377139032555072	7.84547581989465	19
0.370524287084856	7.83589400721665	19
0.364049184108297	7.82650890149514	19
0.357711897274488	7.81731822096473	19
0.351510602137591	7.80831967371097	19
0.345443476464877	7.79951095833529	19
0.339508700544758	7.79088976461999	19
0.333704457494828	7.78245377419325	19
0.328028933569894	7.77420066119409	19
0.317056805648539	7.75823373057882	19
0.306577881268835	7.74297024137299	19
0.296577794828686	7.72839138490821	19
0.287042260492911	7.7144782965285	19
0.277957082050404	7.70121207686986	19
0.269308162771286	7.68857381313983	19
0.261081515264067	7.67654460039712	19
0.253263271332802	7.66510556283114	19
0.245839691834244	7.65423787504159	19
0.238797176535005	7.64392278331807	19
0.23212227396871	7.63414162691963	19
0.225801691293157	7.62487585935436	19
0.219822304147469	7.61610706965896	19
0.214171166509256	7.60781700367835	19
0.206282074017969	7.59624002420805	19
0.199060672493123	7.58563940546846	19
0.192465827695979	7.57595617514582	19
0.186457557735658	7.56713269340724	19
0.179292183553903	7.55660863108769	19
0.173012634156774	7.54738495364662	19
0.166281676148966	7.53749799049557	19
0.160651081251969	7.52922730416695	19
0.154351278412132	7.51997362947223	19
0.148467504528295	7.51133105273094	19
0.142669619920094	7.50281463730559	19
