-27.9486717499614	6.98519799894939	39
-27.9567075774212	6.97915739499358	39
-27.9646668639357	6.97301628945011	39
-27.9725483526412	6.96677565207074	39
-27.9803507989592	6.96043646832444	39
-27.9880729707931	6.95399973924182	39
-27.9957136487224	6.94746648125703	39
-28.0032716261955	6.94083772604722	39
-28.0107457097202	6.93411452036969	39
-28.0181347190519	6.92729792589656	39
-28.0254374873805	6.92038901904711	39
-28.0326528615142	6.91338889081783	39
-28.0397797020617	6.90629864661011	39
-28.0468168836124	6.8991194060557	39
-28.0537632949137	6.89185230283991	39
-28.0606178390467	6.88449848452259	39
-28.0673794335994	6.87705911235689	39
-28.0740470108377	6.86953536110591	39
-28.0806195178738	6.86192841885721	39
-28.0870959168328	6.85423948683513	39
-28.093475185016	6.84646977921119	39
-28.0997563150632	6.83862052291228	39
-28.105938315111	6.83069295742697	39
-28.1120202089501	6.82268833460974	39
-28.1180010361788	6.81460791848333	39
-28.1238798523552	6.80645298503912	39
-28.129655729146	6.79822482203564	39
-28.1353277544735	6.78992472879519	39
-28.140895032659	6.78155401599874	39
-28.1463566845647	6.77311400547885	39
-28.1517118477326	6.76460603001104	39
-28.1569596765203	6.75603143310326	39
-28.1620993422347	6.74739156878376	39
-28.1671300332631	6.73868780138727	39
-28.172050955201	6.72992150533956	39
-28.1768613309779	6.7210940649404	39
-28.1815604009796	6.71220687414496	39
-28.1861474231684	6.70326133634369	39
-28.1906216732006	6.6942588641407	39
-28.1949824445399	6.68520087913073	39
-28.1992290485703	6.6760888116746	39
-28.2033608147035	6.6669241006734	39
-28.2073770904859	6.65770819334123	39
-28.2112772417009	6.6484425449767	39
-28.2150606524696	6.63912861873309	39
-28.2187267253473	6.62976788538733	39
-28.2222748814188	6.62036182310773	39
-28.225704560389	6.61091191722056	39
-28.229015220672	6.6014196599755	39
-28.232206339476	6.59188655031002	39
-28.2352774128864	6.58231409361264	39
-28.2382279559451	6.57270380148524	39
-28.2410575027272	6.56305719150435	39
-28.2437656064144	6.55337578698151	39
-28.2463518393657	6.54366111672274	39
-28.2488157931851	6.53391471478708	39
-28.2511570787856	6.52413812024438	39
-28.253375326451	6.51433287693225	39
-28.2554701858944	6.50450053321227	39
-28.2574413263132	6.49464264172551	39
-28.2592884364415	6.4847607591473	39
-28.2610112245991	6.47485644594146	39
-28.2626094187378	6.46493126611385	39
-28.2640827664842	6.45498678696543	39
-28.2654310351798	6.44502457884474	39
-28.2666540119171	6.43504621489992	39
-28.267751503574	6.42505327083031	39
-28.2687233368439	6.41504732463762	39
-28.2695693582629	6.40502995637675	39
-28.2702894342346	6.39500274790627	39
-28.2708834510506	6.38496728263865	39
-28.2713513149086	6.37492514529017	39
-28.2716929519277	6.36487792163074	39
-28.2719083081593	6.35482719823345	39
-28.2719973495963	6.34477456222403	39
-28.2719600621779	6.33472160103024	39
-28.2717964517922	6.3246699021312	39
-28.2715065442752	6.31462105280668	39
-28.2710903854068	6.30457663988647	39
-28.2705480409031	6.29453824949982	39
-28.2698795964067	6.28450746682495	39
-28.2690851574728	6.2744858758387	39
-28.2681648495523	6.26447505906649	39
-28.2671188179727	6.25447659733231	39
-28.2659472279144	6.24449206950919	39
-28.2646502643851	6.23452305226981	39
-28.2632281321904	6.22457111983756	39
-28.2616810559013	6.21463784373794	39
-28.2600092798193	6.20472479255039	39
-28.2582130679371	6.19483353166062	39
-28.2562927038974	6.18496562301337	39
-28.254248490948	6.17512262486582	39
-28.2520807518937	6.16530609154148	39
-28.2497898290457	6.15551757318476	39
-28.2473760841672	6.14575861551617	39
-28.2448398984167	6.13603075958827	39
-28.2421816722871	6.12633554154227	39
-28.2394018255433	6.1166744923655	39
-28.2365007971552	6.10704913764961	39
-28.2334790452288	6.09746099734969	39
-28.2303370469339	6.08791158554424	39
-28.2270752984283	6.07840241019609	39
-28.22369431478	6.06893497291427	39
-28.2201946298855	6.05951076871687	39
-28.2165767963855	6.05013128579497	39
-28.2128413855781	6.04079800527767	39
-28.2089889873277	6.03151240099814	39
-28.2050202099728	6.02227593926096	39
-28.2009356802292	6.0130900786105	39
-28.1967360430917	6.00395626960064	39
-28.1924219617316	5.99487595456572	39
-28.1879941173923	5.98585056739272	39
-28.1834532092818	5.97688153329492	39
-28.1787999544622	5.96797026858677	39
-28.1740350877362	5.95911818046027	39
-28.1691593615317	5.95032666676276	39
-28.1641735457822	5.94159711577615	39
-28.1590784278059	5.93293090599776	39
-28.153874812181	5.92432940592255	39
-28.1485635206187	5.91579397382712	39
-28.1431453918336	5.90732595755512	39
-28.1376212814109	5.8989266943045	39
-28.1319920616717	5.89059751041628	39
-28.1262586215352	5.88233972116517	39
-28.1204218663779	5.87415463055181	39
-28.1144827178911	5.86604353109689	39
-28.1084421139353	5.85800770363704	39
-28.1023010083918	5.85004841712258	39
-28.0960603710124	5.8421669284171	39
-28.0897211872662	5.83436448209905	39
-28.0832844581835	5.82664231026514	39
-28.0767512001987	5.81900163233584	39
-28.0701224449889	5.81144365486274	39
-28.0633992393114	5.80396957133812	39
-28.0565826448383	5.7965805620064	39
-28.0496737379888	5.78927779367781	39
-28.0426736097595	5.78206241954413	39
-28.0355833655518	5.77493557899658	39
-28.0284041249974	5.76789839744589	39
-28.0211370217816	5.76095198614462	39
-28.0137832034643	5.75409744201163	39
-28.0063438312986	5.74733584745889	39
-27.9988200800476	5.74066827022058	39
-27.9912131377989	5.73409576318443	39
-27.9835242057768	5.7276193642255	39
-27.9757544981529	5.72124009604225	39
-27.967905241854	5.71495896599508	39
-27.9599776763687	5.70877696594725	39
-27.9519730535515	5.70269507210821	39
-27.943892637425	5.69671424487952	39
-27.9357377039808	5.69083542870313	39
-27.9275095409774	5.68505955191225	39
-27.9192094477369	5.67938752658479	39
-27.9108387349405	5.6738202483993	39
-27.9023987244206	5.66835859649355	39
-27.8938907489528	5.66300343332568	39
-27.885316152045	5.65775560453803	39
-27.8766762877255	5.65261593882361	39
-27.867972520329	5.64758524779522	39
-27.8592062242813	5.64266432585728	39
-27.8503787838821	5.63785395008042	39
-27.8414915930867	5.63315488007873	39
-27.8325460552854	5.62856785788984	39
-27.8235435830824	5.62409360785772	39
-27.8144855980724	5.61973283651834	39
-27.8053735306163	5.61548623248802	39
-27.7962088196151	5.61135446635478	39
-27.7869929122829	5.60733819057238	39
-27.7777272639184	5.60343803935734	39
-27.7684133376748	5.59965462858873	39
-27.759052604329	5.59598855571098	39
-27.7496465420494	5.59244039963949	39
-27.7401966361623	5.58901072066924	39
-27.7307043789172	5.5857000603863	39
-27.7211712692517	5.5825089415823	39
-27.7115988125544	5.57943786817189	39
-27.701988520427	5.57648732511317	39
-27.6923419104461	5.5736577783311	39
-27.6826605059232	5.5709496746439	39
-27.6729458356645	5.56836344169254	39
-27.6631994337288	5.56589948787319	39
-27.6534228391861	5.56355820227272	39
-27.643617595874	5.56133995460726	39
-27.633785252154	5.55924509516384	39
-27.6239273606672	5.55727395474505	39
-27.614045478089	5.55542684461681	39
-27.6041411648832	5.55370405645922	39
-27.5942159850556	5.5521058623205	39
-27.5842715059071	5.55063251457404	39
-27.5743092977865	5.54928424587851	39
-27.5643309338416	5.54806126914119	39
-27.554337989772	5.54696377748427	39
-27.5443320435793	5.54599194421441	39
-27.5343146753185	5.54514592279535	39
-27.524287466848	5.54442584682367	39
-27.5142520015804	5.54383183000772	39
-27.5042098642319	5.54336396614965	39
-27.4941626405725	5.54302232913057	39
-27.4841119171752	5.54280697289894	39
-27.4740592811657	5.542717931462	39
-27.464006319972	5.54275521888042	39
-27.4539546210729	5.54291882926609	39
-27.4439057717484	5.54320873678304	39
-27.4338613588282	5.5436248956515	39
-27.4238229684415	5.54416724015516	39
-27.4137921857667	5.54483568465155	39
-27.4037705947804	5.54563012358552	39
-27.3937597780082	5.54655043150596	39
-27.383761316274	5.54759646308558	39
-27.3737767884509	5.54876805314387	39
-27.3638077712115	5.55006501667317	39
-27.3538558387793	5.55148714886792	39
-27.3439225626797	5.55303422515695	39
-27.3340095114921	5.55470600123897	39
-27.3241182506023	5.55650221312117	39
-27.3142503419551	5.55842257716087	39
-27.3044073438075	5.56046679011033	39
-27.2945908104832	5.56263452916462	39
-27.2848022921265	5.56492545201261	39
-27.2750433344579	5.56733919689104	39
-27.26531547853	5.5698753826416	39
-27.255620260484	5.57253360877116	39
-27.2459592113072	5.57531345551501	39
-27.2224688529649	5.58228197468285	39
-27.2011200075825	5.58857897785037	39
-27.1797705691342	5.59483868133501	39
-27.1584205376202	5.60106108513675	39
-27.1370699130403	5.60724618925562	39
-27.1157186953946	5.61339399369159	39
-27.0943668846832	5.61950449844469	39
-27.0730144809059	5.62557770351489	39
-27.0516614840628	5.63161360890221	39
-27.0303078941539	5.63761221460664	39
-27.0089537111792	5.64357352062819	39
-26.9875989351387	5.64949752696685	39
-26.9662435660324	5.65538423362262	39
-26.9448876038603	5.66123364059551	39
-26.9235310486224	5.66704574788551	39
-26.9021739003187	5.67282055549263	39
-26.8808161589491	5.67855806341685	39
-26.8594578245138	5.6842582716582	39
-26.8380988970127	5.68992118021666	39
-26.8167393764457	5.69554678909223	39
-26.795379262813	5.70113509828492	39
-26.7740185561144	5.70668610779471	39
-26.7526572563501	5.71219981762163	39
-26.7312953635199	5.71767622776565	39
-26.7099328776239	5.72311533822679	39
-26.6885697986621	5.72851714900505	39
-26.6672061266346	5.73388166010042	39
-26.6458418615412	5.7392088715129	39
-26.624477003382	5.7444987832425	39
-26.603111552157	5.74975139528921	39
-26.5817455078662	5.75496670765304	39
-26.5603788705096	5.76014472033397	39
-26.5390116400871	5.76528543333203	39
-26.5176438165989	5.77038884664719	39
-26.4962754000449	5.77545496027948	39
-26.4749063904251	5.78048377422887	39
-26.4535367877394	5.78547528849538	39
-26.432166591988	5.790429503079	39
-26.4107958031707	5.79534641797974	39
-26.3894244212877	5.80022603319759	39
-26.3680524463388	5.80506834873255	39
-26.3466798783242	5.80987336458463	39
-26.3253067172437	5.81464108075382	39
-26.3039329630974	5.81937149724013	39
-26.2825586158853	5.82406461404355	39
-26.2611836756074	5.82872043116408	39
-26.2398081422638	5.83333894860173	39
-26.2184320158543	5.83792016635649	39
-26.197055296379	5.84246408442837	39
-26.1756779838378	5.84697070281736	39
-26.1543000782309	5.85144002152346	39
-26.1329215795582	5.85587204054668	39
-26.1115424878197	5.86026675988701	39
-26.0901628030153	5.86462417954446	39
-26.0687825251452	5.86894429951902	39
-26.0474016542093	5.87322711981069	39
-26.0260201902075	5.87747264041948	39
-26.00463813314	5.88168086134538	39
-25.9832554830066	5.88585178258839	39
-25.9618722398074	5.88998540414853	39
-25.9404884035425	5.89408172602577	39
-25.9191039742117	5.89814074822013	39
-25.8977189518151	5.9021624707316	39
-25.8763333363527	5.90614689356018	39
-25.8549471278245	5.91009401670588	39
-25.8335603262305	5.9140038401687	39
-25.8121729315707	5.91787636394862	39
-25.7907849438451	5.92171158804566	39
-25.7693963630537	5.92550951245982	39
-25.7480071891965	5.92927013719109	39
-25.7266174222735	5.93299346223947	39
-25.7052270622846	5.93667948760496	39
-25.68383610923	5.94032821328758	39
-25.6624445631096	5.9439396392873	39
-25.6410524239233	5.94751376560414	39
-25.6196596916713	5.95105059223809	39
-25.5982663663534	5.95455011918916	39
-25.5768724479697	5.95801234645734	39
-25.5554779365203	5.96143727404263	39
-25.534082832005	5.96482490194504	39
-25.5126871344239	5.96817523016456	39
-25.491290843777	5.9714882587012	39
-25.4698939600643	5.97476398755495	39
-25.4484964832858	5.97800241672581	39
-25.4270984134415	5.98120354621379	39
-25.4056997505314	5.98436737601888	39
-25.3843004945555	5.98749390614109	39
-25.3629006455138	5.99058313658041	39
-25.3415002034063	5.99363506733684	39
-25.320099168233	5.99664969841039	39
-25.2986975399938	5.99962702980105	39
-25.2772953186889	6.00256706150883	39
-25.2558925043181	6.00546979353372	39
-25.2344890968816	6.00833522587572	39
-25.2130850963792	6.01116335853484	39
-25.1916805028111	6.01395419151107	39
-25.1702753161771	6.01670772480441	39
-25.1488695364773	6.01942395841487	39
-25.1274631637117	6.02210289234245	39
-25.1060561978803	6.02474452658714	39
-25.0846486389832	6.02734886114894	39
-25.0632404870202	6.02991589602785	39
-25.0418317419914	6.03244563122388	39
-25.0204224038968	6.03493806673702	39
-24.9990124727363	6.03739320256728	39
-24.9776019485101	6.03981103871465	39
-24.9561908312181	6.04219157517913	39
-24.9347791208603	6.04453481196074	39
-24.9133668174366	6.04684074905945	39
-24.8919539209472	6.04910938647527	39
-24.8705404313919	6.05134072420821	39
-24.8491263487709	6.05353476225827	39
-24.827711673084	6.05569150062544	39
-24.8062964043314	6.05781093930972	39
-24.7848805425129	6.05989307831112	39
-24.7634640876286	6.06193791762963	39
-24.7420470396786	6.06394545726525	39
-24.7206293986627	6.06591569721799	39
-24.699211164581	6.06784863748784	39
-24.6777923374335	6.06974427807481	39
-24.6563729172202	6.07160261897889	39
-24.6349529039411	6.07342366020008	39
-24.6135322975962	6.07520740173839	39
-24.5921110981854	6.07695384359381	39
-24.5706893057089	6.07866298576635	39
-24.5492669201666	6.080334828256	39
-24.5278439415585	6.08196937106276	39
-24.5064203698845	6.08356661418664	39
-24.4849962051448	6.08512655762763	39
-24.4635714473392	6.08664920138574	39
-24.4421460964679	6.08813454546095	39
-24.4207201525307	6.08958258985329	39
-24.3992936155277	6.09099333456274	39
-24.377866485459	6.0923667795893	39
-24.3564387623244	6.09370292493298	39
-24.335010446124	6.09500177059376	39
-24.3135815368578	6.09626331657166	39
-24.2921520345258	6.09748756286668	39
-24.270721939128	6.09867450947881	39
-24.2492912506644	6.09982415640806	39
-24.227859969135	6.10093650365441	39
-24.2064280945398	6.10201155121789	39
-24.1849956268788	6.10304929909848	39
-24.1635625661519	6.10404974729618	39
-24.1421289123593	6.10501289581099	39
-24.1206946655009	6.10593874464292	39
-24.0992598255766	6.10682729379196	39
-24.0778243925866	6.10767854325812	39
-24.0563883665307	6.10849249304139	39
-24.0349517474091	6.10926914314178	39
-24.0135145352216	6.11000849355927	39
-23.9920767299683	6.11071054429389	39
-23.9706383316492	6.11137529534561	39
-23.9491993402644	6.11200274671445	39
-23.9277597558137	6.11259289840041	39
-23.9063195782972	6.11314575040347	39
-23.8848788077149	6.11366130272365	39
-23.8634374440668	6.11413955536095	39
-23.8419954873529	6.11458050831536	39
-23.8205529375731	6.11498416158689	39
-23.7991097947276	6.11535051517552	39
-23.7776660588163	6.11567956908127	39
-23.7562217298392	6.11597132330414	39
-23.7347768077962	6.11622577784412	39
-23.7133312926875	6.11644293270122	39
-23.6918851845129	6.11662278787542	39
-23.6704384832726	6.11676534336674	39
-23.6489911889664	6.11687059917518	39
-23.6275433015945	6.11693855530073	39
-23.6060948211567	6.11696921174339	39
-23.5846457476531	6.11696256850317	39
-23.5631960810837	6.11691862558006	39
-23.5417458214485	6.11683738297406	39
-23.5202949687475	6.11671884068518	39
-23.4988435229807	6.11656299871342	39
-23.4773914841481	6.11636985705876	39
-23.4559388522497	6.11613941572122	39
-23.4344856272855	6.1158716747008	39
-23.4130318092555	6.11556663399749	39
-23.3915773981597	6.11522429361129	39
-23.370122393998	6.11484465354221	39
-23.3486667967706	6.11442771379024	39
-23.3272106064774	6.11397347435538	39
-23.3057538231183	6.11348193523764	39
-23.2842964466935	6.11295309643702	39
-23.2628384772028	6.1123869579535	39
-23.2413799146463	6.1117835197871	39
-23.2199207590241	6.11114278193782	39
-23.198461010336	6.11046474440564	39
-23.1770006685821	6.10974940719059	39
-23.1555397337624	6.10899677029264	39
-23.1340782058769	6.10820683371181	39
-23.1126160849256	6.1073795974481	39
-23.0911533709085	6.10651506150149	39
-23.0696900638256	6.10561322587201	39
-23.0482261636769	6.10467409055963	39
-23.0267616704624	6.10369765556437	39
-23.0052965841821	6.10268392088623	39
-22.9838309048359	6.10163288652519	39
-22.962364632424	6.10054455248127	39
-22.9408977669462	6.09941891875447	39
-22.9194303084027	6.09825598534478	39
-22.8979622567933	6.09705575225221	39
-22.8764936121182	6.09581821947674	39
-22.8550243743772	6.09454338701839	39
-22.8335545435705	6.09323125487716	39
-22.8120841196979	6.09188182305304	39
-22.7906131027595	6.09049509154603	39
-22.7691414927553	6.08907106035614	39
-22.7476692896853	6.08760972948336	39
-22.7261964935495	6.08611109892769	39
-22.7047231043479	6.08457516868914	39
-22.6832491220805	6.08300193876771	39
-22.6617745467473	6.08139140916338	39
-22.6402993783483	6.07974357987617	39
-22.6188236168835	6.07805845090608	39
-22.5973472623528	6.0763360222531	39
-22.5758703147564	6.07457629391723	39
-22.5543927740941	6.07277926589847	39
-22.5329146403661	6.07094493819684	39
-22.5114359135722	6.06907331081231	39
-22.4899565937126	6.0671643837449	39
-22.4684766807871	6.0652181569946	39
-22.4469961747959	6.06323463056142	39
-22.4255150757388	6.06121380444535	39
-22.4040333836159	6.05915567864639	39
-22.3825510984272	6.05706025316455	39
-22.3610682201727	6.05492752799982	39
-22.3395847488524	6.05275750315221	39
-22.3181006844663	6.05055017862171	39
-22.2966160270144	6.04830555440832	39
-22.2751307764967	6.04602363051205	39
-22.2536449329132	6.04370440693289	39
-22.2321584962639	6.04134788367085	39
-22.2106714665487	6.03895406072592	39
-22.1891838437678	6.0365229380981	39
-22.1676956279211	6.0340545157874	39
-22.1462068190085	6.03154879379382	39
-22.1247174170302	6.02900577211734	39
-22.103227421986	6.02642545075798	39
-22.081736833876	6.02380782971573	39
-22.0602456527003	6.0211529089906	39
-22.0387538784587	6.01846068858258	39
-22.0172615111513	6.01573116849167	39
-21.9957685507781	6.01296434871788	39
-21.9742749973391	6.01016022926121	39
-21.9527808508343	6.00731881012165	39
-21.9312861112637	6.0044400912992	39
-21.9097907786273	6.00152407279386	39
-21.8882948529251	5.99857075460564	39
-21.8667983341571	5.99558013673453	39
-21.8453012223233	5.99255221918054	39
-21.8238035174236	5.98948700194366	39
-21.8023052194582	5.98638448502389	39
-21.780806328427	5.98324466842124	39
-21.7593068443299	5.98006755213571	39
-21.7378067671671	5.97685313616728	39
-21.7163060969384	5.97360142051598	39
-21.694804833644	5.97031240518177	39
-21.6733029772837	5.9669860901647	39
-21.6518005278576	5.96362247546473	39
-21.6302974853657	5.96022156108187	39
-21.6087938498081	5.95678334701613	39
-21.5872896211846	5.95330783326751	39
-21.5657847994953	5.949795019836	39
-21.5442793847402	5.9462449067216	39
-21.5227733769193	5.94265749392431	39
-21.5012667760326	5.93903278144415	39
-21.47975958208	5.93537076928109	39
-21.4582517950617	5.93167145743515	39
-21.4367434149776	5.92793484590632	39
-21.4152344418277	5.9241609346946	39
-21.3937248756119	5.9203497238	39
-21.3722147163304	5.91650121322252	39
-21.350703963983	5.91261540296214	39
-21.3291926185699	5.90869229301889	39
-21.3076806800909	5.90473188339274	39
-21.2861681485461	5.90073417408371	39
-21.2646550239356	5.89669916509179	39
-21.2431413062592	5.89262685641699	39
-21.221626995517	5.8885172480593	39
-21.200112091709	5.88437034001872	39
-21.1785965948352	5.88018613229527	39
-21.1570805048956	5.87596462488892	39
-21.1355638218902	5.87170581779969	39
-21.114046545819	5.86740971102757	39
-21.092528676682	5.86307630457256	39
-21.0710102144792	5.85870559843467	39
-21.0494911592105	5.85429759261389	39
-21.0279715108761	5.84985228711023	39
-21.0064512694759	5.84536968192368	39
-20.9849304350098	5.84084977705425	39
-20.963409007478	5.83629257250193	39
-20.9418869868803	5.83169806826672	39
-20.9203643732169	5.82706626434863	39
-20.8988411664876	5.82239716074765	39
-20.8773173666925	5.81769075746378	39
-20.8557929738316	5.81294705449703	39
-20.834267987905	5.80816605184739	39
-20.8127424089125	5.80334774951487	39
-20.7912162368542	5.79849214749946	39
-20.7696894717301	5.79359924580116	39
-20.7481621135402	5.78866904441998	39
-20.7266341622845	5.78370154335591	39
-20.7051056179629	5.77869674260896	39
-20.6835764805756	5.77365464217912	39
-20.6620467501225	5.76857524206639	39
-20.6405164266036	5.76345854227078	39
-20.6189855100188	5.75830454279228	39
-20.5974540003683	5.75311324363089	39
-20.5759218976519	5.74788464478662	39
-20.5543892018698	5.74261874625947	39
-20.5328559130218	5.73731554804943	39
-20.5113220311081	5.7319750501565	39
-20.4897875561285	5.72659725258068	39
-20.4682524880831	5.72118215532198	39
-20.4467168269719	5.71572975838039	39
-20.4251805727949	5.71024006175592	39
-20.4036437255521	5.70471306544856	39
-20.3821062852435	5.69914876945832	39
-20.3605682518691	5.69354717378519	39
-20.3390296254289	5.68790827842917	39
-20.3174904059229	5.68223208339027	39
-20.2959505933511	5.67651858866848	39
-20.2744101877135	5.6707677942638	39
-20.25286918901	5.66497970017624	39
-20.2313275972408	5.65915430640579	39
-20.2097854124058	5.65329161295246	39
-20.1882426345049	5.64739161981624	39
-20.1666992635383	5.64145432699714	39
-20.1451552995058	5.63547973449515	39
-20.1236107424075	5.62946784231027	39
-20.1020655922435	5.6234186504425	39
-20.0805198490136	5.61733215889185	39
-20.0589735127179	5.61120836765832	39
-20.0374265833564	5.6050472767419	39
-20.0158790609291	5.59884888614259	39
-19.994330945436	5.5926131958604	39
-19.9727822368771	5.58634020589531	39
-19.9512329352524	5.58002991624735	39
-19.9296830405619	5.5736823269165	39
-19.9081325528056	5.56729743790276	39
-19.8865814719835	5.56087524920614	39
-19.8650297980955	5.55441576082662	39
-19.8434775311418	5.54791897276423	39
-19.8219246711222	5.54138488501895	39
-19.8003712180369	5.53481349759078	39
-19.7788171718857	5.52820481047972	39
-19.7572625326688	5.52155882368578	39
-19.735707300386	5.51487553720895	39
-19.7141514750375	5.50815495104924	39
-19.6925950566231	5.50139706520664	39
-19.6710380451429	5.49460187968116	39
-19.6494804405969	5.48776939447279	39
-19.6279222429851	5.48089960958153	39
-19.6063634523075	5.47399252500739	39
-19.5848040685641	5.46704814075036	39
-19.5632440917549	5.46006645681045	39
-19.5416835218799	5.45304747318764	39
-19.5201223589391	5.44599118988196	39
-19.4985606029325	5.43889760689338	39
-19.47699825386	5.43176672422192	39
-19.4554353117218	5.42459854186758	39
-19.4338717765177	5.41739305983035	39
-19.4123076482479	5.41015027811023	39
-19.3907429269122	5.40287019670723	39
-19.3691776125108	5.39555281562134	39
-19.3476117050435	5.38819813485256	39
-19.3260452045105	5.3808061544009	39
-19.3044781109116	5.37337687426635	39
-19.2829104242469	5.36591029444892	39
-19.2613421445164	5.3584064149486	39
-19.2397732717201	5.35086523576539	39
-19.218203805858	5.3432867568993	39
-19.1966337469301	5.33567097835032	39
-19.1750630949364	5.32801790011846	39
-19.1534918498769	5.32032752220371	39
-19.1319200117516	5.31259984460607	39
-19.1103475805605	5.30483486732555	39
-19.0887745563035	5.29703259036214	39
-19.0672009389808	5.28919301371585	39
-19.0456267285923	5.28131613738667	39
-19.0240519251379	5.2734019613746	39
-19.0024765286178	5.26545048567965	39
-18.9809005390318	5.25746171030181	39
-18.95932395638	5.24943563524109	39
-18.9377467806625	5.24137226049747	39
-18.9161690118791	5.23327158607098	39
-18.8945906500299	5.22513361196159	39
-18.8730116951149	5.21695833816933	39
-18.8514321471341	5.20874576469417	39
-18.8298520060876	5.20049589153613	39
-18.8082712719752	5.1922087186952	39
-18.7866899447969	5.18388424617139	39
-18.7651080245529	5.17552247396469	39
-18.7435255112431	5.16712340207511	39
-18.7219424048675	5.15868703050264	39
-18.7003587054261	5.15021335924728	39
-18.6787744129188	5.14170238830904	39
-18.6571895273458	5.1331541176879	39
-18.6356040487069	5.12456854738389	39
-18.6140179770023	5.11594567739699	39
-18.5924313122318	5.1072855077272	39
-18.5708440543956	5.09858803837453	39
-18.5492562034935	5.08985326933897	39
-18.5276677595256	5.08108120062052	39
-18.506078722492	5.07227183221919	39
-18.4844890923925	5.06342516413497	39
-18.4628988692272	5.05454119636787	39
-18.4413080529961	5.04561992891788	39
-18.4197166436992	5.03666136178501	39
-18.3981246413365	5.02766549496924	39
-18.376532045908	5.01863232847059	39
-18.3549388574137	5.00956186228906	39
-18.3333450758535	5.00045409642464	39
-18.3117507012276	4.99130903087734	39
-18.2901557335359	4.98212666564714	39
-18.2685601727783	4.97290700073406	39
-18.246964018955	4.9636500361381	39
-18.2253672720658	4.95435577185925	39
-18.2037699321109	4.94502420789751	39
-18.1821719990901	4.93565534425289	39
-18.1605734730036	4.92624918092538	39
-18.1389743538512	4.91680571791499	39
-18.117374641633	4.9073249552217	39
-18.095774336349	4.89780689284554	39
-18.0741734379992	4.88825153078649	39
-18.0525719465836	4.87865886904455	39
-18.0309698621022	4.86902890761972	39
-18.009367184555	4.85936164651201	39
-17.987763913942	4.84965708572142	39
-17.9661600502632	4.83991522524793	39
-17.9445555935186	4.83013606509156	39
-17.9229505437082	4.82031960525231	39
-17.9013449008319	4.81046584573016	39
-17.8797386648899	4.80057478652514	39
-17.858131835882	4.79064642763722	39
-17.8365244138084	4.78068076906643	39
-17.8149163986689	4.77067781081274	39
-17.7933077904637	4.76063755287617	39
-17.7716985891926	4.75055999525671	39
-17.7500887948557	4.74044513795437	39
-17.7284784074531	4.73029298096914	39
-17.7068674269846	4.72010352430102	39
-17.6852558534503	4.70987676795002	39
-17.6636436868502	4.69961271191613	39
-17.6420309271843	4.68931135619936	39
-17.6204175744526	4.6789727007997	39
-17.5988036286551	4.66859674571715	39
-17.5771890897918	4.65818349095172	39
-17.5555739578626	4.64773293650341	39
-17.5339582328677	4.6372450823722	39
-17.512341914807	4.62671992855811	39
-17.4907250036804	4.61615747506113	39
-17.4691074994881	4.60555772188127	39
-17.44748940223	4.59492066901852	39
-17.425870711906	4.58424631647289	39
-17.4042514285162	4.57353466424437	39
-17.3826315520607	4.56278571233296	39
-17.3610110825393	4.55199946073867	39
-17.3393900199521	4.54117590946149	39
-17.3177683642991	4.53031505850142	39
-17.2961461155804	4.51941690785847	39
-17.2745232737958	4.50848145753264	39
-17.2528998389454	4.49750870752391	39
-17.2312758110292	4.48649865783231	39
-17.2096511900472	4.47545130845781	39
-17.1880259759993	4.46436665940043	39
-17.1664001688857	4.45324471066016	39
-17.1447737687063	4.44208546223701	39
-17.1231467754611	4.43088891413097	39
-17.10151918915	4.41965506634204	39
-17.0798910097732	4.40838391887023	39
-17.0582622373305	4.39707547171554	39
-17.0366328718221	4.38572972487795	39
-17.0150029132478	4.37434667835748	39
-16.9933723616078	4.36292633215413	39
-16.9717412169019	4.35146868626789	39
-16.9501094791302	4.33997374069876	39
-16.9284771482927	4.32844149544674	39
-16.9068442243894	4.31687195051184	39
-16.8852107074204	4.30526510589406	39
-16.8635765973855	4.29362096159339	39
-16.8419418942848	4.28193951760983	39
-16.8203065981182	4.27022077394338	39
-16.7986707088859	4.25846473059405	39
-16.7770342265878	4.24667138756184	39
-16.7553971512239	4.23484074484674	39
-16.7337594827942	4.22297280244875	39
-16.7121212212986	4.21106756036787	39
-16.6904823667373	4.19912501860411	39
-16.6688429191101	4.18714517715747	39
-16.6472028784172	4.17512803602794	39
-16.6255622446584	4.16307359521552	39
-16.6039210178339	4.15098185472021	39
-16.5822791979435	4.13885281454202	39
-16.5606367849873	4.12668647468094	39
-16.5389937789653	4.11448283513698	39
-16.5173501798775	4.10224189591013	39
-16.495705987724	4.0899636570004	39
-16.4740612025046	4.07764811840778	39
-16.4524158242194	4.06529528013227	39
-16.4307698528683	4.05290514217388	39
-16.4091232884515	4.0404777045326	39
-16.3874761309689	4.02801296720843	39
-16.3658283804205	4.01551093020138	39
-16.3441800368063	4.00297159351144	39
-16.3225311001262	3.99039495713862	39
-16.3008815703804	3.97778102108291	39
-16.2792314475687	3.96512978534432	39
-16.2575807316913	3.95244124992283	39
-16.235929422748	3.93971541481847	39
-16.214277520739	3.92695228003121	39
-16.1926250256641	3.91415184556108	39
-16.1709719375234	3.90131411140805	39
-16.1493182563169	3.88843907757214	39
-16.1276639820447	3.87552674405334	39
-16.1060091147066	3.86257711085166	39
-16.0843536543027	3.84959017796709	39
-16.062697600833	3.83656594539963	39
-16.0410409542975	3.82350441314929	39
-16.0193837146961	3.81040558121606	39
-15.997725882029	3.79726944959994	39
-15.9760674562961	3.78409601830095	39
-15.9544084374974	3.77088528731906	39
-15.9327488256328	3.75763725665429	39
-15.9110886207025	3.74435192630663	39
-15.8894278227064	3.73102929627609	39
-15.8677664316444	3.71766936656265	39
-15.8461044475166	3.70427213716634	39
-15.8244418703231	3.69083760808713	39
-15.8027787000637	3.67736577932505	39
-15.7811149367385	3.66385665088007	39
-15.7594505803476	3.65031022275221	39
-15.7377856308908	3.63672649494146	39
-15.7161200883682	3.62310546744783	39
-15.6944539527798	3.60944714027131	39
-15.6727872241256	3.59575151341191	39
-15.6511199024056	3.58201858686962	39
-15.6294519876198	3.56824836064444	39
-15.6077834797682	3.55444083473638	39
-15.5861143788507	3.54059600914543	39
-15.5644446848675	3.52671388387159	39
-15.5427743978185	3.51279445891487	39
-15.5211035177036	3.49883773427526	39
-15.499432044523	3.48484370995277	39
-15.4777599782765	3.47081238594739	39
-15.4560873189643	3.45674376225913	39
-15.4344140665862	3.44263783888797	39
-15.4127402211424	3.42849461583394	39
-15.3910657826327	3.41431409309701	39
-15.3693907510572	3.4000962706772	39
-15.3477151264159	3.38584114857451	39
-15.3260389087088	3.37154872678892	39
-15.3043620979359	3.35721900532046	39
-15.2826846940972	3.3428519841691	39
-15.2610066971927	3.32844766333486	39
-15.2393281072224	3.31400604281774	39
-15.2176489241863	3.29952712261773	39
-15.1959691480844	3.28501090273483	39
-15.1742887789166	3.27045738316904	39
-15.1526078166831	3.25586656392037	39
-15.1309262613838	3.24123844498882	39
-15.1092441130186	3.22657302637437	39
-15.0875613715877	3.21187030807705	39
-15.0658780370909	3.19713029009683	39
-15.0441941095284	3.18235297243373	39
-15.0225095889	3.16753835508775	39
-15.0008244752058	3.15268643805887	39
-14.9791387684458	3.13779722134711	39
-14.9574524686201	3.12287070495247	39
-14.9357655757285	3.10790688887494	39
-14.9140780897711	3.09290577311452	39
-14.8923900107479	3.07786735767122	39
-14.8707013386589	3.06279164254503	39
-14.8490120735041	3.04767862773596	39
-14.8273222152835	3.03252831324399	39
-14.805631763997	3.01734069906915	39
-14.7839407196448	3.00211578521141	39
-14.7622490822268	2.98685357167079	39
-14.7405568517429	2.97155405844729	39
-14.7188640281933	2.9562172455409	39
-14.6971706115778	2.94084313295162	39
-14.6754766018966	2.92543172067946	39
-14.6537819991495	2.90998300872441	39
-14.6320868033367	2.89449699708647	39
-14.610391014458	2.87897368576565	39
-14.5886946325135	2.86341307476194	39
-14.5669976575032	2.84781516407535	39
-14.5453000894271	2.83217995370587	39
-14.5236019282852	2.8165074436535	39
-14.5019031740775	2.80079763391825	39
-14.480203826804	2.78505052450011	39
-14.4585038864647	2.76926611539909	39
-14.4368033530596	2.75344440661518	39
-14.4151022265887	2.73758539814838	39
-14.393400507052	2.7216890899987	39
-14.3716981944494	2.70575548216613	39
-14.3499952887811	2.68978457465068	39
-14.328291790047	2.67377636745234	39
-14.306587698247	2.65773086057111	39
-14.2848830133813	2.641648054007	39
-14.2631777354497	2.62552794776	39
-14.2414718644523	2.60937054183012	39
-14.2197654003892	2.59317583621734	39
-14.1980583432602	2.57694383092169	39
-14.1763506930654	2.56067452594315	39
-14.1546424498048	2.54436792128172	39
-14.1329336134784	2.5280240169374	39
-14.1112241840862	2.5116428129102	39
-14.0895141616282	2.49522430920011	39
-14.0678035461044	2.47876850580714	39
-14.0460923375148	2.46227540273128	39
-14.0243805358594	2.44574499997254	39
-14.0026681411382	2.42917729753091	39
-13.9809551533511	2.41257229540639	39
-13.9592415724983	2.39592999359899	39
-13.9375273985796	2.3792503921087	39
-13.9158126315952	2.36253349093552	39
-13.8940972715449	2.34577929007946	39
-13.8723813184289	2.32898778954051	39
-13.850664772247	2.31215898931868	39
-13.8289476329993	2.29529288941396	39
-13.8072299006859	2.27838948982635	39
-13.7855115753066	2.26144879055586	39
-13.7637926568615	2.24447079160248	39
-13.7420731453506	2.22745549296622	39
-13.7203530407739	2.21040289464707	39
-13.6986323431314	2.19331299664504	39
-13.6769110524231	2.17618579896011	39
-13.655189168649	2.15902130159231	39
-13.6334666918091	2.14181950454161	39
-13.6117436219033	2.12458040780803	39
-13.5900199589318	2.10730401139156	39
-13.5682957028945	2.08999031529221	39
-13.5465708537913	2.07263931950997	39
-13.5248454116224	2.05525102404485	39
-13.5031193763876	2.03782542889684	39
-13.4813927480871	2.02036253406594	39
-13.4596655267207	2.00286233955216	39
-13.4379377122885	1.98532484535549	39
-13.4162093047906	1.96775005147594	39
-13.3944803042268	1.9501379579135	39
-13.3727507105972	1.93248856466817	39
-13.3510205239018	1.91480187173996	39
-13.3292897441406	1.89707787912886	39
-13.3075583713136	1.87931658683487	39
-13.2858264054208	1.861517994858	39
-13.2640938464622	1.84368210319825	39
-13.2423606944378	1.8258089118556	39
-13.2206269493476	1.80789842083007	39
-13.1988926111915	1.78995063012166	39
-13.1771576799697	1.77196553973035	39
-13.155422155682	1.75394314965617	39
-13.1336860383286	1.7358834598991	39
-13.1119493279093	1.71778647045914	39
-13.0902120244243	1.69965218133629	39
-13.0684741278734	1.68148059253056	39
-13.0467356382568	1.66327170404194	39
-13.0249965555743	1.64502551587044	39
-13.003256879826	1.62674202801605	39
-12.9815166110119	1.60842124047877	39
-12.959775749132	1.59006315325861	39
-12.9380342941863	1.57166776635556	39
-12.9162922461748	1.55323507976963	39
-12.8945496050975	1.53476509350081	39
-12.8728063709544	1.5162578075491	39
-12.8510625437455	1.49771322191451	39
-12.8293181234708	1.47913133659703	39
-12.8075731101302	1.46051215159667	39
-12.7858275037239	1.44185566691342	39
-12.7640813042518	1.42316188254728	39
-12.7423345117138	1.40443079849826	39
-12.7205871261101	1.38566241476635	39
-12.6988391474405	1.36685673135156	39
-12.6770905757052	1.34801374825388	39
-12.655341410904	1.32913346547331	39
-12.633591653037	1.31021588300986	39
-12.6118413021042	1.29126100086352	39
-12.5900903581056	1.2722688190343	39
-12.5683388210413	1.25323933752219	39
-12.5465866909111	1.23417255632719	39
-12.5248339677151	1.2150684754493	39
-12.5030806514533	1.19592709488853	39
-12.4813267421256	1.17674841464488	39
-12.4595722397322	1.15753243471834	39
-12.437817144273	1.13827915510891	39
-12.416061455748	1.1189885758166	39
-12.3943051741571	1.0996606968414	39
-12.3725482995005	1.08029551818331	39
-12.3507908317781	1.06089303984234	39
-12.3290327709898	1.04145326181849	39
-12.3072741171358	1.02197618411174	39
-12.2855148702159	1.00246180672211	39
-12.2637550302302	0.982910129649598	39
-12.2419945971788	0.963321152894197	39
-12.2202335710615	0.943694876455908	39
-12.1984719518784	0.924031300334734	39
-12.1767097396295	0.904330424530675	39
-12.1549469343148	0.884592249043729	39
-12.1331835359343	0.864816773873898	39
-12.111419544488	0.845003999021178	39
-12.0896549599759	0.825153924485575	39
-12.067889782398	0.805266550267086	39
-12.0461240117543	0.78534187636571	39
-12.0243576480447	0.765379902781448	39
-12.0025906912694	0.745380629514298	39
-11.9808231414283	0.725344056564264	39
-11.9590549985213	0.705270183931344	39
-11.9372862625486	0.685159011615537	39
-11.91551693351	0.665010539616846	39
-11.8937470114056	0.644824767935266	39
-11.8719764962355	0.624601696570803	39
-11.8502053879995	0.604341325523452	39
-11.8284336866977	0.584043654793216	39
-11.8066613923301	0.563708684380092	39
-11.7848885048968	0.543336414284083	39
-11.7631150243976	0.522926844505188	39
-11.7413409508326	0.502479975043409	39
-11.7195662842018	0.481995805898742	39
-11.6977910245051	0.461474337071188	39
-11.6760151717427	0.440915568560749	39
-11.6542387259145	0.420319500367424	39
-11.6324616870205	0.399686132491214	39
-11.6106840550606	0.379015464932116	39
-11.588905830035	0.358307497690132	39
-11.5671270119436	0.337562230765263	39
-11.5453476007863	0.316779664157507	39
-11.5235675965633	0.295959797866867	39
-11.5017869992744	0.27510263189334	39
-11.4800058089197	0.254208166236924	39
-11.4582240254993	0.233276400897625	39
-11.436441649013	0.21230733587544	39
-11.4146586794609	0.191300971170369	39
-11.392875116843	0.170257306782411	39
-11.3710909611593	0.149176342711566	39
-11.3493062124098	0.128058078957836	39
-11.3275208705945	0.106902515521222	39
-11.3057349357134	0.0857096524017207	39
-11.2839484077665	0.064479489599333	39
-11.2621612867538	0.0432120271140555	39
-11.2403735726753	0.0219072649458969	39
-11.2185852655309	0.000565203094850197	39
-11.1967963653208	-0.0208141584390802	39
-11.1750068720448	-0.0422308196558987	39
-11.1532167857031	-0.0636847805556036	39
-11.1314261062955	-0.0851760411381948	39
-11.1096348338222	-0.106704601403671	39
-11.087842968283	-0.128270461352034	39
-11.066050509678	-0.14987362098328	39
-11.0442574580073	-0.171514080297418	39
-11.0224638132707	-0.193191839294436	39
-11.0006695754683	-0.214906897974344	39
-10.9788747446001	-0.236659256337136	39
-10.9570793206661	-0.258448914382813	39
-10.9352833036663	-0.280275872111382	39
-10.9134866936007	-0.302140129522832	39
-10.8916894904693	-0.324041686617168	39
-10.8698916942721	-0.345980543394391	39
-10.848093305009	-0.367956699854499	39
-10.8262943226802	-0.389970155997497	39
-10.8044947472856	-0.412020911823377	39
-10.7826945788251	-0.434108967332143	39
-10.7608938172989	-0.456234322523796	39
-10.7390924627068	-0.478396977398336	39
-10.717290515049	-0.500596931955762	39
-10.6954879743253	-0.522834186196073	39
-10.6736848405358	-0.545108740119271	39
-10.6518811136806	-0.567420593725354	39
-10.6300767937595	-0.589769747014325	39
-10.6082718807726	-0.612156199986181	39
-10.5864663747199	-0.634579952640923	39
-10.5646602756014	-0.65704100497855	39
-10.5428535834171	-0.679539356999063	39
-10.521046298167	-0.702075008702463	39
-10.4992384198511	-0.724647960088751	39
-10.4774299484694	-0.747258211157922	39
-10.4556208840218	-0.769905761909979	39
-10.4338112265085	-0.792590612344923	39
-10.4120009759294	-0.815312762462753	39
-10.3901901322844	-0.838072212263471	39
-10.3683786955737	-0.860868961747073	39
-10.3465666657971	-0.88370301091356	39
-10.3247540429548	-0.906574359762936	39
-10.3029408270466	-0.929483008295198	39
-10.2811270180726	-0.952428956510343	39
-10.2593126160329	-0.975412204408375	39
-10.2374976209273	-0.998432751989294	39
-10.2156820327559	-1.0214905992531	39
-10.1938658515187	-1.04458574619979	39
-10.1720490772157	-1.06771819282937	39
-10.1502317098469	-1.09088793914183	39
-10.1284137494123	-1.11409498513718	39
-10.1065951959119	-1.13733933081541	39
-10.0847760493457	-1.16062097617654	39
-10.0629563097136	-1.18393992122054	39
-10.0411359770158	-1.20729616594743	39
-10.0193150512522	-1.23068971035721	39
-9.99749353242274	-1.25412055444988	39
-9.97567142052749	-1.27758869822543	39
-9.95384871556644	-1.30109414168387	39
-9.93202541753958	-1.32463688482519	39
-9.91020152644692	-1.3482169276494	39
-9.88837704228845	-1.3718342701565	39
-9.86655196506418	-1.39548891234648	39
-9.8447262947741	-1.41918085421935	39
-9.82290003141822	-1.4429100957751	39
-9.80107317499653	-1.46667663701374	39
-9.77924572550903	-1.49048047793526	39
-9.75741768295573	-1.51432161853968	39
-9.73558904733662	-1.53820005882697	39
-9.71375981865171	-1.56211579879716	39
-9.69192999690099	-1.58606883845023	39
-9.67009958208447	-1.61005917778618	39
-9.64826857420214	-1.63408681680503	39
-9.62643697325401	-1.65815175550676	39
-9.60460477924007	-1.68225399389137	39
-9.58277199216032	-1.70639353195887	39
-9.56093861201477	-1.73057036970925	39
-9.53910463880341	-1.75478450714253	39
-9.51727007252625	-1.77903594425869	39
-9.49543491318328	-1.80332468105773	39
-9.47359916077451	-1.82765071753966	39
-9.45176281529993	-1.85201405370448	39
-9.42992587675955	-1.87641468955218	39
-9.40808834515336	-1.90085262508277	39
-9.38625022048137	-1.92532786029624	39
-9.36441150274356	-1.9498403951926	39
-9.34257219193996	-1.97439022977185	39
-9.32073228807054	-1.99897736403399	39
-9.29889179113533	-2.023601797979	39
-9.2770507011343	-2.04826353160691	39
-9.25520901806748	-2.0729625649177	39
-9.23336674193484	-2.09769889791138	39
-9.2115238727364	-2.12247253058794	39
-9.18968041047216	-2.14728346294739	39
-9.16783635514211	-2.17213169498973	39
-9.14599170674625	-2.19701722671495	39
-9.12414646528459	-2.22194005812305	39
-9.10230063075712	-2.24690018921405	39
-9.08045420316385	-2.27189761998793	39
-9.05860718250478	-2.29693235044469	39
-9.03675956877989	-2.32200438058434	39
-9.0149113619892	-2.34711371040688	39
-8.99306256213271	-2.37226033991231	39
-8.97121316921041	-2.39744426910062	39
-8.9493631832223	-2.42266549797181	39
-8.9275126041684	-2.44792402652589	39
-8.90566143204867	-2.47321985476286	39
-8.88380966686315	-2.49855298268272	39
-8.86195730861183	-2.52392341028546	39
-8.84010435729469	-2.54933113757108	39
-8.81825081291176	-2.57477616453959	39
-8.79639667546301	-2.60025849119099	39
-8.77454194494846	-2.62577811752528	39
-8.75268662136811	-2.65133504354245	39
-8.73083070472195	-2.6769292692425	39
-8.70897419500998	-2.70256079462545	39
-8.68711709223221	-2.72822961969128	39
-8.66525939638863	-2.75393574443999	39
-8.64340110747925	-2.77967916887159	39
-8.62154222550406	-2.80545989298608	39
-8.59968275046306	-2.83127791678345	39
-8.57782268235626	-2.85713324026371	39
-8.55596202118366	-2.88302586342685	39
-8.53410076694525	-2.90895578627288	39
-8.51223891964104	-2.9349230088018	39
-8.49037647927102	-2.9609275310136	39
-8.46851344583519	-2.98696935290829	39
-8.44664981933355	-3.01304847448587	39
-8.42478559976612	-3.03916489574633	39
-8.40292078713288	-3.06531861668968	39
-8.38105538143382	-3.09150963731591	39
-8.35918938266897	-3.11773795762503	39
-8.33732279083831	-3.14400357761704	39
-8.31545560594185	-3.17030649729193	39
-8.29358782797958	-3.1966467166497	39
-8.2717194569515	-3.22302423569037	39
-8.24985049285762	-3.24943905441392	39
-8.22798093569793	-3.27589117282035	39
-8.20611078547244	-3.30238059090967	39
-8.18424004218114	-3.32890730868188	39
-8.16236870582404	-3.35547132613698	39
-8.14049677640113	-3.38207264327496	39
-8.11862425391241	-3.40871126009582	39
-8.09675113835789	-3.43538717659957	39
-8.07487742973757	-3.46210039278621	39
-8.05300312805143	-3.48885090865574	39
-8.03112823329949	-3.51563872420815	39
-8.00925274548175	-3.54246383944344	39
-7.9873766645982	-3.56932625436163	39
-7.96549999064885	-3.59622596896269	39
-7.94362272363369	-3.62316298324665	39
-7.92174486355273	-3.65013729721349	39
-7.89986641040596	-3.67714891086322	39
-7.87798736419338	-3.70419782419583	39
-7.856107724915	-3.73128403721133	39
-7.83422749257081	-3.75840754990971	39
-7.81234666716082	-3.78556836229098	39
-7.79046524868502	-3.81276647435514	39
-7.76858323714342	-3.84000188610218	39
-7.74670063253601	-3.86727459753211	39
-7.7248174348628	-3.89458460864492	39
-7.70293364412377	-3.92193191944063	39
-7.68104926031895	-3.94931652991921	39
-7.65916428344832	-3.97673844008069	39
-7.63727871351189	-4.00419764992504	39
-7.61539255050964	-4.03169415945229	39
-7.5935057944416	-4.05922796866242	39
-7.57161844530775	-4.08679907755544	39
-7.54973050310808	-4.11440748613134	39
-7.52784196784262	-4.14205319439013	39
-7.50595283951135	-4.16973620233181	39
-7.48406311811428	-4.19745650995637	39
-7.46217280365139	-4.22521411726382	39
-7.44028189612271	-4.25300902425415	39
-7.41839039552822	-4.28084123092737	39
-7.39649830186792	-4.30871073728348	39
-7.37460561514181	-4.33661754332247	39
-7.35271233534991	-4.36456164904435	39
-7.3308184624922	-4.39254305444911	39
-7.30892399656868	-4.42056175953676	39
-7.28702893757935	-4.4486177643073	39
-7.26513328552422	-4.47671106876072	39
-7.24323704040329	-4.50484167289703	39
-7.22134020221655	-4.53300957671622	39
-7.199442770964	-4.5612147802183	39
-7.17754474664565	-4.58945728340327	39
-7.15564612926149	-4.61773708627112	39
-7.13374691881153	-4.64605418882186	39
-7.11184711529576	-4.67440859105548	39
-7.08994671871418	-4.70280029297199	39
-7.0680457290668	-4.73122929457139	39
-7.04614414635362	-4.75969559585367	39
-7.02424197057463	-4.78819919681884	39
-7.00233920172983	-4.8167400974669	39
-6.98043583981923	-4.84531829779784	39
-6.95853188484282	-4.87393379781167	39
-6.93662733680061	-4.90258659750838	39
-6.91472219569259	-4.93127669688798	39
-6.89281646151877	-4.96000409595046	39
-6.87091013427914	-4.98876879469583	39
-6.8490032139737	-5.01757079312409	39
-6.82709570060246	-5.04641009123523	39
-6.80518759416542	-5.07528668902926	39
-6.78327889466257	-5.10420058650618	39
-6.76136960209391	-5.13315178366598	39
-6.73945971645945	-5.16214028050867	39
-6.71754923775918	-5.19116607703424	39
-6.6956381659931	-5.2202291732427	39
-6.67372650116122	-5.24932956913404	39
-6.65181424326354	-5.27846726470828	39
-6.62990139230005	-5.3076422599654	39
-6.60798794827076	-5.3368545549054	39
-6.58607391117566	-5.36610414952829	39
-6.56415928101475	-5.39539104383406	39
-6.54224405778804	-5.42471523782272	39
-6.52032824149552	-5.45407673149428	39
-6.49841183213719	-5.48347552484871	39
-6.47649482971307	-5.51291161788603	39
-6.45457723422313	-5.54238501060623	39
-6.43265904566739	-5.57189570300933	39
-6.41074026404585	-5.60144369509531	39
-6.3888208893585	-5.63102898686417	39
-6.36690092160534	-5.66065157831592	39
-6.34498036078638	-5.69031146945056	39
-6.32305920690161	-5.72000866026808	39
-6.30113745995104	-5.74974315076849	39
-6.27921511993466	-5.77951494095178	39
-6.25729218685247	-5.80932403081796	39
-6.23536866070449	-5.83917042036703	39
-6.21344454149069	-5.86905410959898	39
-6.19151982921109	-5.89897509851382	39
-6.16959452386568	-5.92893338711155	39
-6.14766862545448	-5.95892897539216	39
-6.12574213397746	-5.98896186335565	39
-6.10381504943463	-6.01903205100204	39
-6.081887371826	-6.04913953833131	39
-6.05995910115157	-6.07928432534346	39
-6.03803023741133	-6.1094664120385	39
-6.01610078060529	-6.13968579841643	39
-5.99417073073344	-6.16994248447724	39
-5.97224008779578	-6.20023647022094	39
-5.95030885179232	-6.23056775564753	39
-5.92837702272305	-6.260936340757	39
-5.90644460058798	-6.29134222554936	39
-5.88451158538711	-6.3217854100246	39
-5.86257797712042	-6.35226589418273	39
-5.84064377578793	-6.38278367802375	39
-5.81870898138964	-6.41333876154765	39
-5.79677359392554	-6.44393114475443	39
-5.77483761339563	-6.47456082764411	39
-5.75290103979993	-6.50522781021667	39
-5.73096387313841	-6.53593209247212	39
-5.70902611341108	-6.56667367441045	39
-5.68708776061796	-6.59745255603166	39
-5.66514881475902	-6.62826873733577	39
-5.64320927583429	-6.65912221832276	39
-5.62126914384374	-6.69001299899264	39
-5.61463620624541	-6.69917326234224	39
-5.60783179030113	-6.70820687786841	39
-5.60085831358748	-6.71711063597057	39
-5.59371825374754	-6.72588137318586	39
-5.58641414761057	-6.7345159733131	39
-5.5789485902907	-6.74301136851999	39
-5.5713242342649	-6.75136454043306	39
-5.56354378843056	-6.75957252121011	39
-5.55561001714304	-6.76763239459465	39
-5.54752573923349	-6.77554129695204	39
-5.53929382700737	-6.78329641828693	39
-5.53091720522389	-6.79089500324165	39
-5.52239885005688	-6.79833435207514	39
-5.51374178803739	-6.80561182162218	39
-5.50494909497831	-6.81272482623249	39
-5.49602389488162	-6.8196708386894	39
-5.48696935882843	-6.82644739110778	39
-5.47778870385227	-6.83305207581079	39
-5.46848519179615	-6.83948254618543	39
-5.4590621281536	-6.84573651751619	39
-5.44952286089426	-6.85181176779683	39
-5.43987077927436	-6.85770613851985	39
-5.43010931263256	-6.8634175354434	39
-5.42024192917145	-6.86894392933536	39
-5.41027213472541	-6.87428335669428	39
-5.40020347151493	-6.87943392044706	39
-5.3900395168881	-6.88439379062291	39
-5.37978388204961	-6.88916120500358	39
-5.36944021077768	-6.89373446974943	39
-5.35901217812945	-6.89811196000129	39
-5.34850348913529	-6.90229212045771	39
-5.33791787748233	-6.90627346592757	39
-5.32725910418802	-6.91005458185781	39
-5.31653095626373	-6.91363412483592	39
-5.30573724536935	-6.91701082306733	39
-5.29488180645896	-6.92018347682725	39
-5.28396849641832	-6.92315095888689	39
-5.27300119269451	-6.92591221491401	39
-5.26198379191834	-6.9284662638475	39
-5.25092020851982	-6.93081219824592	39
-5.23981437333748	-6.93294918460996	39
-5.22867023222166	-6.93487646367853	39
-5.21749174463263	-6.93659335069857	39
-5.20628288223382	-6.93809923566828	39
-5.19504762748066	-6.93939358355391	39
-5.18378997220566	-6.94047593447982	39
-5.17251391620014	-6.94134590389187	39
-5.16122346579311	-6.94200318269408	39
-5.14992263242783	-6.94244753735842	39
-5.13861543123659	-6.9426788100078	39
-5.12730587961413	-6.94269691847213	39
-5.11599799579029	-6.94250185631758	39
-5.10469579740236	-6.94209369284879	39
-5.0934033000676	-6.9414725730843	39
-5.08212451595653	-6.94063871770501	39
-5.07086345236747	-6.93959242297576	39
-5.05962411030266	-6.93833406064009	39
-5.04841048304684	-6.93686407778814	39
-5.03722655474837	-6.93518299669783	39
-5.02607629900372	-6.93329141464925	39
-5.01496367744567	-6.9311900037125	39
-5.00389263833575	-6.92887951050889	39
-4.99286711516142	-6.92636075594565	39
-4.98189102523857	-6.92363463492427	39
-4.9709682683197	-6.92070211602258	39
-4.96010272520833	-6.91756424115058	39
-4.94929825638017	-6.91422212518027	39
-4.93855870061157	-6.91067695554955	39
-4.92788787361555	-6.90692999184029	39
-4.91728956668613	-6.90298256533086	39
-4.9067675453513	-6.89883607852312	39
-4.89632554803513	-6.89449200464407	39
-4.88596728472955	-6.88995188712247	39
-4.8756964356762	-6.88521733904048	39
-4.86551665005883	-6.88029004256047	39
-4.8554315447068	-6.87517174832743	39
-4.84544470281002	-6.86986427484692	39
-4.83555967264587	-6.86436950783899	39
-4.8257799663185	-6.85868939956822	39
-4.81610905851099	-6.85282596815	39
-4.80655038525083	-6.84678129683362	39
-4.79710734268913	-6.840557533262	39
-4.78778328589394	-6.8341568887087	39
-4.77858152765824	-6.82758163729227	39
-4.76950533732293	-6.82083411516821	39
-4.7605579396152	-6.81391671969902	39
-4.75174251350286	-6.80683190860235	39
-4.74306219106483	-6.79958219907787	39
-4.73452005637835	-6.79217016691284	39
-4.72611914442318	-6.784598445567	39
-4.71786244000335	-6.77686972523688	39
-4.70975287668663	-6.76898675190003	39
-4.70179333576224	-6.76095232633933	39
-4.69398664521717	-6.75276930314793	39
-4.6863355787314	-6.74444058971499	39
-4.67884285469243	-6.73596914519276	39
-4.67151113522942	-6.72735797944512	39
-4.6643430252674	-6.71861015197827	39
-4.65734107160169	-6.70972877085365	39
-4.6505077619931	-6.70071699158368	39
-4.64384552428399	-6.69157801601063	39
-4.6373567255357	-6.682315091169	39
-4.63104367118752	-6.67293150813188	39
-4.6249086042376	-6.66343060084165	39
-4.61895370444603	-6.65381574492542	39
-4.61318108756033	-6.64409035649572	39
-4.60759280456381	-6.63425789093676	39
-4.6021908409468	-6.62432184167671	39
-4.59697711600125	-6.61428573894659	39
-4.59195348213881	-6.60415314852589	39
-4.58712172423267	-6.59392767047574	39
-4.58248355898342	-6.58361293785981	39
-4.57804063430906	-6.57321261545349	39
-4.57379452875959	-6.56273039844179	39
-4.5697467509561	-6.55217001110652	39
-4.56589873905475	-6.541535205503	39
-4.56225186023586	-6.53082976012703	39
-4.5588074102181	-6.52005747857238	39
-4.55556661279818	-6.50922218817939	39
-4.55253061941596	-6.49832773867513	39
-4.54970050874546	-6.48737800080566	39
-4.54707728631151	-6.47637686496069	39
-4.54466188413256	-6.4653282397914	39
-4.54245516038949	-6.45423605082171	39
-4.54045789912076	-6.44310423905354	39
-4.53867080994376	-6.43193675956661	39
-4.53709452780279	-6.42073758011321	39
-4.53572961274337	-6.40951067970846	39
-4.53457654971334	-6.39826004721663	39
-4.53363574839049	-6.38698967993386	39
-4.53290754303706	-6.37570358216799	39
-4.53239219238093	-6.36440576381582	39
-4.53208987952375	-6.3531002389384	39
-4.53200071187583	-6.3417910243349	39
-4.53212472111801	-6.33048213811541	39
-4.53246186319041	-6.31917759827336	39
-4.53301201830804	-6.30788142125792	39
-4.53377499100341	-6.29659762054701	39
-4.53475051019596	-6.28533020522128	39
-4.53593822928837	-6.27408317853975	39
-4.53733772628969	-6.26286053651744	39
-4.5389485039653	-6.25166626650564	39
-4.54076999001357	-6.24050434577516	39
-4.54280153726918	-6.2293787401033	39
-4.54504242393306	-6.21829340236477	39
-4.54749185382884	-6.2072522711273	39
-4.55014895668576	-6.19625926925223	39
-4.55301278844782	-6.18531830250079	39
-4.55608233160922	-6.17443325814636	39
-4.5593564955759	-6.16360800359338	39
-4.562834117053	-6.15284638500325	39
-4.56651396045815	-6.14215222592779	39
-4.57039471836053	-6.13152932595083	39
-4.57447501194532	-6.12098145933812	39
-4.57875339150365	-6.11051237369646	39
-4.58322833694762	-6.10012578864213	39
-4.58789825835044	-6.08982539447933	39
-4.59276149651126	-6.07961485088907	39
-4.59781632354472	-6.06949778562886	39
-4.60306094349485	-6.05947779324382	39
-4.60849349297315	-6.04955843378954	39
-4.61411204182066	-6.03974323156718	39
-4.61991459379373	-6.03003567387138	39
-4.62589908727326	-6.02043920975114	39
-4.63206339599723	-6.01095724878449	39
-4.63840532981609	-6.001593159867	39
-4.64433791252327	-5.99315270691844	39
-4.6504282056399	-5.98456959672966	39
-4.65804321941618	-5.97383768477033	39
-4.66485773128629	-5.96423393212411	39
-4.67380908772076	-5.95161871285158	39
-4.68115969206814	-5.94125945324295	39
-4.68975913799971	-5.92914019997638	39
-4.69973252234347	-5.91508465701364	39
-4.71120677592392	-5.89891394457392	39
-4.71754670440064	-5.88997906348439	39
-4.72430988482088	-5.88044769671481	39
-4.73151235256604	-5.87029724638151	39
-4.73917011162832	-5.85950515891337	39
-4.74729911027507	-5.84804895935122	39
-4.75591521671314	-5.83590628564721	39
-4.76503419475319	-5.82305492296428	39
-4.77467167947405	-5.80947283797552	39
-4.78484315288706	-5.79513821316358	39
-4.79556391960036	-5.7800294811201	39
-4.80684908248331	-5.76412535884512	39
-4.81871351833076	-5.74740488204646	39
-4.83117185352743	-5.72984743943915	39
-4.84423843971222	-5.71143280704484	39
-4.85792732944255	-5.69214118249117	39
-4.87225225185872	-5.67195321931126	39
-4.88722658834824	-5.65085006124301	39
-4.90286334821015	-5.62881337652859	39
-4.91917514431937	-5.60582539221382	39
-4.93617416879107	-5.58186892844758	39
-4.95387216864491	-5.55692743278123	39
-4.97228042146954	-5.53098501446796	39
-4.99140971108675	-5.50402647876229	39
-5.01127030321597	-5.47603736121941	39
-5.03187192113851	-5.44700396199461	39
-5.05322372136192	-5.41691338014268	39
-5.07533426928436	-5.38575354791734	39
-5.0982115148589	-5.35351326507063	39
-5.12186276825787	-5.32018223315229	39
-5.14629467553721	-5.28575108980923	39
-5.17151319430078	-5.25021144308491	39
-5.19752356936474	-5.21355590571872	39
-5.22433030842186	-5.17577812944542	39
-5.25193715770584	-5.13687283929454	39
-5.28034707766916	-5.09683586787082	39
-5.30956222126981	-5.05566418595673	39
-5.33958392955268	-5.0133559087349	39
-5.37041274358448	-4.9699102789568	39
-5.40204841853875	-4.92532764708053	39
-5.43448993778828	-4.87960945139816	39
-5.46773552699745	-4.83275819816317	39
-5.50178266821461	-4.78477744171782	39
-5.53662811396441	-4.73567176462052	39
-5.57226790134024	-4.6854467577733	39
-5.60869736609655	-4.63410900054914	39
-5.64591115674123	-4.58166604091939	39
-5.68390324862795	-4.52812637558119	39
-5.72266695804858	-4.47349943008482	39
-5.76219495632551	-4.41779553896116	39
-5.80247928390405	-4.36102592584901	39
-5.8435113644448	-4.30320268362257	39
-5.88528201891596	-4.24433875451877	39
-5.92778147968582	-4.18444791026468	39
-5.97099940461494	-4.12354473220497	39
-6.01492489114875	-4.0616445914292	39
-6.05954649040971	-3.99876362889932	39
-6.1048522212898	-3.93491873557698	39
-6.15082958454285	-3.870127532551	39
-6.19746557687691	-3.80440835116473	39
-6.24474670504663	-3.73778021314343	39
-6.29265899994556	-3.67026281072173	39
-6.34118803069867	-3.60187648677095	39
-6.39031891875453	-3.53264221492658	39
-6.44003635197785	-3.46258157971557	39
-6.49032459874172	-3.39171675668382	39
-6.54116752202004	-3.32007049252358	39
-6.59254859347987	-3.24766608520074	39
-6.6444509075738	-3.17452736408237	39
-6.69685719563236	-3.10067867006399	39
-6.7497498399563	-3.02614483569707	39
-6.80311088790902	-2.95095116531638	39
-6.85692206600895	-2.87512341516734	39
-6.91116479402186	-2.79868777353352	39
-6.96582019905329	-2.72167084086395	39
-7.02086912964085	-2.64409960990058	39
-7.07629216984669	-2.56600144580561	39
-7.13206965334974	-2.48740406628896	39
-7.18818167753819	-2.40833552173561	39
-7.2446081176018	-2.32882417533302	39
-7.30132864062426	-2.24889868319856	39
-7.3583227196756	-2.16858797450679	39
-7.41556964790451	-2.08792123161705	39
-7.47304855263077	-2.00692787020067	39
-7.53073840943756	-1.92563751936849	39
-7.58861805626384	-1.84408000179817	39
-7.64666620749675	-1.76228531386164	39
-7.70486146806395	-1.68028360575252	39
-7.763182347526	-1.59810516161345	39
-7.82160727416868	-1.51578037966354	39
-7.88011460909546	-1.43333975232572	39
-7.93868266031978	-1.35081384635419	39
-7.99728969685741	-1.2682332829618	39
-8.05591396281894	-1.1856287179474	39
-8.1145336915014	-1.10303082182483	39
-8.17312711947193	-1.02047025997308	39
-8.23167250063715	-0.937977672823216	39
-8.29014812030896	-0.855583656054575	39
-8.34853230927021	-0.773318740791364	39
-8.40680345784046	-0.691213373799055	39
-8.46494002994165	-0.609297897680913	39
-8.52292057716376	-0.527602531074513	39
-8.58072375283056	-0.446157348848184	39
-8.63832832606531	-0.364992262297529	39
-8.69571319585646	-0.284136999341875	39
-8.75285740512336	-0.203621084720785	39
-8.80974015478188	-0.123473820190589	39
-8.86634081781027	-0.0437242647207778	39
-8.92263895331468	0.0355987853094026	39
-8.97861432059503	0.114466815914562	39
-9.03424689321057	0.192851615306577	39
-9.0895168730457	0.270725293698209	39
-9.14440470437557	0.348060303106521	39
-9.19889108793187	0.424829457156425	39
-9.25295699496846	0.501005950884234	39
-9.3065836813271	0.576563380541088	39
-9.35975270150319	0.651475763396561	39
-9.41244592271138	0.725717557542073	39
-9.46464553895138	0.799263681694489	39
-9.51633408507359	0.872089534999595	39
-9.56749445084482	0.94417101683557	39
-9.61810989501399	1.01548454661658	39
-9.66816405937782	1.08600708359619	39
-9.71764098284657	1.15571614667098	39
-9.7665251155097	1.22458983418398	39
-9.81480133270162	1.2926068437282	39
-9.86245494906733	1.35974649195017	39
-9.90947173262814	1.4259887343534	39
-9.95583791884743	1.49131418510195	39
-10.0015402246963	1.55570413682388	39
-10.0465658627192	1.61914058041481	39
-10.0909025550998	1.68160622484141	39
-10.1345385477266	1.74308451694491	39
-10.1774626242586	1.80355966124461	39
-10.2196641201909	1.86301663974141	39
-10.2611329369209	1.9214412317213	39
-10.3018595558133	1.97882003355888	39
-10.3418350522662	2.03514047852087	39
-10.3810511097769	2.09039085656961	39
-10.4195000340073	2.14456033416659	39
-10.4571747668497	2.19763897407597	39
-10.4940689004928	2.24961775516806	39
-10.5301766914868	2.30048859222283	39
-10.5654930748097	2.35024435573345	39
-10.6000136779327	2.39887889170979	39
-10.6337348348859	2.44638704148193	39
-10.6666536003242	2.49276466150367	39
-10.6987677635926	2.53800864315604	39
-10.7300758627923	2.5821169325508	39
-10.7605771988464	2.62508855033399	39
-10.7902718495653	2.66692361148939	39
-10.8191606837124	2.70762334514207	39
-10.8472453748923	2.74719011411101	39
-10.874528408805	2.78562742512059	39
-10.9010130696364	2.82293990962556	39
-10.9267034163045	2.85913329034956	39
-10.9516042581653	2.89421434706389	39
-10.9757211307205	2.92819088236607	39
-10.9990602713232	2.96107168745862	39
-11.021628594885	2.99286650792764	39
-11.0434336695824	3.02358600952153	39
-11.0644836925634	3.05324174392968	39
-11.0847874656546	3.08184611456107	39
-11.104354371067	3.10941234232303	39
-11.1231943471032	3.13595443139982	39
-11.1413178638641	3.16148713503141	39
-11.1587358989548	3.18602592129205	39
-11.1754599131921	3.20958693886899	39
-11.1915018263106	3.23218698284115	39
-11.2068739926694	3.25384346045778	39
-11.2215891769587	3.27457435691715	39
-11.2356605299065	3.29439820114518	39
-11.2491015639852	3.3133340315742	39
-11.2619261291183	3.3314013619215	39
-11.2741483883867	3.34862014696809	39
-11.2857827937356	3.36501074833737	39
-11.2968440616812	3.38059390027374	39
-11.3073471490169	3.39539067542132	39
-11.3173072285205	3.40942245060263	39
-11.3267396646601	3.42271087259722	39
-11.3356599893015	3.43527782392038	39
-11.3440838774142	3.44714538860179	39
-11.3520271227783	3.4583358179642	39
-11.3595056136911	3.4688714964021	39
-11.3665353086735	3.47877490716038	39
-11.3731322121771	3.48806859811304	39
-11.3793123502903	3.4967751475418	39
-11.390486397124	3.51251708166542	39
-11.4001851674739	3.52618064352975	39
-11.408535171055	3.53794406349237	39
-11.4156609316094	3.54798277318742	39
-11.4216842095185	3.55646831044308	39
-11.4289094173841	3.56664711016622	39
-11.4357493584528	3.57628314544066	39
-11.4416505510581	3.58459667990253	39
-11.447511715882	3.59285382340573	39
-11.4536974114363	3.60156813622201	39
-11.4596951924269	3.61001601625538	39
-11.4661563975325	3.61910986980862	39
-11.4731460752147	3.62893564669482	39
-11.4799688611883	3.63851285921994	39
-11.4858929965144	3.64681668786125	39
-11.4925749779556	3.6561691091436	39
-11.5000760925424	3.66665061485857	39
-11.5084591299766	3.67834272320578	39
-11.5145694019209	3.6868506096345	39
-11.5211194283089	3.69595756355272	39
-11.5281287324412	3.70568810621796	39
-11.5356170342387	3.71606675901031	39
-11.5436042302015	3.72711800290751	39
-11.5521103733682	3.73886623795998	39
-11.5611556532752	3.75133574276589	39
-11.570760375916	3.76455063394623	39
-11.5809449437001	3.77853482561985	39
-11.5917298354129	3.79331198887855	39
-11.603135586174	3.80890551126213	39
-11.6090777113948	3.81701562822525	39
-11.6151827673974	3.82533845623343	39
-11.6214533279915	3.83387682093389	39
-11.6278919667501	3.84263352265342	39
-11.6345012563832	3.85161133513196	39
-11.6412837681115	3.86081300425623	39
-11.6482420710402	3.87024124679332	39
-11.6553787315327	3.87989874912426	39
-11.6626963125842	3.88978816597763	39
-11.6701973731956	3.89991211916318	39
-11.6778844677473	3.91027319630537	39
-11.6857601453725	3.92087394957703	39
-11.6938269493314	3.9317168944329	39
-11.7020874163847	3.94280450834327	39
-11.7105440761675	3.95413922952755	39
-11.7191994505625	3.96572345568785	39
-11.7280560530746	3.97755954274263	39
-11.7371163882037	3.98964980356025	39
-11.7463829508193	4.00199650669257	39
-11.7558582255334	4.01460187510856	39
-11.7655446860749	4.02746808492789	39
-11.7754447946628	4.04059726415453	39
-11.7855610013805	4.05399149141033	39
-11.7958957435489	4.06765279466864	39
-11.8064514451006	4.08158314998787	39
-11.8172305159533	4.09578448024515	39
-11.8282353513839	4.11025865386982	39
-11.8394683314017	4.12500748357716	39
-11.8509318201227	4.14003272510186	39
-11.862628165143	4.15533607593169	39
-11.8745596969124	4.17091917404109	39
-11.8867287281086	4.18678359662472	39
-11.8991375530103	4.20293085883113	39
-11.9117884468716	4.21936241249627	39
-11.9246836652952	4.23607964487715	39
-11.9378254436062	4.25308387738542	39
-11.9512159962262	4.27037636432095	39
-11.9648575160467	4.28795829160543	39
-11.9787521738027	4.30583077551599	39
-11.9929021174467	4.32399486141876	39
-12.0073094715226	4.34245152250249	39
-12.0219763365388	4.36120165851213	39
-12.0369047883425	4.38024609448245	39
-12.0520968774932	4.3995855794716	39
-12.0675546286363	4.41922078529475	39
-12.0832800398773	4.43915230525763	39
-12.0992750821548	4.45938065289019	39
-12.115541698615	4.47990626068013	39
-12.1320818039847	4.50072947880655	39
-12.1488972839457	4.52185057387351	39
-12.1659899945079	4.54326972764365	39
-12.1833617613837	4.56498703577177	39
-12.2010143793609	4.58700250653842	39
-12.2189496116773	4.60931605958353	39
-12.2371691893938	4.63192752463997	39
-12.2556748107683	4.65483664026714	39
-12.2744681406296	4.6780430525846	39
-12.2935508097508	4.70154631400566	39
-12.3129244142235	4.72534588197095	39
-12.332590514831	4.74944111768201	39
-12.3525506364223	4.77383128483494	39
-12.3728062672858	4.79851554835395	39
-12.3933588585232	4.82349297312496	39
-12.4142098234226	4.84876252272921	39
-12.4353605368332	4.87432305817685	39
-12.4568123345382	4.90017333664051	39
-12.4785665126289	4.92631201018895	39
-12.5006243268782	4.95273762452062	39
-12.5229869921147	4.97944861769725	39
-12.545655681596	5.00644331887745	39
-12.5686315263828	5.03371994705033	39
-12.5919156147124	5.06127660976907	39
-12.6155089913724	5.08911130188452	39
-12.6394126570745	5.11722190427881	39
-12.6636275678284	5.14560618259892	39
-12.6881546343152	5.1742617859903	39
-12.7129947212614	5.20318624583045	39
-12.7381486468123	5.23237697446253	39
-12.7636171819066	5.26183126393055	39
-12.7894010497166	5.29154628495892	39
-12.815500925491	5.32151908741447	39
-12.8419174367517	5.35174660207047	39
-12.868651163532	5.38222564252675	39
-12.8957026386157	5.41295290713009	39
-12.9230723477758	5.44392498089472	39
-12.9507607300132	5.47513833742279	39
-12.9787681777959	5.50658934082477	39
-13.0070950372973	5.53827424764	39
-13.0357416086352	5.57018920875706	39
-13.0647081461109	5.60233027133424	39
-13.0939948584474	5.63469338072006	39
-13.1236019090288	5.66727438237365	39
-13.1535294161386	5.70006902378528	39
-13.1837774531991	5.73307295639675	39
-13.2143460490094	5.76628173752189	39
-13.2452351879851	5.799690832267	39
-13.2764448103963	5.83329561545133	39
-13.3079748126069	5.8670913735275	39
-13.3398250473133	5.901073306502	39
-13.371995323783	5.93523652985559	39
-13.4044854080939	5.96957607646383	39
-13.4372950233724	6.00408689851749	39
-13.4704238500328	6.03876386944302	39
-13.5038715260157	6.07360178582299	39
-13.5376376470271	6.10859536931659	39
-13.5717217667772	6.14373926858004	39
-13.6061233972188	6.17902806118707	39
-13.6408420087866	6.21445625554939	39
-13.6758770306358	6.25001829283714	39
-13.7112278508807	6.28570854889931	39
-13.7468938168338	6.32152133618425	39
-13.7828742352446	6.3574509056601	39
-13.8191683725383	6.39349144873527	39
-13.8557754550544	6.42963709917887	39
-13.8926946692858	6.46588193504116	39
-13.9299251621177	6.50221998057406	39
-13.967466041066	6.53864520815156	39
-14.0053163745165	6.57515154019019	39
-14.0434751919632	6.61173285106949	39
-14.0819414842478	6.64838296905242	39
-14.1207142037979	6.6850956782059	39
-14.1597922648661	6.7218647203212	39
-14.1991745437688	6.75868379683443	39
-14.2388598791249	6.79554657074698	39
-14.2788470720944	6.83244666854599	39
-14.3191348866179	6.86937768212478	39
-14.3597220496546	6.90633317070336	39
-14.4006072514215	6.94330666274884	39
-14.4417891456324	6.98029165789592	39
-14.483266349736	7.01728162886731	39
-14.5250374451557	7.05427002339422	39
-14.5671009775274	7.09125026613682	39
-14.609455456939	7.12821576060467	39
-14.6520993581689	7.16515989107719	39
-14.695031120925	7.20207602452414	39
-14.7382491500832	7.23895751252603	39
-14.7817518159265	7.27579769319463	39
-14.8255374543836	7.31258989309339	39
-14.8696043672677	7.34932742915792	39
-14.9139508225157	7.38600361061641	39
-14.9585750544264	7.42261174091015	39
-15.0034752638997	7.45914511961394	39
-15.0486496186753	7.49559704435657	39
-15.0940962535715	7.53196081274123	39
-15.1398132707239	7.56822972426606	39
-15.1857987398245	7.60439708224451	39
-15.2320506983602	7.64045619572586	39
-15.2785671518517	7.67640038141565	39
-15.3253460740923	7.71222296559616	39
-15.3723854073869	7.74791728604685	39
-15.4196830627903	7.7834766939648	39
-15.4672369203465	7.81889455588522	39
-15.5150448293275	7.85416425560184	39
-15.5631046084716	7.88927919608743	39
-15.6114140462228	7.92423280141423	39
-15.6599709009691	7.9590185186744	39
-15.7087729012819	7.99362981990049	39
-15.757817746154	8.02806020398588	39
-15.8071031052392	8.06230319860528	39
-15.8566266190905	8.09635236213514	39
-15.9063858993994	8.13020128557412	39
-15.9563785292343	8.16384359446356	39
-16.0066020632794	8.19727295080796	39
-16.0570540280737	8.23048305499535	39
-16.1077319222496	8.26346764771786	39
-16.1586332167719	8.29622051189209	39
-16.2097553551761	8.32873547457963	39
-16.2610957538081	8.36100640890746	39
-16.312651802062	8.39302723598846	39
-16.3644208626197	8.42479192684183	39
-16.4164002716893	8.45629450431357	39
-16.4685873392438	8.48752904499693	39
-16.5209793492604	8.51848968115286	39
-16.5735735599588	8.54917060263047	39
-16.6263672040403	8.57956605878751	39
-16.6793574889263	8.6096703604108	39
-16.7325415969976	8.63947788163669	39
-16.7859166858326	8.66898306187153	39
-16.8394798884467	8.69818040771213	39
-16.8932283135306	8.7270644948662	39
-16.9471590456893	8.75562997007281	39
-17.0012691456812	8.78387155302288	39
-17.0555556506563	8.81178403827959	39
-17.1100155743955	8.83936229719887	39
-17.1646459075491	8.86660127984984	39
-17.2194436178759	8.89349601693528	39
-17.2744056504817	8.92004162171209	39
-17.3295289280583	8.94623329191171	39
-17.3848103511222	8.97206631166066	39
-17.4402467982535	8.9975360534009	39
-17.4958351263346	9.02263797981035	39
-17.5515721707891	9.04736764572332	39
-17.6074547458204	9.071720700051	39
-17.6634796446508	9.09569288770186	39
-17.7196436397603	9.11928005150219	39
-17.7759434831248	9.14247813411647	39
-17.832375906456	9.16528317996788	39
-17.8889376214389	9.18769133715875	39
-17.9456253199718	9.20969885939102	39
-18.0024356744043	9.23130210788668	39
-18.0593653377765	9.25249755330822	39
-18.1164109440575	9.27328177767915	39
-18.1735691083847	9.29365147630438	39
-18.230836427302	9.31360345969072	39
-18.2882094789989	9.33313465546733	39
-18.3456848235495	9.35224211030617	39
-18.403259003151	9.37092299184247	39
-18.4609285423626	9.38917459059518	39
-18.5186899483441	9.40699432188742	39
-18.5765397110953	9.42437972776697	39
-18.634474303694	9.44132847892667	39
-18.6924901825356	9.45783837662494	39
-18.7505837875712	9.47390735460618	39
-18.8087515425468	9.48953348102129	39
-18.8669898552422	9.50471496034808	39
-18.9252951177095	9.51945013531172	39
-18.9836637065118	9.53373748880525	39
-19.0420919829627	9.54757564581	39
-19.1005762933642	9.56096337531604	39
-19.1591129692462	9.57389959224265	39
-19.2176983276092	9.58638335931189	39
-19.2763286712527	9.59841388799108	39
-19.3350002892849	9.60999053745	39
-19.3937094576923	9.6211128128628	39
-19.4524524399112	9.63178036369122	39
-19.5112254873987	9.64199298196769	39
-19.5700248402046	9.65175060057861	39
-19.6288467275424	9.66105329154746	39
-19.6876873683607	9.66990126431801	39
-19.7465429719148	9.67829486403746	39
-19.8054097383377	9.68623456983965	39
-19.8642838592117	9.69372099312825	39
-19.9231615181397	9.70075487585989	39
-19.9820388913166	9.70733708882737	39
-20.0409121481007	9.71346862994285	39
-20.0997774515849	9.719150622521	39
-20.1586309591684	9.72438431356217	39
-20.2174688231274	9.72917107203561	39
-20.2762871911874	9.73351238716262	39
-20.3350822070937	9.73740986669974	39
-20.3938500111832	9.74086523522187	39
-20.4525867409559	9.74388033240555	39
-20.5112885316458	9.74645711131209	39
-20.5699515167928	9.74859763667068	39
-20.6285718288134	9.75030408316168	39
-20.6871455995728	9.75157873369975	39
-20.7456689609557	9.752423977717	39
-20.804138045438	9.7528423094462	39
-20.8625489866581	9.75283632620397	39
-20.920897919988	9.7524087266739	39
-20.979180983105	9.75156230918981	39
-21.0373943165629	9.75029997001886	39
-21.0955340643635	9.74862470164474	39
-21.1535963745278	9.74653959105088	39
-21.2115773996674	9.74404781800362	39
-21.2694732975558	9.74115265333533	39
-21.3272802317001	9.73785745722767	39
-21.384994371912	9.73416567749471	39
-21.4426118948792	9.73008084786615	39
-21.500128984737	9.72560658627046	39
-21.5575418336394	9.72074659311806	39
-21.6148466423307	9.71550464958454	39
-21.6720396207166	9.70988461589379	39
-21.7291169884358	9.7038904296012	39
-21.7860749754313	9.69752610387684	39
-21.8429098225216	9.69079572578863	39
-21.8996177819723	9.68370345458552	39
-21.9561951180675	9.67625351998066	39
-22.0126381076808	9.66845022043458	39
-22.0689430408469	9.6602979214384	39
-22.1251062213332	9.65180105379696	39
-22.1811239672107	9.642964111912	39
-22.2369926114256	9.63379165206542	39
-22.2927085023708	9.62428829070232	39
-22.3482680044569	9.61445870271429	39
-22.4036674986841	9.60430761972255	39
-22.4589033832128	9.59383982836111	39
-22.5139720739359	9.58306016855999	39
-22.5688700050492	9.57197353182833	39
-22.6235936296236	9.56058485953766	39
-22.678139420176	9.54889914120501	39
-22.7325038692407	9.53692141277607	39
-22.7866834899409	9.52465675490846	39
-22.8406748165598	9.51211029125482	39
-22.8944744051125	9.49928718674601	39
-22.9480788339168	9.48619264587433	39
-23.0014847041649	9.47283191097663	39
-23.0546886404944	9.45921026051753	39
-23.1076872915603	9.44533300737261	39
-23.1604773306057	9.43120549711156	39
-23.2130554560335	9.41683310628133	39
-23.2654183919778	9.40222124068939	39
-23.317562888875	9.38737533368684	39
-23.3694857240357	9.37230084445162	39
-23.4211837022152	9.35700325627164	39
-23.4726536561858	9.34148807482804	39
-23.5238924473074	9.32576082647829	39
-23.5748969660995	9.30982705653942	39
-23.625664132812	9.29369232757115	39
-23.6761908979971	9.27736221765913	39
-23.72647424308	9.26084231869806	39
-23.776511180931	9.24413823467488	39
-23.8262987564364	9.22725557995199	39
-23.8758340470699	9.21019997755037	39
-23.9251141634642	9.19297705743278	39
-23.9741362499821	9.17559245478697	39
-24.0228974852881	9.1580518083088	39
-24.0713950829194	9.14036075848546	39
-24.1196262918577	9.12252494587863	39
-24.1675883971004	9.10455000940765	39
-24.2152787202318	9.08644158463275	39
-24.2626946199945	9.06820530203813	39
-24.3098334928613	9.04984678531525	39
-24.3566927736056	9.0313716496459	39
-24.4032699358736	9.01278549998547	39
-24.4495624927553	8.99409392934609	39
-24.4955679973558	8.97530251707977	39
-24.541284043367	8.95641682716165	39
-24.5867082656386	8.93744240647312	39
-24.6318383407495	8.91838478308503	39
-24.6766719875796	8.89924946454085	39
-24.7212069678805	8.88004193613986	39
-24.7654410868475	8.86076765922031	39
-24.8093721936904	8.84143206944263	39
-24.8529981822052	8.82204057507258	39
-24.8963169913456	8.80259855526442	39
-24.939326605794	8.78311135834412	39
-24.982025056533	8.76358430009252	39
-25.0244104214168	8.74402266202851	39
-25.0664808257425	8.7244316896922	39
-25.1082344428218	8.70481659092809	39
-25.1496694945518	8.6851825341683	39
-25.1907842519867	8.66553464671567	39
-25.2315770359092	8.645878013027	39
-25.2720462174016	8.62621767299621	39
-25.3121902184176	8.60655862023748	39
-25.3520075123533	8.58690580036851	39
-25.3914966246184	8.56726410929359	39
-25.4306561332083	8.54763839148689	39
-25.4694846692746	8.52803343827555	39
-25.5079809176972	8.50845398612291	39
-25.546143617655	8.48890471491164	39
-25.5839715631977	8.46939024622699	39
-25.6214636038173	8.44991514163989	39
-25.6586186450189	8.43048390099018	39
-25.6954356488925	8.41110096066975	39
-25.7319136346843	8.39177069190576	39
-25.7680516793679	8.37249739904379	39
-25.8038489182159	8.35328531783102	39
-25.839304545371	8.33413861369941	39
-25.8744178144176	8.31506138004887	39
-25.9091880389531	8.29605763653047	39
-25.9436145931592	8.27713132732956	39
-25.9776969123732	8.25828631944902	39
-26.0114344936596	8.23952640099238	39
-26.0448268963813	8.220855279447	39
-26.077873742771	8.20227657996731	39
-26.1105747185024	8.18379384365788	39
-26.1429295732619	8.16541052585672	39
-26.1749381213197	8.14712999441838	39
-26.2066002421014	8.12895552799712	39
-26.237915880758	8.110890314332	39
-26.2688850486207	8.09293744875642	39
-26.2995078230108	8.07509993395476	39
-26.3297843465254	8.05738068073497	39
-26.3597148262646	8.03978250891182	39
-26.3892995330605	8.02230814819027	39
-26.4185388007047	8.00496023904887	39
-26.4474330251765	7.98774133362317	39
-26.4759826638707	7.97065389658911	39
-26.5041882348259	7.95370030604639	39
-26.5320503159524	7.93688285440194	39
-26.5595695442602	7.92020374925322	39
-26.586746615087	7.90366511427169	39
-26.6135822813263	7.88726899008619	39
-26.6400773526555	7.87101733516631	39
-26.6662326947636	7.85491202670582	39
-26.6920492285797	7.83895486150606	39
-26.7175279295005	7.8231475568593	39
-26.7426698266187	7.80749175143223	39
-26.7674760019509	7.79198900614923	39
-26.7919475896657	7.77664080507586	39
-26.8160857753114	7.76144855630224	39
-26.8398917950446	7.74641359282641	39
-26.8633669348576	7.73153717343778	39
-26.8865125298068	7.71682048360049	39
-26.9093299632408	7.7022646363368	39
-26.9318206660281	7.68787067311053	39
-26.9539861157852	7.67363956471042	39
-26.975827836105	7.65957221213353	39
-26.9973473957841	7.64566944746868	39
-27.0185464080515	7.63193203477975	39
-27.0394265297966	7.61836067098921	39
-27.0599894607964	7.60495598676139	39
-27.0802369429447	7.59171854738596	39
-27.1001707594791	7.57864885366129	39
-27.1197927342097	7.56574734277788	39
-27.1391047307469	7.5530143892017	39
-27.1581086517292	7.54045030555765	39
-27.1768064380516	7.52805534351291	39
-27.1952000680933	7.51582969466036	39
-27.2132915569461	7.50377349140197	39
-27.231082955642	7.49188680783221	39
-27.2485763503813	7.48016966062143	39
-27.265773861761	7.46862200989927	39
-27.2826776440025	7.45724376013802	39
-27.2992898841796	7.44603476103609	39
-27.3156128014465	7.43499480840133	39
-27.3316486462662	7.42412364503449	39
-27.347399699638	7.41342096161256	39
-27.362868272326	7.40288639757222	39
-27.3780567040865	7.39251954199318	39
-27.3929673628968	7.38231993448166	39
-27.4076026441828	7.37228706605369	39
-27.4219649700467	7.36242038001857	39
-27.4360567884959	7.35271927286225	39
-27.44988057267	7.34318309513073	39
-27.4634388200697	7.33381115231344	39
-27.4767340517842	7.32460270572668	39
-27.4897688117196	7.31555697339697	39
-27.5025456658268	7.30667313094445	39
-27.5150672013294	7.29795031246632	39
-27.5273360259519	7.28938761142019	39
-27.5393547671477	7.28098408150751	39
-27.5511260713269	7.27273873755694	39
-27.5626526030848	7.26465055640778	39
-27.5739370444294	7.25671847779332	39
-27.5849820940097	7.24894140522429	39
-27.5957904663436	7.24131820687221	39
-27.606364891046	7.23384771645282	39
-27.6167081120571	7.22652873410947	39
-27.6268228868697	7.2193600272965	39
-27.6367119857578	7.21234033166265	39
-27.6463781910048	7.20546835193447	39
-27.6558242961306	7.19874276279968	39
-27.6650531051208	7.19216220979062	39
-27.6740674316538	7.1857253101676	39
-27.6828700983293	7.1794306538023	39
-27.6914639358961	7.17327680406121	39
-27.6998517824802	7.16726229868898	39
-27.708036482813	7.16138565069185	39
-27.7238078520441	7.15003986045603	39
-27.7388009042093	7.13922707620419	39
-27.7530385562054	7.12893460150937	39
-27.7665437565033	7.11914942893593	39
-27.7793394604444	7.10985826830824	39
-27.7914486055375	7.10104757497941	39
-27.8028940867552	7.09270357809996	39
-27.8136987318308	7.08481230888655	39
-27.8238852765552	7.07735962889067	39
-27.8334763400732	7.07033125826736	39
-27.8424944001805	7.06371280404389	39
-27.8509617686204	7.05748978838849	39
-27.8626786058249	7.04886490965493	39
-27.873279831812	7.0410479152699	39
-27.8828378915404	7.03398973317855	39
-27.8914237640261	7.02764157727868	39
-27.901478862983	7.02019849710848	39
-27.9100878113265	7.01381954980967	39
-27.9190470389288	7.00717629912833	39
-27.927524194924	7.00088778566775	39
-27.9356926574269	6.99482746691649	39
-27.943844817911	6.98877920367805	39
