-27.9155269930011	39.9857963327914	44.5
-27.9238583882786	39.9801703864848	44.5
-27.9321184298785	39.974440191734	44.5
-27.9403058134445	39.968606653403	44.5
-27.9484192460938	39.9626706926753	44.5
-27.9564574466213	39.9566332469078	44.5
-27.9644191457019	39.9504952694832	44.5
-27.9723030860911	39.9442577296593	44.5
-27.9801080228234	39.937921612416	44.5
-27.9878327234087	39.9314879182996	44.5
-27.9954759680272	39.924957663265	44.5
-28.003036549722	39.9183318785152	44.5
-28.0105132745897	39.9116116103384	44.5
-28.0179049619687	39.9047979199428	44.5
-28.0252104446258	39.8978918832892	44.5
-28.0324285689407	39.8908945909207	44.5
-28.0395581950879	39.883807147791	44.5
-28.0465981972168	39.8766306730895	44.5
-28.0535474636293	39.8693663000647	44.5
-28.0604048969558	39.8620151758454	44.5
-28.0671694143281	39.8545784612593	44.5
-28.0738399475505	39.8470573306498	44.5
-28.0804154432684	39.8394529716907	44.5
-28.0868948631348	39.8317665851983	44.5
-28.0932771839742	39.8239993849423	44.5
-28.0995613979442	39.8161525974535	44.5
-28.1057465126946	39.8082274618306	44.5
-28.1118315515239	39.8002252295445	44.5
-28.1178155535342	39.7921471642405	44.5
-28.123697573782	39.7839945415385	44.5
-28.1294766834282	39.7757686488324	44.5
-28.1351519698843	39.7674707850859	44.5
-28.1407225369569	39.7591022606278	44.5
-28.1461875049888	39.7506643969453	44.5
-28.1515460109983	39.7421585264747	44.5
-28.1567972088151	39.7335859923917	44.5
-28.1619402692142	39.7249481483988	44.5
-28.1669743800468	39.7162463585116	44.5
-28.1718987463683	39.7074819968436	44.5
-28.1767125905643	39.6986564473892	44.5
-28.181415152473	39.689771103805	44.5
-28.1860056895053	39.6808273691896	44.5
-28.1904834767622	39.6718266558624	44.5
-28.1948478071492	39.6627703851405	44.5
-28.1990979914879	39.653659987114	44.5
-28.203233358625	39.6444969004202	44.5
-28.207253255538	39.6352825720169	44.5
-28.2111570474387	39.6260184569533	44.5
-28.214944117873	39.6167060181406	44.5
-28.2186138688185	39.6073467261207	44.5
-28.2221657207792	39.5979420588345	44.5
-28.2255991128764	39.5884935013879	44.5
-28.2289135029377	39.5790025458176	44.5
-28.2321083675824	39.5694706908555	44.5
-28.2351832023044	39.5598994416922	44.5
-28.2381375215517	39.5502903097386	44.5
-28.240970858803	39.5406448123883	44.5
-28.2436827666414	39.5309644727769	44.5
-28.2462728168254	39.5212508195424	44.5
-28.248740600356	39.5115053865833	44.5
-28.2510857275415	39.5017297128162	44.5
-28.2533078280592	39.4919253419336	44.5
-28.2554065510136	39.4820938221591	44.5
-28.2573815649921	39.4722367060038	44.5
-28.259232558117	39.4623555500204	44.5
-28.2609592380952	39.4524519145582	44.5
-28.2625613322637	39.4425273635159	44.5
-28.2640385876333	39.4325834640953	44.5
-28.2653907709284	39.4226217865532	44.5
-28.2666176686235	39.4126439039541	44.5
-28.2677190869772	39.4026513919214	44.5
-28.2686948520628	39.3926458283883	44.5
-28.2695448097957	39.3826287933496	44.5
-28.2702688259577	39.372601868611	44.5
-28.2708667862182	39.3625666375403	44.5
-28.2713385961525	39.3525246848168	44.5
-28.2716841812561	39.3424775961812	44.5
-28.2719034869574	39.3324269581853	44.5
-28.2719964786252	39.3223743579414	44.5
-28.2719631415752	39.3123213828714	44.5
-28.2718034810717	39.3022696204569	44.5
-28.271517522327	39.2922206579874	44.5
-28.2711053104971	39.2821760823109	44.5
-28.2705669106752	39.272137479582	44.5
-28.2699024078809	39.2621064350127	44.5
-28.2691119070467	39.2520845326211	44.5
-28.268195533002	39.2420733549818	44.5
-28.2671534304529	39.2320744829758	44.5
-28.2659857639593	39.2220894955409	44.5
-28.2646927179095	39.2121199694224	44.5
-28.2632744964903	39.2021674789239	44.5
-28.2617313236554	39.1922335956592	44.5
-28.2600634430896	39.1823198883036	44.5
-28.2582711181707	39.1724279223463	44.5
-28.2563546319274	39.1625592598434	44.5
-28.2543142869952	39.1527154591713	44.5
-28.2521504055683	39.14289807478	44.5
-28.2498633293485	39.1331086569485	44.5
-28.2474534194917	39.1233487515393	44.5
-28.2449210565507	39.1136198997545	44.5
-28.2422666404148	39.1039236378927	44.5
-28.2394905902472	39.0942614971059	44.5
-28.2365933444184	39.0846350031584	44.5
-28.233575360437	39.0750456761849	44.5
-28.2304371148777	39.0654950304515	44.5
-28.227179103306	39.0559845741158	44.5
-28.2238018401995	39.0465158089891	44.5
-28.2203058588673	39.0370902302991	44.5
-28.2166917113653	39.0277093264541	44.5
-28.2129599684094	39.0183745788075	44.5
-28.2091112192849	39.0090874614241	44.5
-28.2051460717541	38.9998494408475	44.5
-28.2010651519597	38.9906619758682	44.5
-28.1968691043261	38.9815265172933	44.5
-28.1925585914581	38.9724445077178	44.5
-28.1881342940354	38.9634173812962	44.5
-28.1835969107061	38.9544465635164	44.5
-28.1789471579755	38.9455334709746	44.5
-28.1741857700934	38.9366795111514	44.5
-28.1693134989382	38.9278860821896	44.5
-28.164331113898	38.9191545726736	44.5
-28.1592394017492	38.9104863614101	44.5
-28.1540391665322	38.9018828172101	44.5
-28.1487312294242	38.8933452986728	44.5
-28.1433164286103	38.8848751539715	44.5
-28.1377956191501	38.8764737206403	44.5
-28.1321696728435	38.8681423253627	44.5
-28.1264394780926	38.8598822837628	44.5
-28.1206059397616	38.8516949001968	44.5
-28.1146699790339	38.8435814675476	44.5
-28.1086325332664	38.8355432670201	44.5
-28.1024945558418	38.8275815679394	44.5
-28.096257016018	38.8196976275502	44.5
-28.0899208987747	38.811892690818	44.5
-28.0834872046583	38.8041679902327	44.5
-28.0769569496237	38.7965247456142	44.5
-28.0703311648739	38.7889641639193	44.5
-28.063610896697	38.7814874390517	44.5
-28.0567972063015	38.7740957516727	44.5
-28.0498911696478	38.7667902690155	44.5
-28.0428938772793	38.7595721447006	44.5
-28.0358064341496	38.7524425185534	44.5
-28.0286299594481	38.7454025164246	44.5
-28.0213655864234	38.738453250012	44.5
-28.0140144622041	38.7315958166855	44.5
-28.006577747618	38.7248312993132	44.5
-27.9990566170085	38.7181607660909	44.5
-27.9914522580493	38.711585270373	44.5
-27.983765871557	38.7051058505066	44.5
-27.9759986713009	38.6987235296671	44.5
-27.9681518838121	38.6924393156971	44.5
-27.9602267481893	38.6862542009468	44.5
-27.9522245159032	38.6801691621174	44.5
-27.9441464505991	38.6741851601072	44.5
-27.9359938278972	38.6683031398594	44.5
-27.9277679351911	38.6625240302132	44.5
-27.9194700714445	38.6568487437571	44.5
-27.9111015469865	38.6512781766844	44.5
-27.9026636833039	38.6458132086525	44.5
-27.8941578128334	38.640454702643	44.5
-27.8855852787504	38.6352035048262	44.5
-27.8769474347574	38.6300604444271	44.5
-27.8682456448702	38.6250263335946	44.5
-27.8594812832023	38.6201019672731	44.5
-27.8506557337479	38.615288123077	44.5
-27.8417703901636	38.6105855611684	44.5
-27.8328266555482	38.6059950241361	44.5
-27.8238259422211	38.6015172368792	44.5
-27.8147696714992	38.5971529064922	44.5
-27.8056592734726	38.5929027221535	44.5
-27.7964961867789	38.5887673550164	44.5
-27.7872818583756	38.5847474581033	44.5
-27.778017743312	38.5808436662027	44.5
-27.7687053044992	38.5770565957684	44.5
-27.7593460124794	38.5733868448228	44.5
-27.7499413451932	38.5698349928621	44.5
-27.7404927877465	38.5664016007649	44.5
-27.7310018321762	38.5630872107037	44.5
-27.7214699772142	38.559892346059	44.5
-27.7118987280508	38.5568175113369	44.5
-27.7022895960973	38.5538631920897	44.5
-27.6926440987469	38.5510298548384	44.5
-27.6829637591356	38.5483179469999	44.5
-27.6732501059011	38.5457278968159	44.5
-27.6635046729419	38.5432601132853	44.5
-27.6537289991749	38.5409149860998	44.5
-27.6439246282922	38.5386928855822	44.5
-27.6340931085178	38.5365941626277	44.5
-27.6242359923624	38.5346191486493	44.5
-27.6143548363791	38.5327681555243	44.5
-27.6044512009169	38.5310414755462	44.5
-27.5945266498746	38.5294393813777	44.5
-27.5845827504539	38.527962126008	44.5
-27.5746210729119	38.5266099427129	44.5
-27.5646431903128	38.5253830450178	44.5
-27.55465067828	38.5242816266641	44.5
-27.544645114747	38.5233058615785	44.5
-27.5346280797082	38.5224559038457	44.5
-27.5246011549697	38.5217318876837	44.5
-27.514565923899	38.5211339274231	44.5
-27.5045239711755	38.5206621174889	44.5
-27.4944768825399	38.5203165323852	44.5
-27.484426244544	38.520097226684	44.5
-27.4743736443	38.5200042350161	44.5
-27.4643206692301	38.5200375720661	44.5
-27.4542689068155	38.5201972325696	44.5
-27.4442199443461	38.5204831913144	44.5
-27.4341753686695	38.5208954031442	44.5
-27.4241367659407	38.5214338029661	44.5
-27.4141057213714	38.5220983057605	44.5
-27.4040838189798	38.5228888065947	44.5
-27.3940726413405	38.5238051806393	44.5
-27.3840737693345	38.5248472831885	44.5
-27.3740887818996	38.526014949682	44.5
-27.364119255781	38.5273079957318	44.5
-27.3541667652826	38.528726217151	44.5
-27.3442328820179	38.5302693899859	44.5
-27.3343191746622	38.5319372705517	44.5
-27.3244272087049	38.5337295954707	44.5
-27.3145585462021	38.5356460817139	44.5
-27.3047147455299	38.5376864266461	44.5
-27.2948973611387	38.5398503080731	44.5
-27.2851079433072	38.5421373842929	44.5
-27.2630841724083	38.5474733465993	44.5
-27.2432281585606	38.5522504217091	44.5
-27.2233684291016	38.5569935429887	44.5
-27.2035049840315	38.5617027104381	44.5
-27.1836378233501	38.5663779240573	44.5
-27.1637669470575	38.5710191838464	44.5
-27.1438923551536	38.5756264898053	44.5
-27.1240140476386	38.580199841934	44.5
-27.1041320245123	38.5847392402326	44.5
-27.0842462857748	38.5892446847009	44.5
-27.0643568314261	38.5937161753392	44.5
-27.0444636614662	38.5981537121472	44.5
-27.024566775895	38.6025572951251	44.5
-27.0046661747126	38.6069269242728	44.5
-26.9847618579191	38.6112625995903	44.5
-26.9648538255143	38.6155643210777	44.5
-26.9449420774982	38.6198320887348	44.5
-26.925026613871	38.6240659025619	44.5
-26.9051074346325	38.6282657625587	44.5
-26.8851845397828	38.6324316687254	44.5
-26.8652579293219	38.6365636210619	44.5
-26.8453276032498	38.6406616195682	44.5
-26.8253935615665	38.6447256642444	44.5
-26.8054558042719	38.6487557550904	44.5
-26.7855143313661	38.6527518921062	44.5
-26.7655691428491	38.6567140752919	44.5
-26.7456202387209	38.6606423046473	44.5
-26.7256676189815	38.6645365801727	44.5
-26.7057112836308	38.6683969018678	44.5
-26.6857512326689	38.6722232697328	44.5
-26.6657874660958	38.6760156837676	44.5
-26.6458199839115	38.6797741439722	44.5
-26.625848786116	38.6834986503466	44.5
-26.6058738727092	38.6871892028909	44.5
-26.5858952436913	38.6908458016051	44.5
-26.5659128990621	38.694468446489	44.5
-26.5459268388217	38.6980571375428	44.5
-26.52593706297	38.7016118747664	44.5
-26.5059435715072	38.7051326581598	44.5
-26.4859463644331	38.7086194877231	44.5
-26.4659454417478	38.7120723634562	44.5
-26.4459408034513	38.7154912853591	44.5
-26.4259324495436	38.7188762534318	44.5
-26.4059203800247	38.7222272676744	44.5
-26.3859045948945	38.7255443280868	44.5
-26.3658850941531	38.7288274346691	44.5
-26.3458618778005	38.7320765874211	44.5
-26.3258349458367	38.735291786343	44.5
-26.3058042982616	38.7384730314348	44.5
-26.2857699350754	38.7416203226963	44.5
-26.2657318562779	38.7447336601277	44.5
-26.2456900618692	38.7478130437289	44.5
-26.2256445518493	38.7508584734999	44.5
-26.2055953262181	38.7538699494408	44.5
-26.1855423849758	38.7568474715515	44.5
-26.1654857281222	38.7597910398321	44.5
-26.1454253556574	38.7627006542824	44.5
-26.1253612675814	38.7655763149026	44.5
-26.1052934638942	38.7684180216926	44.5
-26.0852219445957	38.7712257746525	44.5
-26.065146709686	38.7739995737821	44.5
-26.0450677591651	38.7767394190817	44.5
-26.024985093033	38.779445310551	44.5
-26.0048987112897	38.7821172481901	44.5
-25.9848086139352	38.7847552319991	44.5
-25.9647148009694	38.787359261978	44.5
-25.9446172723924	38.7899293381266	44.5
-25.9245160282042	38.7924654604451	44.5
-25.9044110684048	38.7949676289334	44.5
-25.8843023929941	38.7974358435916	44.5
-25.8641900019722	38.7998701044195	44.5
-25.8440738953392	38.8022704114173	44.5
-25.8239540730949	38.804636764585	44.5
-25.8038305352393	38.8069691639224	44.5
-25.7837032817726	38.8092676094297	44.5
-25.7635723126946	38.8115321011068	44.5
-25.7434376280055	38.8137626389538	44.5
-25.7232992277051	38.8159592229705	44.5
-25.7031571117934	38.8181218531571	44.5
-25.6830112802706	38.8202505295136	44.5
-25.6628617331365	38.8223452520398	44.5
-25.6427084703913	38.8244060207359	44.5
-25.6225514920348	38.8264328356018	44.5
-25.6023907980671	38.8284256966376	44.5
-25.5822263884881	38.8303846038432	44.5
-25.562058263298	38.8323095572186	44.5
-25.5418864224966	38.8342005567638	44.5
-25.521710866084	38.8360576024789	44.5
-25.5015315940602	38.8378806943638	44.5
-25.4813486064252	38.8396698324185	44.5
-25.4611619031789	38.8414250166431	44.5
-25.4409714843214	38.8431462470375	44.5
-25.4207773498527	38.8448335236017	44.5
-25.4005794997728	38.8464868463357	44.5
-25.3803779340817	38.8481062152396	44.5
-25.3601726527794	38.8496916303133	44.5
-25.3399636558658	38.8512430915568	44.5
-25.319750943341	38.8527605989702	44.5
-25.299534515205	38.8542441525534	44.5
-25.2793143714578	38.8556937523064	44.5
-25.2590905120994	38.8571093982292	44.5
-25.2388629371297	38.8584910903219	44.5
-25.2186316465488	38.8598388285844	44.5
-25.1983966403567	38.8611526130168	44.5
-25.1781579185534	38.8624324436189	44.5
-25.1579154811389	38.8636783203909	44.5
-25.1376693281131	38.8648902433327	44.5
-25.1174194594761	38.8660682124444	44.5
-25.0971658752279	38.8672122277259	44.5
-25.0769085753685	38.8683222891772	44.5
-25.0566475598979	38.8693983967983	44.5
-25.036382828816	38.8704405505893	44.5
-25.0161143821229	38.8714487505501	44.5
-24.9958422198187	38.8724229966807	44.5
-24.9755663419031	38.8733632889812	44.5
-24.9552867483764	38.8742696274515	44.5
-24.9350034392385	38.8751420120916	44.5
-24.9147164144893	38.8759804429015	44.5
-24.8944256741289	38.8767849198813	44.5
-24.8741312181573	38.8775554430309	44.5
-24.8538330465745	38.8782920123503	44.5
-24.8335311593804	38.8789946278396	44.5
-24.8132255565752	38.8796632894987	44.5
-24.7929162381587	38.8802979973276	44.5
-24.772603204131	38.8808987513264	44.5
-24.752286454492	38.881465551495	44.5
-24.7319659892419	38.8819983978334	44.5
-24.7116418083805	38.8824972903416	44.5
-24.691313911908	38.8829622290197	44.5
-24.6709822998242	38.8833932138676	44.5
-24.6506469721291	38.8837902448853	44.5
-24.6303079288229	38.8841533220728	44.5
-24.6099651699054	38.8844824454302	44.5
-24.5896186953768	38.8847776149574	44.5
-24.5692685052369	38.8850388306545	44.5
-24.5489145994857	38.8852660925214	44.5
-24.5285569781234	38.8854594005581	44.5
-24.5081956411499	38.8856187547646	44.5
-24.4878305885651	38.885744155141	44.5
-24.4674618203691	38.8858356016871	44.5
-24.4470893365619	38.8858930944032	44.5
-24.4267131371435	38.885916633289	44.5
-24.4063332221138	38.8859062183447	44.5
-24.3859495914729	38.8858618495702	44.5
-24.3655622452208	38.8857835269655	44.5
-24.3451711833575	38.8856712505307	44.5
-24.324776405883	38.8855250202657	44.5
-24.3043779127973	38.8853448361705	44.5
-24.2839757041003	38.8851306982452	44.5
-24.2635697797921	38.8848826064897	44.5
-24.2431601398727	38.884600560904	44.5
-24.2227467843421	38.8842845614881	44.5
-24.2023297132002	38.8839346082421	44.5
-24.1819089264472	38.8835507011659	44.5
-24.1614844240829	38.8831328402595	44.5
-24.1410562061074	38.882681025523	44.5
-24.1206242725207	38.8821952569563	44.5
-24.1001886233227	38.8816755345594	44.5
-24.0797492585136	38.8811218583323	44.5
-24.0593061780932	38.8805342282751	44.5
-24.0388593820616	38.8799126443877	44.5
-24.0184088704188	38.8792571066701	44.5
-23.9979546431648	38.8785676151224	44.5
-23.9774967002995	38.8778441697445	44.5
-23.957035041823	38.8770867705364	44.5
-23.9365696677353	38.8762954174982	44.5
-23.9161005780364	38.8754701106297	44.5
-23.8956277727263	38.8746108499312	44.5
-23.8751512518049	38.8737176354024	44.5
-23.8546710152724	38.8727904670435	44.5
-23.8341870631286	38.8718293448544	44.5
-23.8136993953736	38.8708342688351	44.5
-23.7932080120073	38.8698052389856	44.5
-23.7727129130299	38.868742255306	44.5
-23.7522140984412	38.8676453177962	44.5
-23.7317115682413	38.8665144264563	44.5
-23.7112053224302	38.8653495812862	44.5
-23.6906953610079	38.8641507822859	44.5
-23.6701816839744	38.8629180294554	44.5
-23.6496642913296	38.8616513227948	44.5
-23.6291431830736	38.8603506623039	44.5
-23.6086183592064	38.859016047983	44.5
-23.588089819728	38.8576474798318	44.5
-23.5675575646384	38.8562449578505	44.5
-23.5470215939375	38.854808482039	44.5
-23.5264819076254	38.8533380523973	44.5
-23.5059385057021	38.8518336689255	44.5
-23.4853913881676	38.8502953316235	44.5
-23.4648405550219	38.8487230404913	44.5
-23.4442860062649	38.847116795529	44.5
-23.4237277418968	38.8454765967365	44.5
-23.4031657619174	38.8438024441138	44.5
-23.3826000663267	38.8420943376609	44.5
-23.3620306551249	38.8403522773779	44.5
-23.3414575283119	38.8385762632647	44.5
-23.3208806858876	38.8367662953213	44.5
-23.3003001278521	38.8349223735478	44.5
-23.2797158542054	38.8330444979441	44.5
-23.2591278649475	38.8311326685102	44.5
-23.2385361600783	38.8291868852461	44.5
-23.217940739598	38.8272071481519	44.5
-23.1973416035064	38.8251934572275	44.5
-23.1767387518036	38.8231458124729	44.5
-23.1561321844895	38.8210642138882	44.5
-23.1355219015643	38.8189486614733	44.5
-23.1149079030278	38.8167991552282	44.5
-23.0942901888802	38.814615695153	44.5
-23.0736687591213	38.8123982812476	44.5
-23.0530436137511	38.810146913512	44.5
-23.0324147527698	38.8078615919462	44.5
-23.0117821761772	38.8055423165503	44.5
-22.9911458839735	38.8031890873242	44.5
-22.9705058761585	38.8008019042679	44.5
-22.9498621527322	38.7983807673814	44.5
-22.9292147136948	38.7959256766648	44.5
-22.9085635590462	38.793436632118	44.5
-22.8879086887863	38.7909136337411	44.5
-22.8672501029152	38.788356681534	44.5
-22.8465878014329	38.7857657754967	44.5
-22.8259217843393	38.7831409156292	44.5
-22.8052520516346	38.7804821019316	44.5
-22.7845786033186	38.7777893344037	44.5
-22.7639014393914	38.7750626130458	44.5
-22.743220559853	38.7723019378576	44.5
-22.7225359647034	38.7695073088393	44.5
-22.7018476539425	38.7666787259908	44.5
-22.6811556275705	38.7638161893121	44.5
-22.6604598855872	38.7609196988033	44.5
-22.6397604279927	38.7579892544643	44.5
-22.619057254787	38.7550248562951	44.5
-22.59835036597	38.7520265042958	44.5
-22.5776397615419	38.7489941984663	44.5
-22.5569254415025	38.7459279388066	44.5
-22.5362074058519	38.7428277253167	44.5
-22.51548565459	38.7396935579967	44.5
-22.494760187717	38.7365254368465	44.5
-22.4740310052327	38.7333233618661	44.5
-22.4532981071373	38.7300873330556	44.5
-22.4325614934306	38.7268173504149	44.5
-22.4118211641127	38.723513413944	44.5
-22.3910771191835	38.7201755236429	44.5
-22.3703293586432	38.7168036795117	44.5
-22.3495778824916	38.7133978815503	44.5
-22.3288226907288	38.7099581297587	44.5
-22.3080637833548	38.706484424137	44.5
-22.2873011603696	38.7029767646851	44.5
-22.2665348217731	38.699435151403	44.5
-22.2457647675654	38.6958595842908	44.5
-22.2249909977465	38.6922500633484	44.5
-22.2042135123164	38.6886065885758	44.5
-22.1834323112751	38.684929159973	44.5
-22.1626473946226	38.6812177775401	44.5
-22.1418587623588	38.677472441277	44.5
-22.1210664144838	38.6736931511837	44.5
-22.1002703509976	38.6698799072603	44.5
-22.0794705719002	38.6660327095067	44.5
-22.0586670771915	38.6621515579229	44.5
-22.0378598668717	38.6582364525089	44.5
-22.0170489409406	38.6542873932648	44.5
-21.9962342993983	38.6503043801905	44.5
-21.9754159422448	38.646287413286	44.5
-21.95459386948	38.6422364925514	44.5
-21.9337680811041	38.6381516179866	44.5
-21.9129385771169	38.6340327895916	44.5
-21.8921053575185	38.6298800073664	44.5
-21.8712684223089	38.6256932713111	44.5
-21.850427771488	38.6214725814256	44.5
-21.829583405056	38.61721793771	44.5
-21.8087353230127	38.6129293401641	44.5
-21.7878835253582	38.6086067887881	44.5
-21.7670280120925	38.604250283582	44.5
-21.7461687832156	38.5998598245456	44.5
-21.7253058387274	38.5954354116791	44.5
-21.704439178628	38.5909770449824	44.5
-21.6835688029174	38.5864847244555	44.5
-21.6626947115956	38.5819584500985	44.5
-21.6418169046626	38.5773982219113	44.5
-21.6209353821184	38.572804039894	44.5
-21.6000501439629	38.5681759040464	44.5
-21.5791611901962	38.5635138143687	44.5
-21.5582685208183	38.5588177708608	44.5
-21.5373721358292	38.5540877735228	44.5
-21.5164720352288	38.5493238223545	44.5
-21.4955682190173	38.5445259173561	44.5
-21.4746606871945	38.5396940585276	44.5
-21.4537494397605	38.5348282458688	44.5
-21.4328344767153	38.5299284793799	44.5
-21.4119157980588	38.5249947590609	44.5
-21.3909934037912	38.5200270849116	44.5
-21.3700672939123	38.5150254569322	44.5
-21.3491374684222	38.5099898751226	44.5
-21.3282039273209	38.5049203394828	44.5
-21.3072666706083	38.4998168500129	44.5
-21.2863256982846	38.4946794067128	44.5
-21.2653810103496	38.4895080095825	44.5
-21.2444326068034	38.4843026586221	44.5
-21.223480487646	38.4790633538315	44.5
-21.2025246528774	38.4737900952107	44.5
-21.1815651024975	38.4684828827597	44.5
-21.1606018365064	38.4631417164786	44.5
-21.1396348549041	38.4577665963673	44.5
-21.1186641576906	38.4523575224258	44.5
-21.0976897448659	38.4469144946542	44.5
-21.07671161643	38.4414375130524	44.5
-21.0557297723828	38.4359265776204	44.5
-21.0347442127244	38.4303816883583	44.5
-21.0137549374548	38.424802845266	44.5
-20.992761946574	38.4191900483435	44.5
-20.9717652400819	38.4135432975908	44.5
-20.9507648179787	38.407862593008	44.5
-20.9297606802642	38.402147934595	44.5
-20.9087528269385	38.3963993223518	44.5
-20.8877412580016	38.3906167562784	44.5
-20.8667259734534	38.3848002363749	44.5
-20.8457069732941	38.3789497626412	44.5
-20.8246842575235	38.3730653350774	44.5
-20.8036578261417	38.3671469536834	44.5
-20.7826276791487	38.3611946184592	44.5
-20.7615938165444	38.3552083294048	44.5
-20.740556238329	38.3491880865202	44.5
-20.7195149445023	38.3431338898055	44.5
-20.6984699350644	38.3370457392607	44.5
-20.6774212100153	38.3309236348856	44.5
-20.6563687693549	38.3247675766804	44.5
-20.6353126130834	38.318577564645	44.5
-20.6142527412006	38.3123535987794	44.5
-20.5931891537066	38.3060956790837	44.5
-20.5721218506014	38.2998038055578	44.5
-20.551050831885	38.2934779782017	44.5
-20.5299760975573	38.2871181970155	44.5
-20.5088976476185	38.280724461999	44.5
-20.4878154820684	38.2742967731524	44.5
-20.4667296009071	38.2678351304757	44.5
-20.4456400041346	38.2613395339688	44.5
-20.4245466917508	38.2548099836317	44.5
-20.4034496637559	38.2482464794644	44.5
-20.3823489201497	38.2416490214669	44.5
-20.3612444609323	38.2350176096393	44.5
-20.3401362861036	38.2283522439815	44.5
-20.3190243956638	38.2216529244936	44.5
-20.2979087896127	38.2149196511755	44.5
-20.2767894679505	38.2081524240272	44.5
-20.255666430677	38.2013512430487	44.5
-20.2345396777922	38.1945161082401	44.5
-20.2134092092963	38.1876470196013	44.5
-20.1922750251892	38.1807439771323	44.5
-20.1711371254708	38.1738069808331	44.5
-20.1499955101412	38.1668360307038	44.5
-20.1288501792004	38.1598311267443	44.5
-20.1077011326483	38.1527922689546	44.5
-20.0865483704851	38.1457194573348	44.5
-20.0653918927106	38.1386126918848	44.5
-20.0442316993249	38.1314719726046	44.5
-20.023067790328	38.1242972994943	44.5
-20.0019001657199	38.1170886725538	44.5
-19.9807288255005	38.1098460917831	44.5
-19.95955376967	38.1025695571822	44.5
-19.9383749982282	38.0952590687512	44.5
-19.9171925111752	38.08791462649	44.5
-19.8960063085109	38.0805362303986	44.5
-19.8748163902355	38.0731238804771	44.5
-19.8536227563488	38.0656775767254	44.5
-19.8324254068509	38.0581973191435	44.5
-19.8112243417418	38.0506831077315	44.5
-19.7900195610215	38.0431349424892	44.5
-19.76881106469	38.0355528234168	44.5
-19.7475988527472	38.0279367505143	44.5
-19.7263829251932	38.0202867237815	44.5
-19.705163282028	38.0126027432186	44.5
-19.6839399232516	38.0048848088256	44.5
-19.662712848864	37.9971329206023	44.5
-19.6414820588651	37.9893470785489	44.5
-19.6202475532551	37.9815272826653	44.5
-19.5990093320338	37.9736735329515	44.5
-19.5777673952012	37.9657858294076	44.5
-19.5565217427575	37.9578641720335	44.5
-19.5352723747026	37.9499085608292	44.5
-19.5140192910364	37.9419189957948	44.5
-19.492762491759	37.9338954769302	44.5
-19.4715019768704	37.9258380042354	44.5
-19.4502377463706	37.9177465777104	44.5
-19.4289698002595	37.9096211973553	44.5
-19.4076981385372	37.90146186317	44.5
-19.3864227612038	37.8932685751546	44.5
-19.365143668259	37.8850413333089	44.5
-19.3438608597031	37.8767801376331	44.5
-19.322574335536	37.8684849881271	44.5
-19.3012840957576	37.860155884791	44.5
-19.279990140368	37.8517928276247	44.5
-19.2586924693672	37.8433958166282	44.5
-19.2373910827552	37.8349648518015	44.5
-19.216085980532	37.8264999331447	44.5
-19.1947771626975	37.8180010606577	44.5
-19.1734646292518	37.8094682343405	44.5
-19.1521483801949	37.8009014541932	44.5
-19.1308284155268	37.7923007202156	44.5
-19.1095047352475	37.783666032408	44.5
-19.0881773393569	37.7749973907701	44.5
-19.0668462278551	37.7662947953021	44.5
-19.0455114007421	37.7575582460039	44.5
-19.0241728580179	37.7487877428755	44.5
-19.0028305996825	37.739983285917	44.5
-18.9814846257358	37.7311448751283	44.5
-18.960134936178	37.7222725105094	44.5
-18.9387815310089	37.7133661920603	44.5
-18.9174244102286	37.7044259197811	44.5
-18.896063573837	37.6954516936717	44.5
-18.8746990218343	37.6864435137321	44.5
-18.8533307542203	37.6774013799624	44.5
-18.8319587709951	37.6683252923625	44.5
-18.8105830721587	37.6592152509324	44.5
-18.7892036577111	37.6500712556722	44.5
-18.7678205276522	37.6408933065818	44.5
-18.7464336819822	37.6316814036612	44.5
-18.7250431207009	37.6224355469104	44.5
-18.7036488438084	37.6131557363295	44.5
-18.6822508513047	37.6038419719184	44.5
-18.6608491431897	37.5944942536771	44.5
-18.6394437194636	37.5851125816057	44.5
-18.6180345801262	37.5756969557041	44.5
-18.5966217251776	37.5662473759723	44.5
-18.5752051546178	37.5567638424103	44.5
-18.5537848684467	37.5472463550182	44.5
-18.5323608666645	37.5376949137959	44.5
-18.510933149271	37.5281095187434	44.5
-18.4895017162663	37.5184901698608	44.5
-18.4680665676504	37.508836867148	44.5
-18.4466277034232	37.499149610605	44.5
-18.4251851235849	37.4894284002319	44.5
-18.4037388281353	37.4796732360285	44.5
-18.3822888170745	37.4698841179951	44.5
-18.3608350904025	37.4600610461314	44.5
-18.3393776481193	37.4502040204376	44.5
-18.3179164902248	37.4403130409136	44.5
-18.2964516167192	37.4303881075594	44.5
-18.2749830276023	37.420429220375	44.5
-18.2535107228742	37.4104363793605	44.5
-18.2320347025348	37.4004095845158	44.5
-18.2105549665843	37.390348835841	44.5
-18.1890715150225	37.3802541333359	44.5
-18.1675843478495	37.3701254770008	44.5
-18.1460934650653	37.3599628668354	44.5
-18.1245988666699	37.3497663028398	44.5
-18.1031005526633	37.3395357850141	44.5
-18.0815985230454	37.3292713133582	44.5
-18.0600927778163	37.3189728878722	44.5
-18.038583316976	37.308640508556	44.5
-18.0170701405245	37.2982741754096	44.5
-17.9955532484618	37.287873888433	44.5
-17.9740326407878	37.2774396476263	44.5
-17.9525083175026	37.2669714529894	44.5
-17.9309802786062	37.2564693045223	44.5
-17.9094485240986	37.2459332022251	44.5
-17.8879130539798	37.2353631460976	44.5
-17.8663738682497	37.2247591361401	44.5
-17.8448309669085	37.2141211723523	44.5
-17.823284349956	37.2034492547344	44.5
-17.8017340173923	37.1927433832863	44.5
-17.7801799692173	37.182003558008	44.5
-17.7586222054312	37.1712297788995	44.5
-17.7370607260338	37.1604220459609	44.5
-17.7154955310252	37.1495803591922	44.5
-17.6939266204054	37.1387047185932	44.5
-17.6723539941744	37.1277951241641	44.5
-17.6507776523322	37.1168515759048	44.5
-17.6291975948787	37.1058740738153	44.5
-17.607613821814	37.0948626178957	44.5
-17.5860263331381	37.0838172081459	44.5
-17.564435128851	37.0727378445659	44.5
-17.5428402089526	37.0616245271557	44.5
-17.5212415734431	37.0504772559154	44.5
-17.4996392223223	37.0392960308449	44.5
-17.4780331555903	37.0280808519443	44.5
-17.4564233732471	37.0168317192134	44.5
-17.4348098752926	37.0055486326524	44.5
-17.413192661727	36.9942315922613	44.5
-17.3915717325501	36.9828805980399	44.5
-17.369947087762	36.9714956499884	44.5
-17.3483187273627	36.9600767481067	44.5
-17.3266866513521	36.9486238923949	44.5
-17.3050508597304	36.9371370828528	44.5
-17.2834113524974	36.9256163194806	44.5
-17.2617681296532	36.9140616022783	44.5
-17.2401211911978	36.9024729312457	44.5
-17.2184705371312	36.890850306383	44.5
-17.1968161674533	36.8791937276901	44.5
-17.1751580821643	36.8675031951671	44.5
-17.153496281264	36.8557787088139	44.5
-17.1318307647525	36.8440202686305	44.5
-17.1101615326297	36.8322278746169	44.5
-17.0884885848958	36.8204015267732	44.5
-17.0668119215506	36.8085412250993	44.5
-17.0451315425942	36.7966469695952	44.5
-17.0234474480266	36.784718760261	44.5
-17.0017596378478	36.7727565970965	44.5
-16.9800681120578	36.760760480102	44.5
-16.9583728706565	36.7487304092772	44.5
-16.936673913644	36.7366663846223	44.5
-16.9149712410203	36.7245684061372	44.5
-16.8932648527854	36.7124364738219	44.5
-16.8715547489393	36.7002705876764	44.5
-16.8498409294819	36.6880707477008	44.5
-16.8281233944133	36.6758369538951	44.5
-16.8064021437335	36.6635692062591	44.5
-16.7846771774425	36.651267504793	44.5
-16.7629484955403	36.6389318494967	44.5
-16.7412160980268	36.6265622403702	44.5
-16.7194799849022	36.6141586774136	44.5
-16.6977401561663	36.6017211606268	44.5
-16.6759966118192	36.5892496900098	44.5
-16.6542493518608	36.5767442655626	44.5
-16.6324983762913	36.5642048872853	44.5
-16.6107436851105	36.5516315551778	44.5
-16.5889852783185	36.5390242692402	44.5
-16.5672231559153	36.5263830294723	44.5
-16.5454573179009	36.5137078358743	44.5
-16.5236877642752	36.5009986884462	44.5
-16.5019144950384	36.4882555871878	44.5
-16.4801375101903	36.4754785320993	44.5
-16.458356809731	36.4626675231806	44.5
-16.4365723936605	36.4498225604318	44.5
-16.4147842619787	36.4369436438527	44.5
-16.3929924146858	36.4240307734435	44.5
-16.3711968517816	36.4110839492042	44.5
-16.3493975732662	36.3981031711346	44.5
-16.3275945791395	36.3850884392349	44.5
-16.3057878694017	36.372039753505	44.5
-16.2839774440526	36.358957113945	44.5
-16.2621633030924	36.3458405205548	44.5
-16.2403454465209	36.3326899733344	44.5
-16.2185238743382	36.3195054722838	44.5
-16.1966985865442	36.3062870174031	44.5
-16.1748695831391	36.2930346086922	44.5
-16.1530368641227	36.2797482461511	44.5
-16.1312004294951	36.2664279297799	44.5
-16.1093602792563	36.2530736595784	44.5
-16.0875164134063	36.2396854355469	44.5
-16.065668831945	36.2262632576851	44.5
-16.0438175348725	36.2128071259932	44.5
-16.0219625221888	36.1993170404711	44.5
-16.0001037938939	36.1857930011188	44.5
-15.9782413499878	36.1722350079364	44.5
-15.9563751904705	36.1586430609237	44.5
-15.9345053153419	36.145017160081	44.5
-15.9126317246021	36.131357305408	44.5
-15.8907544182511	36.1176634969049	44.5
-15.8688733962889	36.1039357345716	44.5
-15.8469886587154	36.0901740184081	44.5
-15.8251002055308	36.0763783484145	44.5
-15.8032080367349	36.0625487245907	44.5
-15.7813121523278	36.0486851469367	44.5
-15.7594125523095	36.0347876154526	44.5
-15.7375092366799	36.0208561301382	44.5
-15.7156022054392	36.0068906909937	44.5
-15.6936914585872	35.9928912980191	44.5
-15.671776996124	35.9788579512143	44.5
-15.6498588180496	35.9647906505793	44.5
-15.627936924364	35.9506893961141	44.5
-15.6060113150671	35.9365541878187	44.5
-15.584081990159	35.9223850256932	44.5
-15.5621489496397	35.9081819097375	44.5
-15.5402121935092	35.8939448399517	44.5
-15.5182717217675	35.8796738163357	44.5
-15.4963275344145	35.8653688388895	44.5
-15.4743796314504	35.8510299076131	44.5
-15.452428012875	35.8366570225066	44.5
-15.4304726786884	35.8222501835698	44.5
-15.4085136288905	35.807809390803	44.5
-15.3865508634815	35.7933346442059	44.5
-15.3645843824612	35.7788259437787	44.5
-15.3426141858297	35.7642832895213	44.5
-15.320640273587	35.7497066814337	44.5
-15.2986626457331	35.735096119516	44.5
-15.276681302268	35.7204516037681	44.5
-15.2546962431916	35.70577313419	44.5
-15.232707468504	35.6910607107818	44.5
-15.2107149782052	35.6763143335434	44.5
-15.1887187722952	35.6615340024748	44.5
-15.166718850774	35.646719717576	44.5
-15.1447152136415	35.6318714788471	44.5
-15.1227078608978	35.616989286288	44.5
-15.1006967925429	35.6020731398987	44.5
-15.0786820085768	35.5871230396793	44.5
-15.0566635089995	35.5721389856297	44.5
-15.0346412938109	35.5571209777499	44.5
-15.0126153630111	35.5420690160399	44.5
-14.9905857166001	35.5269831004998	44.5
-14.9685523545779	35.5118632311295	44.5
-14.9465152769445	35.496709407929	44.5
-14.9244744836998	35.4815216308984	44.5
-14.902429974844	35.4662999000376	44.5
-14.8803817503769	35.4510442153466	44.5
-14.8583298102986	35.4357545768255	44.5
-14.836274154609	35.4204309844742	44.5
-14.8142147833083	35.4050734382927	44.5
-14.7921516963963	35.389681938281	44.5
-14.7700848938732	35.3742564844392	44.5
-14.7480143757387	35.3587970767672	44.5
-14.7259401419931	35.343303715265	44.5
-14.7038621926363	35.3277763999327	44.5
-14.6817805276682	35.3122151307701	44.5
-14.6596951470889	35.2966199077775	44.5
-14.6376060508984	35.2809907309546	44.5
-14.6155132390967	35.2653276003016	44.5
-14.5934167116838	35.2496305158184	44.5
-14.5713164686596	35.233899477505	44.5
-14.5492125100242	35.2181344853615	44.5
-14.5271048357776	35.2023355393878	44.5
-14.5049934459198	35.1865026395839	44.5
-14.4828783404508	35.1706357859498	44.5
-14.4607595193705	35.1547349784856	44.5
-14.438636982679	35.1388002171912	44.5
-14.4165107303764	35.1228315020667	44.5
-14.3943807624624	35.1068288331119	44.5
-14.3722470789373	35.090792210327	44.5
-14.350109679801	35.074721633712	44.5
-14.3279685650534	35.0586171032667	44.5
-14.3058237346946	35.0424786189913	44.5
-14.2836751887246	35.0263061808857	44.5
-14.2615229271434	35.01009978895	44.5
-14.2393669499509	34.993859443184	44.5
-14.2172072571472	34.9775851435879	44.5
-14.1950438487324	34.9612768901617	44.5
-14.1728767247063	34.9449346829052	44.5
-14.1507058850689	34.9285585218186	44.5
-14.1285313298204	34.9121484069018	44.5
-14.1063530589606	34.8957043381549	44.5
-14.0841710724896	34.8792263155777	44.5
-14.0619853704074	34.8627143391705	44.5
-14.039795952714	34.846168408933	44.5
-14.0176028194094	34.8295885248654	44.5
-13.9954059704935	34.8129746869675	44.5
-13.9732054059664	34.7963268952396	44.5
-13.9510011258281	34.7796451496814	44.5
-13.9287931300786	34.7629294502931	44.5
-13.9065814187179	34.7461797970746	44.5
-13.8843659917459	34.729396190026	44.5
-13.8621468491628	34.7125786291471	44.5
-13.8399239909684	34.6957271144381	44.5
-13.8176974171627	34.6788416458989	44.5
-13.7954671277459	34.6619222235296	44.5
-13.7732331227179	34.6449688473301	44.5
-13.7509954020786	34.6279815173004	44.5
-13.7287539658281	34.6109602334406	44.5
-13.7065088139664	34.5939049957505	44.5
-13.6842599464935	34.5768158042303	44.5
-13.6620073634093	34.55969265888	44.5
-13.6397510647139	34.5425355596994	44.5
-13.6174910504074	34.5253445066887	44.5
-13.5952273204896	34.5081194998478	44.5
-13.5729598749605	34.4908605391768	44.5
-13.5506887138203	34.4735676246756	44.5
-13.5284138370688	34.4562407563442	44.5
-13.5061352447061	34.4388799341826	44.5
-13.4838529367322	34.4214851581909	44.5
-13.4615669131471	34.404056428369	44.5
-13.4392771739508	34.3865937447169	44.5
-13.4169837191432	34.3690971072347	44.5
-13.3946865487244	34.3515665159222	44.5
-13.3723856626944	34.3340019707797	44.5
-13.3500810610532	34.3164034718069	44.5
-13.3277727438008	34.298771019004	44.5
-13.3054607109371	34.2811046123709	44.5
-13.2831449624622	34.2634042519076	44.5
-13.2608254983762	34.2456699376142	44.5
-13.2385023186788	34.2279016694905	44.5
-13.2161754233703	34.2100994475368	44.5
-13.1938448124506	34.1922632717528	44.5
-13.1715104859196	34.1743931421387	44.5
-13.1491724437774	34.1564890586944	44.5
-13.126830686024	34.1385510214199	44.5
-13.1044852126594	34.1205790303153	44.5
-13.0821360236835	34.1025730853805	44.5
-13.0597831190964	34.0845331866155	44.5
-13.0374264988982	34.0664593340204	44.5
-13.0150661630886	34.0483515275951	44.5
-12.9927021116679	34.0302097673396	44.5
-12.970334344636	34.0120340532539	44.5
-12.9479628619928	33.9938243853381	44.5
-12.9255876637384	33.9755807635921	44.5
-12.9032087498728	33.9573031880159	44.5
-12.880826120396	33.9389916586096	44.5
-12.858439775308	33.9206461753731	44.5
-12.8360497146087	33.9022667383064	44.5
-12.8136559382982	33.8838533474095	44.5
-12.7912584463765	33.8654060026825	44.5
-12.7688572388436	33.8469247041253	44.5
-12.7464523156995	33.8284094517379	44.5
-12.7240436769441	33.8098602455204	44.5
-12.7016313225775	33.7912770854727	44.5
-12.6792152525997	33.7726599715948	44.5
-12.6567954670107	33.7540089038867	44.5
-12.6343719658105	33.7353238823485	44.5
-12.611944748999	33.7166049069801	44.5
-12.5895138165764	33.6978519777816	44.5
-12.5670791685425	33.6790650947528	44.5
-12.5446408048974	33.6602442578939	44.5
-12.522198725641	33.6413894672049	44.5
-12.4997529307735	33.6225007226856	44.5
-12.4773034202947	33.6035780243362	44.5
-12.4548501942047	33.5846213721566	44.5
-12.4323932525035	33.5656307661469	44.5
-12.4099325951911	33.5466062063069	44.5
-12.3874682222675	33.5275476926368	44.5
-12.3650001337326	33.5084552251366	44.5
-12.3425283295865	33.4893288038061	44.5
-12.3200528098292	33.4701684286455	44.5
-12.2975735744607	33.4509740996547	44.5
-12.2750906234809	33.4317458168338	44.5
-12.25260395689	33.4124835801827	44.5
-12.2301135746878	33.3931873897014	44.5
-12.2076194768744	33.3738572453899	44.5
-12.1851216634498	33.3544931472483	44.5
-12.162620134414	33.3350950952765	44.5
-12.1401148897669	33.3156630894745	44.5
-12.1176059295086	33.2961971298423	44.5
-12.0950932536391	33.27669721638	44.5
-12.0725768621584	33.2571633490875	44.5
-12.0500567550665	33.2375955279649	44.5
-12.0275329323633	33.217993753012	44.5
-12.005005394049	33.198358024229	44.5
-11.9824741401234	33.1786883416159	44.5
-11.9599391705865	33.1589847051725	44.5
-11.9374004854385	33.139247114899	44.5
-11.9148580846793	33.1194755707953	44.5
-11.8923119683088	33.0996700728615	44.5
-11.8697621363271	33.0798306210975	44.5
-11.8472085887342	33.0599572155033	44.5
-11.8246513255301	33.0400498560789	44.5
-11.8020903467147	33.0201085428244	44.5
-11.7795256522882	33.0001332757396	44.5
-11.7569572422504	32.9801240548248	44.5
-11.7343851166014	32.9600808800797	44.5
-11.7118092753412	32.9400037515045	44.5
-11.6892297184697	32.9198926690991	44.5
-11.6666464459871	32.8997476328635	44.5
-11.6440594578932	32.8795686427978	44.5
-11.6214687541881	32.8593556989019	44.5
-11.5988743348718	32.8391088011758	44.5
-11.5762761999442	32.8188279496196	44.5
-11.5536743494055	32.7985131442332	44.5
-11.5310687832555	32.7781643850166	44.5
-11.5084595014943	32.7577816719698	44.5
-11.4858465041219	32.7373650050929	44.5
-11.4632297911383	32.7169143843858	44.5
-11.4406093625434	32.6964298098485	44.5
-11.4179852183373	32.6759112814811	44.5
-11.39535735852	32.6553587992835	44.5
-11.3727257830915	32.6347723632557	44.5
-11.3500904920518	32.6141519733978	44.5
-11.3274514854008	32.5934976297096	44.5
-11.3048087631387	32.5728093321913	44.5
-11.2821623252653	32.5520870808429	44.5
-11.2595121717807	32.5313308756642	44.5
-11.2368583026849	32.5105407166554	44.5
-11.2142007179778	32.4897166038165	44.5
-11.1915394176595	32.4688585371473	44.5
-11.1688744017301	32.447966516648	44.5
-11.1462056701894	32.4270405423185	44.5
-11.1235332230374	32.4060806141589	44.5
-11.1008570602743	32.385086732169	44.5
-11.0781771818999	32.364058896349	44.5
-11.0554935879143	32.3429971066988	44.5
-11.0328062783176	32.3219013632185	44.5
-11.0101152531095	32.300771665908	44.5
-10.9874205122903	32.2796080147673	44.5
-10.9647220558598	32.2584104097965	44.5
-10.9420198838182	32.2371788509954	44.5
-10.9193139961653	32.2159133383642	44.5
-10.8966043929012	32.1946138719029	44.5
-10.8738910740258	32.1732804516113	44.5
-10.8511740395393	32.1519130774896	44.5
-10.8284532894415	32.1305117495377	44.5
-10.8057288237325	32.1090764677557	44.5
-10.7830006424123	32.0876072321435	44.5
-10.7602687454809	32.0661040427011	44.5
-10.7375331329382	32.0445668994285	44.5
-10.7147938047843	32.0229958023258	44.5
-10.6920507610192	32.0013907513929	44.5
-10.6693040016429	31.9797517466298	44.5
-10.6465535266554	31.9580787880366	44.5
-10.6237993360567	31.9363718756132	44.5
-10.6010414298467	31.9146310093596	44.5
-10.5782798080255	31.8928561892758	44.5
-10.5555144705931	31.8710474153619	44.5
-10.5327454175495	31.8492046876178	44.5
-10.5099726488947	31.8273280060435	44.5
-10.4871961646286	31.8054173706391	44.5
-10.4644159647513	31.7834727814045	44.5
-10.4416320492628	31.7614942383397	44.5
-10.4188444181631	31.7394817414447	44.5
-10.3960530714522	31.7174352907196	44.5
-10.37325800913	31.6953548861643	44.5
-10.3504592311966	31.6732405277789	44.5
-10.327656737652	31.6510922155632	44.5
-10.3048505284962	31.6289099495174	44.5
-10.2820406037292	31.6066937296414	44.5
-10.2592269633509	31.5844435559353	44.5
-10.2364096073614	31.562159428399	44.5
-10.2135885357608	31.5398413470325	44.5
-10.1907637485488	31.5174893118358	44.5
-10.1679352457257	31.495103322809	44.5
-10.1451030272914	31.472683379952	44.5
-10.1222670932458	31.4502294832648	44.5
-10.099427443589	31.4277416327475	44.5
-10.076584078321	31.4052198284	44.5
-10.0537369974418	31.3826640702223	44.5
-10.0308862009513	31.3600743582144	44.5
-10.0080316888497	31.3374506923764	44.5
-9.98517346113677	31.3147930727082	44.5
-9.96231151781267	31.2921014992099	44.5
-9.93944585887735	31.2693759718813	44.5
-9.91657648433081	31.2466164907226	44.5
-9.89370339417304	31.2238230557337	44.5
-9.87082658840406	31.2009956669147	44.5
-9.84794606702387	31.1781343242655	44.5
-9.82506183003245	31.1552390277861	44.5
-9.80217387742981	31.1323097774765	44.5
-9.77928220921595	31.1093465733368	44.5
-9.75638682539087	31.0863494153669	44.5
-9.73348772595457	31.0633183035668	44.5
-9.71058491090706	31.0402532379366	44.5
-9.68767838024833	31.0171542184762	44.5
-9.66476813397837	30.9940212451856	44.5
-9.6418541720972	30.9708543180648	44.5
-9.61893649460481	30.9476534371139	44.5
-9.5960151015012	30.9244186023328	44.5
-9.57308999278636	30.9011498137215	44.5
-9.55016116846031	30.8778470712801	44.5
-9.52722862852304	30.8545103750085	44.5
-9.50429237297456	30.8311397249067	44.5
-9.48135240181485	30.8077351209747	44.5
-9.45840871504392	30.7842965632126	44.5
-9.43546131266178	30.7608240516203	44.5
-9.41251019466841	30.7373175861979	44.5
-9.38955536106382	30.7137771669452	44.5
-9.36659681184802	30.6902027938624	44.5
-9.343634547021	30.6665944669495	44.5
-9.32066856658275	30.6429521862063	44.5
-9.2976988705333	30.619275951633	44.5
-9.27472545887261	30.5955657632295	44.5
-9.25174833160071	30.5718216209958	44.5
-9.22876748871759	30.548043524932	44.5
-9.20578293022325	30.524231475038	44.5
-9.1827946561177	30.5003854713138	44.5
-9.15980266640092	30.4765055137595	44.5
-9.13680696107292	30.452591602375	44.5
-9.11380754013371	30.4286437371603	44.5
-9.09080440358327	30.4046619181155	44.5
-9.06779755142161	30.3806461452404	44.5
-9.04478698364874	30.3565964185352	44.5
-9.02177270026465	30.3325127379999	44.5
-8.99875470126934	30.3083951036343	44.5
-8.9757329866628	30.2842435154386	44.5
-8.95270755644506	30.2600579734127	44.5
-8.92967841061608	30.2358384775567	44.5
-8.9066455491759	30.2115850278705	44.5
-8.88360897212449	30.1872976243541	44.5
-8.86056867946186	30.1629762670075	44.5
-8.83752467118802	30.1386209558308	44.5
-8.81447694730295	30.1142316908239	44.5
-8.79142550780666	30.0898084719868	44.5
-8.76837035269916	30.0653512993196	44.5
-8.74531148198043	30.0408601728222	44.5
-8.72224889565049	30.0163350924946	44.5
-8.69918259370933	29.9917760583368	44.5
-8.67611257615695	29.9671830703489	44.5
-8.65303884299335	29.9425561285308	44.5
-8.62996139421853	29.9178952328825	44.5
-8.60688022983249	29.8932003834041	44.5
-8.58379534983523	29.8684715800955	44.5
-8.56070675422675	29.8437088229567	44.5
-8.53761444300706	29.8189121119878	44.5
-8.51451841617614	29.7940814471886	44.5
-8.49141867373401	29.7692168285593	44.5
-8.46831521568065	29.7443182560999	44.5
-8.44520804201608	29.7193857298102	44.5
-8.42209715274029	29.6944192496904	44.5
-8.39898254785327	29.6694188157405	44.5
-8.37586422735504	29.6443844279603	44.5
-8.35274219124559	29.61931608635	44.5
-8.32961643952492	29.5942137909095	44.5
-8.30648697219304	29.5690775416389	44.5
-8.28335378924992	29.543907338538	44.5
-8.2602168906956	29.518703181607	44.5
-8.23707627653005	29.4934650708459	44.5
-8.21393194675328	29.4681930062545	44.5
-8.1907839013653	29.442886987833	44.5
-8.16763214036609	29.4175470155813	44.5
-8.14447666375567	29.3921730894995	44.5
-8.12131747153402	29.3667652095875	44.5
-8.09815456370116	29.3413233758453	44.5
-8.07498794025708	29.3158475882729	44.5
-8.05181760120178	29.2903378468704	44.5
-8.02864354653526	29.2647941516377	44.5
-8.00546577625752	29.2392165025748	44.5
-7.98228429036856	29.2136048996817	44.5
-7.95909908886839	29.1879593429585	44.5
-7.93591017175699	29.1622798324051	44.5
-7.91271753903437	29.1365663680216	44.5
-7.88952119070054	29.1108189498078	44.5
-7.86632112675548	29.0850375777639	44.5
-7.84311734719921	29.0592222518898	44.5
-7.81990985203171	29.0333729721856	44.5
-7.796698641253	29.0074897386512	44.5
-7.77348371486307	28.9815725512866	44.5
-7.75026507286192	28.9556214100919	44.5
-7.72704271524955	28.9296363150669	44.5
-7.70381664202596	28.9036172662118	44.5
-7.68058685319115	28.8775642635266	44.5
-7.65735334874512	28.8514773070111	44.5
-7.63411612868788	28.8253563966655	44.5
-7.61087519301941	28.7992015324897	44.5
-7.58763054173972	28.7730127144838	44.5
-7.56438217484882	28.7467899426477	44.5
-7.54113009234669	28.7205332169814	44.5
-7.51787429423335	28.6942425374849	44.5
-7.49461478050879	28.6679179041583	44.5
-7.47135155117301	28.6415593170015	44.5
-7.448084606226	28.6151667760145	44.5
-7.42481394566779	28.5887402811974	44.5
-7.40153956949835	28.56227983255	44.5
-7.37826147771769	28.5357854300726	44.5
-7.35497967032581	28.5092570737649	44.5
-7.33169414732271	28.4826947636271	44.5
-7.30840490870839	28.4560984996591	44.5
-7.28511195448286	28.4294682818609	44.5
-7.2618152846461	28.4028041102326	44.5
-7.23851489919813	28.376105984774	44.5
-7.21521079813894	28.3493739054854	44.5
-7.19190298146852	28.3226078723665	44.5
-7.16859144918689	28.2958078854175	44.5
-7.14527620129404	28.2689739446383	44.5
-7.12195723778997	28.2421060500289	44.5
-7.09863455867468	28.2152042015894	44.5
-7.07530816394817	28.1882683993197	44.5
-7.05197805361044	28.1612986432198	44.5
-7.02864422766149	28.1342949332898	44.5
-7.00530668610132	28.1072572695295	44.5
-6.98196542892994	28.0801856519392	44.5
-6.95862045614734	28.0530800805186	44.5
-6.93527176775352	28.0259405552679	44.5
-6.91191936374847	27.998767076187	44.5
-6.8885632441322	27.9715596432759	44.5
-6.86520340890473	27.9443182565346	44.5
-6.84183985806602	27.9170429159632	44.5
-6.8184725916161	27.8897336215616	44.5
-6.79510160955496	27.8623903733299	44.5
-6.77172691188261	27.835013171268	44.5
-6.74834849859903	27.8076020153759	44.5
-6.72496636970423	27.7801569056536	44.5
-6.70158052519821	27.7526778421012	44.5
-6.67819096508097	27.7251648247186	44.5
-6.65479768935252	27.6976178535058	44.5
-6.63140069801284	27.6700369284628	44.5
-6.60799999106195	27.6424220495897	44.5
-6.58459556849984	27.6147732168864	44.5
-6.56118743032651	27.587090430353	44.5
-6.53777557654195	27.5593736899893	44.5
-6.51436000714618	27.5316229957955	44.5
-6.49094072213919	27.5038383477715	44.5
-6.46751772152098	27.4760197459174	44.5
-6.44409100529155	27.4481671902331	44.5
-6.42066057345091	27.4202806807186	44.5
-6.39722642599904	27.3923602173739	44.5
-6.37378856293596	27.3644058001991	44.5
-6.35034698426165	27.3364174291941	44.5
-6.32690168997612	27.3083951043589	44.5
-6.30345268007938	27.2803388256936	44.5
-6.27999995457142	27.2522485931981	44.5
-6.25654351345224	27.2241244068724	44.5
-6.23308335672183	27.1959662667166	44.5
-6.20961948438021	27.1677741727305	44.5
-6.18615189642737	27.1395481249143	44.5
-6.16268059286331	27.111288123268	44.5
-6.13920557368803	27.0829941677914	44.5
-6.11572683890153	27.0546662584847	44.5
-6.09224438850382	27.0263043953479	44.5
-6.06875822249488	26.9979085783808	44.5
-6.04526834087473	26.9694788075836	44.5
-6.02177474364335	26.9410150829562	44.5
-5.99827743080075	26.9125174044986	44.5
-5.97477640234694	26.8839857722109	44.5
-5.95127165828191	26.855420186093	44.5
-5.92776319860566	26.8268206461449	44.5
-5.90425102331819	26.7981871523667	44.5
-5.8807351324195	26.7695197047583	44.5
-5.85721552590958	26.7408183033197	44.5
-5.83369220378846	26.7120829480509	44.5
-5.81016516605611	26.683313638952	44.5
-5.78663441271254	26.6545103760229	44.5
-5.76309994375776	26.6256731592637	44.5
-5.73956175919175	26.5968019886742	44.5
-5.71601985901453	26.5678968642546	44.5
-5.69247424322608	26.5389577860048	44.5
-5.66892491182642	26.5099847539249	44.5
-5.64537186481553	26.4809777680148	44.5
-5.62181510219343	26.4519368282745	44.5
-5.59825462396011	26.422861934704	44.5
-5.591054003525	26.4141408481222	44.5
-5.58369028338828	26.4055570312809	44.5
-5.57616607984464	26.3971135339693	44.5
-5.56848406620779	26.3888133561217	44.5
-5.56064697186058	26.380659446752	44.5
-5.55265758128532	26.3726547029051	44.5
-5.54451873307445	26.3648019686286	44.5
-5.53623331892197	26.3571040339615	44.5
-5.52780428259608	26.3495636339433	44.5
-5.51923461889325	26.3421834476422	44.5
-5.51052737257419	26.3349660972034	44.5
-5.50168563728207	26.327914146917	44.5
-5.49271255444331	26.3210301023075	44.5
-5.48361131215154	26.314316409243	44.5
-5.4743851440348	26.3077754530668	44.5
-5.46503732810669	26.3014095577494	44.5
-5.4555711856017	26.2952209850632	44.5
-5.44599007979519	26.2892119337785	44.5
-5.43629741480843	26.2833845388827	44.5
-5.42649663439913	26.2777408708214	44.5
-5.41659122073791	26.272282934763	44.5
-5.40658469317108	26.2670126698861	44.5
-5.39648060697024	26.2619319486909	44.5
-5.38628255206909	26.2570425763334	44.5
-5.37599415178799	26.2523462899842	44.5
-5.36561906154657	26.2478447582116	44.5
-5.35516096756498	26.2435395803884	44.5
-5.34462358555422	26.2394322861237	44.5
-5.33401065939595	26.2355243347196	44.5
-5.3233259598123	26.2318171146527	44.5
-5.31257328302614	26.2283119430806	44.5
-5.30175644941235	26.225010065374	44.5
-5.29087930214039	26.2219126546745	44.5
-5.27994570580891	26.2190208114772	44.5
-5.26895954507261	26.2163355632403	44.5
-5.2579247232621	26.2138578640197	44.5
-5.24684516099702	26.2115885941301	44.5
-5.23572479479309	26.2095285598323	44.5
-5.22456757566346	26.2076784930468	44.5
-5.21337746771497	26.2060390510934	44.5
-5.20215844673969	26.204610816458	44.5
-5.19091449880235	26.2033942965856	44.5
-5.17964961882412	26.2023899236999	44.5
-5.1683678091632	26.2015980546498	44.5
-5.15707307819287	26.2010189707827	44.5
-5.14576943887723	26.2006528778442	44.5
-5.13446090734553	26.2004999059055	44.5
-5.12315150146517	26.2005601093167	44.5
-5.1118452394142	26.2008334666879	44.5
-5.1005461382537	26.2013198808965	44.5
-5.08925821250051	26.2020191791218	44.5
-5.0779854727009	26.2029311129065	44.5
-5.06673192400563	26.2040553582449	44.5
-5.05550156474699	26.205391515698	44.5
-5.04429838501814	26.2069391105353	44.5
-5.03312636525549	26.2086975929038	44.5
-5.02198947482446	26.2106663380231	44.5
-5.0108916706092	26.2128446464075	44.5
-4.99983689560671	26.2152317441142	44.5
-4.98882907752589	26.217826783019	44.5
-4.9778721273921	26.2206288411168	44.5
-4.96696993815755	26.2236369228496	44.5
-4.95612638331817	26.2268499594605	44.5
-4.94534531553735	26.2302668093728	44.5
-4.93463056527714	26.2338862585959	44.5
-4.92398593943729	26.2377070211568	44.5
-4.91341522000267	26.2417277395568	44.5
-4.90292216269957	26.2459469852538	44.5
-4.89251049566128	26.2503632591698	44.5
-4.88218391810353	26.2549749922238	44.5
-4.87194609901014	26.2597805458889	44.5
-4.8618006758295	26.2647782127749	44.5
-4.85175125318215	26.2699662172345	44.5
-4.84180140158011	26.2753427159944	44.5
-4.83195465615827	26.2809057988101	44.5
-4.82221451541839	26.2866534891449	44.5
-4.81258443998611	26.2925837448718	44.5
-4.80306785138137	26.2986944589991	44.5
-4.79366813080278	26.3049834604192	44.5
-4.78438861792631	26.3114485146798	44.5
-4.7752326097187	26.318087324778	44.5
-4.76620335926606	26.3248975319761	44.5
-4.7573040746181	26.33187671664	44.5
-4.74853791764826	26.3390223990985	44.5
-4.73990800293038	26.3463320405247	44.5
-4.73141739663208	26.3538030438378	44.5
-4.72306911542532	26.3614327546259	44.5
-4.71486612541468	26.3692184620891	44.5
-4.70681134108345	26.3771574000027	44.5
-4.69890762425815	26.3852467476997	44.5
-4.69115778309173	26.3934836310734	44.5
-4.68356457106585	26.4018651235985	44.5
-4.67613068601259	26.4103882473704	44.5
-4.66885876915592	26.4190499741641	44.5
-4.66175140417327	26.427847226509	44.5
-4.65481111627757	26.4367768787834	44.5
-4.64804037132006	26.4458357583244	44.5
-4.64144157491419	26.4550206465552	44.5
-4.63501707158091	26.4643282801286	44.5
-4.62876914391565	26.473755352087	44.5
-4.62270001177736	26.4832985130363	44.5
-4.6168118314998	26.4929543723371	44.5
-4.61110669512537	26.5027194993085	44.5
-4.60558662966188	26.5125904244473	44.5
-4.60025359636228	26.5225636406609	44.5
-4.59510949002792	26.532635604513	44.5
-4.59015613833529	26.5428027374828	44.5
-4.58539530118665	26.5530614272365	44.5
-4.58082867008478	26.5634080289103	44.5
-4.57645786753197	26.573838866406	44.5
-4.57228444645354	26.5843502336967	44.5
-4.56830988964613	26.5949383961436	44.5
-4.56453560925085	26.6055995918231	44.5
-4.56096294625156	26.616330032863	44.5
-4.5575931699984	26.6271259067887	44.5
-4.55442747775684	26.6379833778778	44.5
-4.55146699428225	26.6488985885223	44.5
-4.54871277142032	26.6598676605999	44.5
-4.54616578773331	26.6708866968516	44.5
-4.5438269481524	26.6819517822662	44.5
-4.54169708365615	26.6930589854716	44.5
-4.53977695097529	26.7042043601313	44.5
-4.5380672323238	26.7153839463468	44.5
-4.53656853515659	26.7265937720644	44.5
-4.53528139195362	26.7378298544863	44.5
-4.53420626003074	26.749088201486	44.5
-4.53334352137721	26.7603648130264	44.5
-4.53269348251996	26.7716556825811	44.5
-4.5322563744147	26.782956798558	44.5
-4.53203235236387	26.7942641457242	44.5
-4.53202149596142	26.8055737066333	44.5
-4.53222380906458	26.8168814630521	44.5
-4.53263921979249	26.8281833973885	44.5
-4.53326758055167	26.8394754941191	44.5
-4.53410866808854	26.8507537412157	44.5
-4.53516218356872	26.8620141315709	44.5
-4.53642775268316	26.8732526644215	44.5
-4.53790492578118	26.8844653467703	44.5
-4.53959317803022	26.8956481948048	44.5
-4.54149190960229	26.9067972353121	44.5
-4.5436004458871	26.9179085070914	44.5
-4.54591803773176	26.9289780623607	44.5
-4.54844386170691	26.9400019681596	44.5
-4.55117702039933	26.950976307747	44.5
-4.55411654273074	26.9618971819923	44.5
-4.55726138430286	26.9727607107608	44.5
-4.56061042776845	26.9835630342924	44.5
-4.56416248322832	26.9943003145732	44.5
-4.56791628865406	27.0049687366985	44.5
-4.5718705103365	27.0155645102287	44.5
-4.5760237433595	27.026083870536	44.5
-4.58037451209913	27.0365230801417	44.5
-4.58492127074798	27.0468784300443	44.5
-4.58966240386436	27.0571462410374	44.5
-4.59459622694624	27.0673228650166	44.5
-4.59972098702977	27.0774046862759	44.5
-4.6050348633121	27.0873881227921	44.5
-4.61053596779829	27.0972696274979	44.5
-4.61622234597211	27.1070456895416	44.5
-4.62209197749047	27.1167128355349	44.5
-4.62814277690124	27.1262676307869	44.5
-4.6343725943842	27.1357066805244	44.5
-4.64077921651486	27.1450266310979	44.5
-4.6473603670509	27.1542241711733	44.5
-4.65411370774085	27.1632960329085	44.5
-4.66103683915492	27.1722389931143	44.5
-4.66745022759785	27.1802334901835	44.5
-4.67451889610055	27.188964126484	44.5
-4.68158658217752	27.1976935481814	44.5
-4.68994728734246	27.2080199964137	44.5
-4.6981981348527	27.2182107525189	44.5
-4.7047952133366	27.2263589076702	44.5
-4.71236895065323	27.2357133451151	44.5
-4.72100677118104	27.2463820421442	44.5
-4.73079760685507	27.2584748376298	44.5
-4.74183150347764	27.2721029457325	44.5
-4.75419922702894	27.2873784696098	44.5
-4.76091173831082	27.2956691681117	44.5
-4.76799186997768	27.3044139151222	44.5
-4.77545099501225	27.3136267570139	44.5
-4.78330045759169	27.3233217045418	44.5
-4.79155156078464	27.3335127176467	44.5
-4.80021555424859	27.3442136902587	44.5
-4.80930362192696	27.3554384351002	44.5
-4.81882686974639	27.3672006684894	44.5
-4.82879631331391	27.3795139951437	44.5
-4.83922286561413	27.3923918929832	44.5
-4.85011732470651	27.4058476979338	44.5
-4.86149036142251	27.4198945887306	44.5
-4.87335250706279	27.4345455717214	44.5
-4.8857141410945	27.4498134656699	44.5
-4.89858547884836	27.4657108865592	44.5
-4.91197655921598	27.4822502323951	44.5
-4.92589723234703	27.4994436680094	44.5
-4.9403571473464	27.5173031098633	44.5
-4.9553657399715	27.5358402108507	44.5
-4.97093222032937	27.5550663451017	44.5
-4.98706556057396	27.5749925927859	44.5
-5.0037744826033	27.5956297249156	44.5
-5.0210674457567	27.6169881881494	44.5
-5.038952634512	27.6390780895954	44.5
-5.05743794618276	27.6619091816145	44.5
-5.07653097861541	27.6854908466241	44.5
-5.09623901788654	27.709832081901	44.5
-5.11656902600008	27.734941484385	44.5
-5.13752762858446	27.7608272354822	44.5
-5.15912110258992	27.7874970858685	44.5
-5.18135536398558	27.8149583402928	44.5
-5.20423595545678	27.8432178423803	44.5
-5.22776803410219	27.872281959436	44.5
-5.25195635913108	27.902156567248	44.5
-5.27680527956049	27.932847034891	44.5
-5.30231872191245	27.9643582095294	44.5
-5.32850017791119	27.9966944012207	44.5
-5.35535269218035	28.029859367719	44.5
-5.38287884994017	28.0638562992785	44.5
-5.41108076470531	28.098687803457	44.5
-5.43996006664957	28.1343558907446	44.5
-5.46951789804389	28.1708619689301	44.5
-5.49975491838018	28.208206849434	44.5
-5.53067131147335	28.2463907560855	44.5
-5.56226679258555	28.2854133339273	44.5
-5.59454061555032	28.3252736580194	44.5
-5.62749157989676	28.3659702422437	44.5
-5.66111803797375	28.4075010481086	44.5
-5.69541790207409	28.449863493553	44.5
-5.73038865155869	28.4930544617508	44.5
-5.76602733998078	28.5370703099155	44.5
-5.80233060221001	28.5819068781042	44.5
-5.83929466155672	28.6275594980221	44.5
-5.87691533689609	28.6740230018271	44.5
-5.91518804979226	28.7212917309338	44.5
-5.95410783162261	28.769359544818	44.5
-5.99366933070188	28.8182198298213	44.5
-6.0338668194063	28.867865507955	44.5
-6.07469420129793	28.9182890457052	44.5
-6.11614501824864	28.9694824628362	44.5
-6.15821245756444	29.0214373411956	44.5
-6.20088935910958	29.0741448335185	44.5
-6.24416822243076	29.1275956722319	44.5
-6.28804121388132	29.1817801782586	44.5
-6.33250017374539	29.2366882698224	44.5
-6.37753662336207	29.2923094712517	44.5
-6.42314177224964	29.3486329217843	44.5
-6.46930652522971	29.4056473843718	44.5
-6.51602148955141	29.4633412544837	44.5
-6.56327698201557	29.5217025689117	44.5
-6.61106303609891	29.5807190145746	44.5
-6.6593694090782	29.6403779373222	44.5
-6.70818558915443	29.7006663507397	44.5
-6.75750080257702	29.7615709449523	44.5
-6.807304020768	29.8230780954293	44.5
-6.85758396744616	29.8851738717888	44.5
-6.90832912575125	29.9478440466016	44.5
-6.95952774536814	30.0110741041962	44.5
-7.01116784965103	30.0748492494624	44.5
-7.06323724274759	30.1391544166564	44.5
-7.1157235167232	30.2039742782047	44.5
-7.16861405868504	30.2692932535086	44.5
-7.22189605790636	30.3350955177486	44.5
-7.27555651295061	30.4013650106889	44.5
-7.32958223879562	30.4680854454813	44.5
-7.38395987395779	30.5352403174702	44.5
-7.43867588761628	30.6028129129964	44.5
-7.49371658673715	30.670786318202	44.5
-7.54906812319758	30.7391434278341	44.5
-7.60471650091005	30.80786695405	44.5
-7.66064758294649	30.8769394352208	44.5
-7.71684709866247	30.9463432447362	44.5
-7.77330065082139	31.0160605998089	44.5
-7.82999372271865	31.0860735702785	44.5
-7.88691168530584	31.1563640874166	44.5
-7.94403980431488	31.2269139527304	44.5
-8.00136324738227	31.2977048467677	44.5
-8.05886709117319	31.3687183379208	44.5
-8.11653632850577	31.4399358912313	44.5
-8.17435587547519	31.5113388771941	44.5
-8.23231057857785	31.5829085805619	44.5
-8.29038522183565	31.6546262091495	44.5
-8.34856453392008	31.7264729026385	44.5
-8.40683319527641	31.7984297413812	44.5
-8.4651758452479	31.8704777552052	44.5
-8.52357708919997	31.9425979322179	44.5
-8.58202150564436	32.0147712276104	44.5
-8.64049365336334	32.0869785724626	44.5
-8.69897807853384	32.1592008825469	44.5
-8.75745932185143	32.2314190671322	44.5
-8.81592192565065	32.3036140377791	44.5
-8.87435044101914	32.3757667171206	44.5
-8.9327294349102	32.4478580476381	44.5
-8.99104349725528	32.5198690004382	44.5
-9.04927724807659	32.5917805840293	44.5
-9.10741534459948	32.6635738530977	44.5
-9.16544248836501	32.7352299172846	44.5
-9.22334343234251	32.8067299499622	44.5
-9.28110298804203	32.8780551970101	44.5
-9.33870603262687	32.9491869855923	44.5
-9.39613751602611	33.0201067329332	44.5
-9.45338246804709	33.0907959550942	44.5
-9.51042600548798	33.1612362757504	44.5
-9.56725333925026	33.2314094349668	44.5
-9.62384978145117	33.3012972979748	44.5
-9.68020075253637	33.3708818639491	44.5
-9.73629178839232	33.4401452747836	44.5
-9.79210854745885	33.5090698238683	44.5
-9.8476368178417	33.5776379648655	44.5
-9.90286252442495	33.6458323204867	44.5
-9.95777173598362	33.7136356912685	44.5
-10.0123506722961	33.7810310643496	44.5
-10.0665857112568	33.848001622247	44.5
-10.1204633959886	33.9145307516327	44.5
-10.1739704419551	33.9806020521099	44.5
-10.2270937440736	34.0461993449898	44.5
-10.2798203838273	34.1113066820677	44.5
-10.332137636378	34.1759083543998	44.5
-10.3840329776784	34.2399889010799	44.5
-10.4354940915847	34.3035331180151	44.5
-10.4865088769692	34.366526066703	44.5
-10.5370654548328	34.4289530830081	44.5
-10.5871521754175	34.4907997859378	44.5
-10.6367576253186	34.5520520864196	44.5
-10.6858706345979	34.6126961960769	44.5
-10.7344802838954	34.6727186360058	44.5
-10.7825759115427	34.7321062455519	44.5
-10.8301471206744	34.7908461910861	44.5
-10.8771837863419	34.8489259747817	44.5
-10.9236760626248	34.9063334433904	44.5
-10.9696143897442	34.9630567970192	44.5
-11.0149895011746	35.0190845979068	44.5
-11.0597924307568	35.0744057791996	44.5
-11.1040145198105	35.129009653729	44.5
-11.1476474242464	35.1828859227872	44.5
-11.190683121679	35.236024684904	44.5
-11.2331139185391	35.2884164446233	44.5
-11.2749324571863	35.3400521212795	44.5
-11.3161317230214	35.3909230577738	44.5
-11.356705051599	35.4410210293512	44.5
-11.39664613574	35.4903382523764	44.5
-11.4359490326443	35.5388673931108	44.5
-11.474608171003	35.5866015764886	44.5
-11.5126183581109	35.6335343948933	44.5
-11.5499747869795	35.6796599169346	44.5
-11.5866730434488	35.7249726962244	44.5
-11.6227091133006	35.7694677801535	44.5
-11.6580793893703	35.8131407186681	44.5
-11.6927806786598	35.8559875730463	44.5
-11.72681020945	35.8980049246743	44.5
-11.7601656384132	35.9391898838236	44.5
-11.7928450577256	35.9795400984264	44.5
-11.8248470021799	36.0190537628531	44.5
-11.856170456298	36.0577296266884	44.5
-11.8868148614429	36.0955670035075	44.5
-11.916780122932	36.1325657796531	44.5
-11.9460666171489	36.1687264230113	44.5
-11.9746751986565	36.2040499917888	44.5
-12.0026072070654	36.238538142988	44.5
-12.0298644689869	36.2721931348147	44.5
-12.0564492893878	36.3050178160045	44.5
-12.0823644394097	36.3370156107843	44.5
-12.1076131440837	36.3681905037058	44.5
-12.1321990700464	36.3985470244794	44.5
-12.1561263132551	36.4280902328077	44.5
-12.179399386703	36.4568257032196	44.5
-12.2020232081349	36.4847595099038	44.5
-12.2240030877626	36.5118982115424	44.5
-12.2453447159797	36.5382488361452	44.5
-12.266054151078	36.5638188658826	44.5
-12.2861378069622	36.5886162219201	44.5
-12.3056024408652	36.6126492492516	44.5
-12.3244551410642	36.6359267015333	44.5
-12.3427033145954	36.6584577259175	44.5
-12.3603546749698	36.680251847886	44.5
-12.3774172298884	36.7013189560844	44.5
-12.3938992689577	36.7216692871552	44.5
-12.409809351405	36.7413134105721	44.5
-12.4251562937941	36.7602622134734	44.5
-12.4399491577402	36.7785268854957	44.5
-12.4541972376259	36.7961189036081	44.5
-12.4679100483159	36.8130500169452	44.5
-12.481097312873	36.8293322316415	44.5
-12.4937689502733	36.8449777956649	44.5
-12.5059350631215	36.8599991836503	44.5
-12.5176059253665	36.8744090817335	44.5
-12.5287919700164	36.8882203723849	44.5
-12.5395037768545	36.9014461192432	44.5
-12.5497520601543	36.9140995519492	44.5
-12.5595476563948	36.9261940509795	44.5
-12.5689015119763	36.9377431324803	44.5
-12.5778246709354	36.9487604331009	44.5
-12.5863282626608	36.9592596948278	44.5
-12.5944234896083	36.9692547498182	44.5
-12.6021216150165	36.9787595052338	44.5
-12.609433950622	36.9877879280745	44.5
-12.6163718443749	36.9963540300122	44.5
-12.6229466681542	37.0044718522245	44.5
-12.635052639245	37.0194188787143	44.5
-12.6458428506893	37.032741350761	44.5
-12.6554078859299	37.0445511130318	44.5
-12.6638375319502	37.0549590263245	44.5
-12.6712203861671	37.0640744822463	44.5
-12.6776434633236	37.0720049178939	44.5
-12.6856638828061	37.0819075532939	44.5
-12.6919921845047	37.0897209647692	44.5
-12.6994816252079	37.0989680053317	44.5
-12.7058502276739	37.106831171351	44.5
-12.7122425073011	37.1147235709296	44.5
-12.7192562564052	37.1233831059133	44.5
-12.7257555070542	37.1314042414268	44.5
-12.7321327173466	37.1392674173036	44.5
-12.738494091268	37.1471014506833	44.5
-12.7461449803395	37.156509201258	44.5
-12.7528283979767	37.1647138538452	44.5
-12.7604020216708	37.1739958470009	44.5
-12.7689399582937	37.1844398878613	44.5
-12.7785180400999	37.1961315292679	44.5
-12.7855194256158	37.204661541419	44.5
-12.7930406934429	37.2138098020928	44.5
-12.8011053191455	37.2236018096076	44.5
-12.8097369790719	37.2340629830789	44.5
-12.8189595223475	37.2452186131686	44.5
-12.8287969428688	37.2570938128339	44.5
-12.8392733512967	37.2697134680759	44.5
-12.8504129470501	37.2831021886885	44.5
-12.8622399902993	37.2972842590077	44.5
-12.8747787739595	37.31228358866	44.5
-12.8813226620413	37.3200970829145	44.5
-12.8880535956847	37.3281236633118	44.5
-12.894974608242	37.3363661912361	44.5
-12.9020887298607	37.3448274954177	44.5
-12.9093989866088	37.3535103703939	44.5
-12.916908399599	37.3624175749699	44.5
-12.9246199841137	37.3715518306796	44.5
-12.93253674873	37.3809158202468	44.5
-12.9406616944443	37.3905121860458	44.5
-12.948997813797	37.4003435285623	44.5
-12.9575480899976	37.4104124048545	44.5
-12.9663154960492	37.4207213270139	44.5
-12.9753029938735	37.4312727606263	44.5
-12.9845135334355	37.4420691232325	44.5
-12.9939500518682	37.4531127827894	44.5
-13.0036154725979	37.4644060561308	44.5
-13.0135127044682	37.4759512074283	44.5
-13.0236446408653	37.4877504466522	44.5
-13.034014158843	37.4998059280325	44.5
-13.0446241182467	37.5121197485197	44.5
-13.0554773608393	37.5246939462458	44.5
-13.0665767094249	37.5375304989851	44.5
-13.0779249669743	37.550631322615	44.5
-13.0895249157497	37.5639982695774	44.5
-13.1013793164293	37.577633127339	44.5
-13.1134909072321	37.5915376168523	44.5
-13.1258624030429	37.605713391017	44.5
-13.138496494537	37.6201620331405	44.5
-13.151395847305	37.6348850553985	44.5
-13.1645631009775	37.6498838972968	44.5
-13.17800086835	37.6651599241312	44.5
-13.1917117345077	37.6807144254492	44.5
-13.2056982559503	37.6965486135104	44.5
-13.2199629597168	37.7126636217476	44.5
-13.2345083425102	37.7290605032278	44.5
-13.2493368698224	37.7457402291128	44.5
-13.2644509750589	37.7627036871204	44.5
-13.2798530586638	37.7799516799852	44.5
-13.2955454872444	37.7974849239194	44.5
-13.311530592696	37.8153040470738	44.5
-13.3278106713269	37.8334095879989	44.5
-13.3443879829828	37.8518019941053	44.5
-13.3612647501722	37.8704816201251	44.5
-13.3784431571906	37.8894487265727	44.5
-13.3959253492455	37.9087034782052	44.5
-13.4137134315815	37.9282459424842	44.5
-13.4318094686047	37.9480760880359	44.5
-13.4502154830076	37.9681937831124	44.5
-13.468933454894	37.9885987940526	44.5
-13.4879653209036	38.0092907837429	44.5
-13.5073129733372	38.0302693100783	44.5
-13.5269782592811	38.0515338244233	44.5
-13.5469629797319	38.0730836700725	44.5
-13.5672688887216	38.0949180807121	44.5
-13.5878976924421	38.11703617888	44.5
-13.6088510483702	38.1394369744275	44.5
-13.6301305643923	38.1621193629797	44.5
-13.6517377979293	38.1850821243965	44.5
-13.6736742550611	38.2083239212337	44.5
-13.6959413896518	38.2318432972036	44.5
-13.7185406024742	38.2556386756361	44.5
-13.7414732403348	38.2797083579397	44.5
-13.7647405951984	38.3040505220621	44.5
-13.7883439033132	38.3286632209513	44.5
-13.8122843443351	38.3535443810164	44.5
-13.8365630404531	38.3786918005888	44.5
-13.8611810555135	38.4041031483827	44.5
-13.8861393941452	38.4297759619561	44.5
-13.9114390008842	38.4557076461719	44.5
-13.9370807592985	38.4818954716588	44.5
-13.9630654911195	38.5083365732921	44.5
-13.9893939555967	38.5350279493762	44.5
-14.0160668495294	38.5619664629454	44.5
-14.0430848076145	38.5891488440552	44.5
-14.07044840281	38.6165716921234	44.5
-14.0981581466982	38.6442314782709	44.5
-14.1262144898499	38.6721245476629	44.5
-14.1546178221874	38.7002471218498	44.5
-14.1833684733483	38.7285953011086	44.5
-14.2124667130488	38.7571650667833	44.5
-14.2419127514479	38.7859522836265	44.5
-14.2717067395101	38.8149527021399	44.5
-14.3018487693697	38.8441619609159	44.5
-14.3323388746937	38.8735755889782	44.5
-14.3631770310459	38.9031890081228	44.5
-14.3943631562504	38.9329975352595	44.5
-14.4258971107545	38.9629963847523	44.5
-14.4577786979932	38.9931806707608	44.5
-14.4900076647521	39.0235454095813	44.5
-14.5225837015311	39.0540855219874	44.5
-14.5555064429083	39.0847958355714	44.5
-14.5887754679029	39.1156710870854	44.5
-14.6223903003394	39.1467059247819	44.5
-14.6563504092107	39.1778949107551	44.5
-14.690655209042	39.2092325232818	44.5
-14.7253040602539	39.2407131591629	44.5
-14.7602962695266	39.2723311360635	44.5
-14.7956310901629	39.3040806948548	44.5
-14.8313077224519	39.3359560019546	44.5
-14.8673253140327	39.3679511516687	44.5
-14.9036829602579	39.4000601685315	44.5
-14.940379704557	39.4322770096474	44.5
-14.9774145388001	39.4645955670315	44.5
-15.0147864036615	39.4970096699511	44.5
-15.0524941889831	39.5295130872661	44.5
-15.090536734138	39.5620995297704	44.5
-15.1289128283943	39.594762652533	44.5
-15.1676212112782	39.6274960572388	44.5
-15.206660572938	39.6602932945298	44.5
-15.2460295545071	39.6931478663458	44.5
-15.2857267484684	39.726053228266	44.5
-15.325750699017	39.7590027918493	44.5
-15.3660999024243	39.791989926976	44.5
-15.4067728074013	39.8250079641883	44.5
-15.4477678154621	39.8580501970319	44.5
-15.4890832812879	39.8911098843963	44.5
-15.53071751309	39.9241802528563	44.5
-15.5726687729737	39.9572544990131	44.5
-15.6149352773016	39.9903257918349	44.5
-15.6575151970574	40.0233872749983	44.5
-15.7004066582094	40.0564320692291	44.5
-15.743607742074	40.0894532746436	44.5
-15.7871164856792	40.1224439730893	44.5
-15.8309308821282	40.155397230486	44.5
-15.8750488809631	40.1883060991671	44.5
-15.9194683885283	40.2211636202201	44.5
-15.9641872683339	40.2539628258282	44.5
-16.0092033414198	40.2866967416109	44.5
-16.0545143867185	40.3193583889653	44.5
-16.1001181414193	40.3519407874069	44.5
-16.1460123013315	40.3844369569108	44.5
-16.1921945212482	40.4168399202525	44.5
-16.2386624153095	40.4491427053493	44.5
-16.2854135573665	40.4813383476009	44.5
-16.3324454813444	40.5134198922308	44.5
-16.3797556816064	40.5453803966269	44.5
-16.4273416133172	40.577212932683	44.5
-16.4752006928063	40.6089105891394	44.5
-16.523330297932	40.6404664739242	44.5
-16.5717277684444	40.6718737164944	44.5
-16.6203904063495	40.7031254701764	44.5
-16.6693154762724	40.7342149145077	44.5
-16.7185002058209	40.7651352575775	44.5
-16.7679417859493	40.7958797383677	44.5
-16.8176373713216	40.8264416290942	44.5
-16.8675840806753	40.8568142375478	44.5
-16.917778997185	40.8869909094351	44.5
-16.9682191688255	40.9169650307196	44.5
-17.0189016087361	40.9467300299629	44.5
-17.0698232955835	40.9762793806655	44.5
-17.1209811739255	41.0056066036078	44.5
-17.172372154575	41.0347052691913	44.5
-17.223993114963	41.0635689997796	44.5
-17.2758408995023	41.0921914720392	44.5
-17.3279123199513	41.1205664192808	44.5
-17.3802041557772	41.1486876338001	44.5
-17.4327131545199	41.1765489692192	44.5
-17.4854360321553	41.2041443428271	44.5
-17.5383694734589	41.2314677379211	44.5
-17.5915101323694	41.2585132061475	44.5
-17.6448546323524	41.2852748698431	44.5
-17.6983995667636	41.3117469243759	44.5
-17.7521414992126	41.337923640486	44.5
-17.8060769639267	41.3637993666269	44.5
-17.8602024661137	41.3893685313066	44.5
-17.9145144823263	41.414625645428	44.5
-17.969009460825	41.4395653046309	44.5
-18.0236838219422	41.4641821916321	44.5
-18.0785339584454	41.488471078567	44.5
-18.1335562359007	41.5124268293303	44.5
-18.1887469930366	41.5360444019173	44.5
-18.2441025421075	41.5593188507648	44.5
-18.2996191692571	41.5822453290919	44.5
-18.3552931348823	41.6048190912414	44.5
-18.4111206739961	41.6270354950207	44.5
-18.4670979965921	41.6488900040426	44.5
-18.523221288007	41.6703781900666	44.5
-18.579486709285	41.69149573534	44.5
-18.6358903975411	41.7122384349384	44.5
-18.6924284663242	41.7326021991072	44.5
-18.7490970059816	41.7525830556027	44.5
-18.8058920840215	41.7721771520327	44.5
-18.8628097454773	41.7913807581978	44.5
-18.9198460132708	41.8101902684324	44.5
-18.9769968885762	41.8286022039455	44.5
-19.0342583511828	41.8466132151622	44.5
-19.0916263598594	41.8642200840643	44.5
-19.1490968527175	41.8814197265315	44.5
-19.2066657475748	41.8982091946822	44.5
-19.264328942319	41.914585679215	44.5
-19.322082315271	41.9305465117491	44.5
-19.3799217255488	41.946089167166	44.5
-19.4378430134307	41.96121126595	44.5
-19.4958420007193	41.9759105765293	44.5
-19.5539144911047	41.9901850176173	44.5
-19.6120562705283	42.0040326605533	44.5
-19.6702631075459	42.0174517316438	44.5
-19.7285307536919	42.0304406145033	44.5
-19.7868549438424	42.0429978523955	44.5
-19.8452313965789	42.0551221505742	44.5
-19.9036558145518	42.0668123786243	44.5
-19.9621238848533	42.0780675726982	44.5
-20.0206312795124	42.0888869363347	44.5
-20.0791736561924	42.0992698389549	44.5
-20.1377466589379	42.1092158137796	44.5
-20.1963459189227	42.1187245557359	44.5
-20.254967055198	42.127795919364	44.5
-20.3136056754405	42.1364299167247	44.5
-20.3722573767006	42.1446267153063	44.5
-20.4309177461497	42.1523866359311	44.5
-20.4895823618294	42.1597101506628	44.5
-20.5482467933986	42.1665978807137	44.5
-20.606906602882	42.1730505943509	44.5
-20.6655573454181	42.1790692048042	44.5
-20.724194570007	42.1846547681724	44.5
-20.782813820259	42.1898084813306	44.5
-20.8414106351421	42.1945316798373	44.5
-20.8999805497302	42.198825835841	44.5
-20.9585190959515	42.2026925559875	44.5
-21.017021803336	42.2061335793267	44.5
-21.0754841997639	42.2091507752199	44.5
-21.1339018122137	42.2117461412464	44.5
-21.1922701675101	42.2139218011105	44.5
-21.2505847930719	42.215680002549	44.5
-21.3088412176605	42.2170231152375	44.5
-21.3670349721274	42.2179536286978	44.5
-21.4251615901629	42.2184741502049	44.5
-21.4832166090434	42.2185874026938	44.5
-21.5411955703802	42.2182962226665	44.5
-21.5990940208671	42.2176035580991	44.5
-21.6569075130284	42.2165124663488	44.5
-21.7146316059673	42.2150261120607	44.5
-21.7722618661136	42.213147765075	44.5
-21.8297938679721	42.2108807983339	44.5
-21.8872231948703	42.2082286857885	44.5
-21.9445454397066	42.2051950003059	44.5
-22.0017562056987	42.2017834115762	44.5
-22.0588511071308	42.1979976840193	44.5
-22.1158257701027	42.1938416746923	44.5
-22.1726758332769	42.1893193311958	44.5
-22.2293969486275	42.1844346895817	44.5
-22.2859847821873	42.1791918722596	44.5
-22.342435014797	42.1735950859038	44.5
-22.3987433428521	42.1676486193608	44.5
-22.4549054790519	42.1613568415557	44.5
-22.510917153147	42.1547241993994	44.5
-22.5667741126873	42.1477552156959	44.5
-22.6224721237706	42.1404544870486	44.5
-22.6780069717902	42.1328266817679	44.5
-22.7333744621828	42.1248765377781	44.5
-22.7885704211771	42.1166088605239	44.5
-22.8435906965415	42.108028520878	44.5
-22.8984311583322	42.0991404530478	44.5
-22.9530876996413	42.0899496524824	44.5
-23.0075562373447	42.0804611737795	44.5
-23.0618327128504	42.0706801285926	44.5
-23.1159130928464	42.0606116835379	44.5
-23.1697933700488	42.050261058101	44.5
-23.2234695639498	42.0396335225444	44.5
-23.2769377215658	42.0287343958142	44.5
-23.3301939181853	42.0175690434471	44.5
-23.3832342581174	42.0061428754773	44.5
-23.4360548754394	41.9944613443436	44.5
-23.4886519347448	41.9825299427965	44.5
-23.5410216318918	41.9703542018049	44.5
-23.593160194751	41.9579396884634	44.5
-23.6450638839537	41.9452920038991	44.5
-23.6967289936395	41.9324167811784	44.5
-23.748151852205	41.9193196832145	44.5
-23.7993288230513	41.906006400674	44.5
-23.8502563053324	41.8924826498837	44.5
-23.900930734703	41.8787541707383	44.5
-23.9513485840667	41.8648267246067	44.5
-24.0015063643241	41.8507060922392	44.5
-24.0514006251208	41.8363980716746	44.5
-24.1010279555952	41.8219084761471	44.5
-24.1503849851271	41.8072431319932	44.5
-24.1994683840852	41.7924078765589	44.5
-24.2482748645756	41.7774085561066	44.5
-24.2968011811893	41.7622510237218	44.5
-24.345044131751	41.7469411372205	44.5
-24.3930005580665	41.7314847570561	44.5
-24.4406673466711	41.7158877442261	44.5
-24.4880414295775	41.7001559581795	44.5
-24.5351197850239	41.6842952547233	44.5
-24.5818994382221	41.6683114839301	44.5
-24.6283774621056	41.6522104880446	44.5
-24.6745509780772	41.6359980993906	44.5
-24.720417156758	41.6196801382783	44.5
-24.7659732187344	41.603262410911	44.5
-24.8112164353067	41.5867507072923	44.5
-24.8561441292373	41.5701507991328	44.5
-24.9007536754983	41.5534684377575	44.5
-24.9450425020199	41.5367093520124	44.5
-24.9890080904383	41.5198792461715	44.5
-25.0326479768438	41.5029837978443	44.5
-25.0759597525287	41.4860286558821	44.5
-25.1189410647358	41.4690194382854	44.5
-25.1615896174059	41.4519617301107	44.5
-25.2039031719262	41.4348610813776	44.5
-25.2458795478781	41.4177230049759	44.5
-25.2875166237857	41.4005529745723	44.5
-25.3288123378632	41.3833564225175	44.5
-25.3697646887636	41.3661387377531	44.5
-25.4103717363263	41.3489052637191	44.5
-25.4506316023255	41.3316612962601	44.5
-25.4905424712178	41.3144120815328	44.5
-25.5301025908906	41.2971628139128	44.5
-25.5693102734103	41.2799186339017	44.5
-25.6081638957699	41.262684626034	44.5
-25.6466619006373	41.2454658167841	44.5
-25.6848027971035	41.2282671724734	44.5
-25.7225851614302	41.2110935971771	44.5
-25.7600076377983	41.1939499306311	44.5
-25.7970689390559	41.1768409461394	44.5
-25.8337678474661	41.1597713484808	44.5
-25.8701032154552	41.1427457718158	44.5
-25.9060739663608	41.1257687775939	44.5
-25.9416790951797	41.1088448524602	44.5
-25.9769176693163	41.0919784061628	44.5
-26.0117888293301	41.0751737694593	44.5
-26.0462917896842	41.0584351920242	44.5
-26.0804258394933	41.0417668403558	44.5
-26.1141903432716	41.0251727956832	44.5
-26.1475847416808	41.0086570518728	44.5
-26.1806085522784	40.9922235133362	44.5
-26.2132613702657	40.9758759929365	44.5
-26.2455428692355	40.9596182098952	44.5
-26.2774528019208	40.9434537877	44.5
-26.3089910009421	40.9273862520107	44.5
-26.3401573795561	40.911419028567	44.5
-26.3709519324028	40.8955554410967	44.5
-26.4013747361219	40.8797987094546	44.5
-26.4314259491485	40.8641519492167	44.5
-26.4611058107622	40.848618172594	44.5
-26.490414640044	40.8332002895108	44.5
-26.5193528348321	40.817901108683	44.5
-26.5479208706788	40.8027233386974	44.5
-26.5761192998064	40.7876695890899	44.5
-26.6039487500634	40.7727423714244	44.5
-26.6314099238815	40.7579441003718	44.5
-26.658503597231	40.7432770947883	44.5
-26.6852306185778	40.7287435787943	44.5
-26.7115919078392	40.7143456828532	44.5
-26.7375884553406	40.7000854448501	44.5
-26.7632213207715	40.6859648111704	44.5
-26.7884916321421	40.6719856377785	44.5
-26.8134005847393	40.6581496912968	44.5
-26.8379494400832	40.6444586500842	44.5
-26.8621395248833	40.6309141053146	44.5
-26.8859722299948	40.6175175620562	44.5
-26.9094490093751	40.6042704403499	44.5
-26.9325713790399	40.5911740762877	44.5
-26.9553409160193	40.578229723092	44.5
-26.9777592573148	40.5654385521941	44.5
-26.9998280988549	40.5528016543128	44.5
-27.0215491944515	40.5403200405332	44.5
-27.0429243547566	40.5279946433854	44.5
-27.0639554462184	40.5158263179233	44.5
-27.0846443900374	40.5038158428033	44.5
-27.1049931611228	40.491963921363	44.5
-27.1250037870492	40.4802711826999	44.5
-27.1446783470122	40.46873818275	44.5
-27.1640189707854	40.4573654053669	44.5
-27.1830278376761	40.4461532634001	44.5
-27.201707175482	40.435102099774	44.5
-27.2200592594473	40.4242121885666	44.5
-27.2380864112193	40.4134837360879	44.5
-27.2557909978043	40.4029168819592	44.5
-27.2731754305241	40.3925117001911	44.5
-27.2902421639724	40.3822682002629	44.5
-27.3069936949707	40.372186328201	44.5
-27.3234325615253	40.3622659676576	44.5
-27.339561341783	40.3525069409895	44.5
-27.3553826529874	40.3429090103368	44.5
-27.3708991504358	40.3334718787015	44.5
-27.3861135264348	40.3241951910266	44.5
-27.401028509257	40.3150785352744	44.5
-27.4156468620973	40.3061214435053	44.5
-27.429971382029	40.2973233929569	44.5
-27.4440048989602	40.288683807122	44.5
-27.4577502745901	40.2802020568283	44.5
-27.4712104013654	40.271877461316	44.5
-27.4843882014366	40.2637092893174	44.5
-27.497286625614	40.2556967601355	44.5
-27.5099086523243	40.247839044722	44.5
-27.522257286567	40.2401352667572	44.5
-27.5343355588703	40.2325845037275	44.5
-27.5461465242476	40.2251857880051	44.5
-27.5576932611542	40.2179381079262	44.5
-27.5689788704428	40.2108404088698	44.5
-27.5800064743205	40.2038915943365	44.5
-27.5907792153047	40.1970905270271	44.5
-27.6013002551797	40.1904360299217	44.5
-27.6115727739527	40.1839268873578	44.5
-27.6215999688103	40.1775618461095	44.5
-27.6313850530747	40.1713396164661	44.5
-27.6409312551602	40.1652588733107	44.5
-27.6502418175292	40.1593182571993	44.5
-27.6593199956487	40.1535163754388	44.5
-27.6681690569465	40.1478518031664	44.5
-27.6767922797678	40.1423230844283	44.5
-27.6933743716843	40.1316672347545	44.5
-27.709092676841	40.1215365979525	44.5
-27.7239737085588	40.1119185171358	44.5
-27.7380440546381	40.1027999415161	44.5
-27.7513303439606	40.0941674609217	44.5
-27.7638592130909	40.0860073403173	44.5
-27.7756572728783	40.0783055543223	44.5
-27.7867510750583	40.0710478217307	44.5
-27.7971670788544	40.0642196400295	44.5
-27.8069316175797	40.0578063199183	44.5
-27.8160708652386	40.0517930198281	44.5
-27.8246108031285	40.0461647804406	44.5
-27.8363532735844	40.0384114903383	44.5
-27.8468909791883	40.0314397919702	44.5
-27.8563081463516	40.0251987631699	44.5
-27.8646871805112	40.0196377594287	44.5
-27.8743828654617	40.0131944142488	44.5
-27.8843868987319	40.0065381230652	44.5
-27.8937351224016	40.0003130231872	44.5
-27.9025700521946	39.9944277398259	44.5
-27.9110586322011	39.988772979937	44.5
