-28.1332983943116	7.4969860877751	19
-28.138903473444	7.48864063949267	19
-28.144403240787	7.48022541648381	19
-28.1497968278635	7.47174174760982	19
-28.1550833829636	7.46319097254033	19
-28.160262071279	7.45457444154186	19
-28.1653320750347	7.44589351526455	19
-28.1702925936184	7.43714956452728	19
-28.1751428437068	7.42834397010123	19
-28.179882059389	7.41947812249185	19
-28.184509492288	7.41055342171925	19
-28.1890244116785	7.40157127709713	19
-28.1934261046024	7.39253310701027	19
-28.1977138759813	7.38344033869048	19
-28.2018870487265	7.3742944079913	19
-28.2059449638456	7.3650967591612	19
-28.2098869805467	7.35584884461556	19
-28.2137124763397	7.34655212470729	19
-28.2174208471346	7.33720806749623	19
-28.2210115073364	7.32781814851734	19
-28.2244838899384	7.31838385054767	19
-28.2278374466112	7.30890666337224	19
-28.2310716477892	7.29938808354878	19
-28.2341859827545	7.28982961417136	19
-28.2371799597177	7.28023276463313	19
-28.2400531058949	7.27059905038786	19
-28.2428049675832	7.26092999271071	19
-28.2454351102316	7.25122711845798	19
-28.2479431185102	7.241491959826	19
-28.2503285963754	7.23172605410916	19
-28.2525911671325	7.22193094345718	19
-28.2547304734954	7.2121081746316	19
-28.2567461776429	7.20225929876147	19
-28.2586379612718	7.19238587109846	19
-28.2604055256477	7.18248945077127	19
-28.2620485916516	7.17257160053937	19
-28.2635668998243	7.16263388654631	19
-28.2649602104074	7.15267787807231	19
-28.266228303381	7.14270514728652	19
-28.2673709784985	7.13271726899876	19
-28.2683880553183	7.12271582041078	19
-28.2692793732321	7.11270238086725	19
-28.2700447914905	7.10267853160636	19
-28.2706841892251	7.09264585551011	19
-28.2711974654676	7.08260593685435	19
-28.2715845391657	7.07256036105863	19
-28.271845349196	7.06251071443581	19
-28.2719798543736	7.0524585839416	19
-28.2719880334585	7.04240555692394	19
-28.2718698851591	7.03235322087231	19
-28.2716254281325	7.02230316316713	19
-28.2712547009813	7.012256970829	19
-28.2707577622475	7.00221623026816	19
-28.2701346904035	6.99218252703392	19
-28.2693855838397	6.98215744556436	19
-28.2685105608486	6.97214256893604	19
-28.2675097596065	6.96213947861409	19
-28.2663833381515	6.95214975420242	19
-28.2651314743586	6.94217497319432	19
-28.2637543659117	6.93221671072335	19
-28.2622522302721	6.92227653931459	19
-28.2606253046444	6.91235602863634	19
-28.2588738459391	6.90245674525223	19
-28.2569981307317	6.89258025237386	19
-28.2549984552196	6.88272810961396	19
-28.2528751351745	6.87290187274008	19
-28.2506285058935	6.86310309342892	19
-28.2482589221452	6.85333331902133	19
-28.2457667581144	6.84359409227795	19
-28.2431524073427	6.83388695113558	19
-28.2404162826664	6.82421342846433	19
-28.2375588161513	6.81457505182557	19
-28.2345804590245	6.80497334323071	19
-28.2314816816031	6.79540981890084	19
-28.22826297322	6.78588598902731	19
-28.2249248421466	6.77640335753327	19
-28.2214678155124	6.76696342183615	19
-28.217892439222	6.75756767261123	19
-28.2141992778688	6.74821759355624	19
-28.2103889146458	6.73891466115704	19
-28.2064619512535	6.72966034445451	19
-28.2024190078049	6.72045610481253	19
-28.1982607227277	6.71130339568724	19
-28.1939877526633	6.70220366239751	19
-28.1896007723632	6.69315834189672	19
-28.1851004745825	6.68416886254583	19
-28.1804875699703	6.67523664388784	19
-28.1757627869578	6.66636309642362	19
-28.1709268716429	6.65754962138918	19
-28.1659805876727	6.64879761053439	19
-28.1609247161229	6.64010844590324	19
-28.1557600553742	6.63148349961554	19
-28.1504874209863	6.62292413365029	19
-28.1451076455694	6.6144316996306	19
-28.1396215786523	6.60600753861026	19
-28.1340300865486	6.59765298086194	19
-28.1283340522198	6.58936934566716	19
-28.1225343751357	6.58115794110795	19
-28.1166319711325	6.57302006386027	19
-28.1106277722682	6.56495699898928	19
-28.1045227266755	6.55697001974639	19
-28.0983177984118	6.54906038736821	19
-28.0920139673072	6.5412293508774	19
-28.0856122288098	6.53347814688538	19
-28.0791135938282	6.52580799939712	19
-28.0725190885723	6.51822011961784	19
-28.0658297543909	6.51071570576169	19
-28.0590466476073	6.50329594286264	19
-28.0521708393528	6.49596200258725	19
-28.0452034153973	6.48871504304971	19
-28.0381454759776	6.48155620862894	19
-28.0309981356243	6.47448662978788	19
-28.0237625229854	6.46750742289499	19
-28.0164397806477	6.46061969004793	19
-28.0090310649574	6.45382451889958	19
-28.0015375458365	6.44712298248622	19
-27.9939604065985	6.44051613905815	19
-27.9863008437615	6.43400503191253	19
-27.9785600668593	6.42759068922865	19
-27.9707392982504	6.42127412390559	19
-27.9628397729246	6.41505633340224	19
-27.9548627383088	6.40893829957978	19
-27.946809454069	6.40292098854669	19
-27.9386811919123	6.39700535050613	19
-27.9304792353854	6.39119231960593	19
-27.9222048796724	6.38548281379105	19
-27.91385943139	6.37987773465864	19
-27.9054442083811	6.37437796731568	19
-27.8969605395071	6.36898438023919	19
-27.8884097644377	6.36369782513909	19
-27.8797932334392	6.35851913682371	19
-27.8711123071619	6.35344913306797	19
-27.8623683564246	6.34848861448424	19
-27.8535627619986	6.34363836439591	19
-27.8446969143892	6.33889914871369	19
-27.8357722136166	6.33427171581468	19
-27.8267900689945	6.32975679642417	19
-27.8177518989076	6.32535510350027	19
-27.8086591305878	6.32106733212133	19
-27.7995131998886	6.31689415937615	19
-27.7903155510585	6.31283624425708	19
-27.7810676365129	6.30889422755597	19
-27.7717709166046	6.30506873176293	19
-27.7624268593936	6.30136036096812	19
-27.7530369404147	6.29776970076626	19
-27.743602642445	6.29429731816423	19
-27.7341254552696	6.29094376149149	19
-27.7246068754461	6.28770956031351	19
-27.7150484060687	6.28459522534816	19
-27.7054515565305	6.28160124838502	19
-27.6958178422852	6.27872810220777	19
-27.686148784608	6.2759762405195	19
-27.6764459103553	6.27334609787106	19
-27.6667107517233	6.27083808959247	19
-27.6569448460065	6.26845261172731	19
-27.6471497353545	6.26619004097019	19
-27.6373269665289	6.26405073460726	19
-27.6274780906588	6.2620350304598	19
-27.6176046629958	6.26014324683085	19
-27.6077082426686	6.25837568245499	19
-27.5977903924367	6.25673261645111	19
-27.5878526784436	6.25521430827838	19
-27.5778966699696	6.25382099769527	19
-27.5679239391838	6.25255290472168	19
-27.5579360608961	6.25141022960417	19
-27.5479346123081	6.2503931527844	19
-27.5379211727646	6.24950183487059	19
-27.5278973235037	6.24873641661217	19
-27.5178646474074	6.24809701887755	19
-27.5078247287517	6.24758374263505	19
-27.4977791529559	6.24719666893694	19
-27.4877295063331	6.24693585890664	19
-27.4776773758389	6.24680135372909	19
-27.4676243488213	6.24679317464419	19
-27.4575720127696	6.24691132294354	19
-27.4475219550645	6.24715577997014	19
-27.4374757627263	6.24752650712139	19
-27.4274350221655	6.24802344585519	19
-27.4174013189312	6.24864651769913	19
-27.4073762374617	6.24939562426296	19
-27.3973613608334	6.25027064725407	19
-27.3873582705114	6.25127144849618	19
-27.3773685460997	6.25239786995117	19
-27.3673937650916	6.25364973374404	19
-27.3574355026207	6.25502684219098	19
-27.3474953312119	6.25652897783061	19
-27.3375748205337	6.25815590345829	19
-27.3276755371496	6.25990736216361	19
-27.3177990442712	6.26178307737093	19
-27.3079469015113	6.26378275288309	19
-27.2981206646374	6.26590607292813	19
-27.2883218853262	6.2681527022092	19
-27.2785521109187	6.27052228595751	19
-27.2688128841753	6.2730144499883	19
-27.2591057430329	6.27562880075998	19
-27.2494322203617	6.27836492543627	19
-27.2397938437229	6.28122239195135	19
-27.230192135128	6.28420074907814	19
-27.2206286107982	6.28729952649953	19
-27.2111047809246	6.29051823488263	19
-27.2016221494306	6.29385636595608	19
-27.1921822137335	6.29731339259029	19
-27.1827864645086	6.30088876888068	19
-27.1734363854536	6.30458193023387	19
-27.1641334530544	6.30839229345689	19
-27.1548791363518	6.31231925684921	19
-27.1456748967099	6.31636220029779	19
-27.1365221875846	6.32052048537498	19
-27.1274224542948	6.32479345543937	19
-27.118377133794	6.32918043573945	19
-27.1093876544432	6.33368073352019	19
-27.1004554357852	6.33829363813238	19
-27.0915818883209	6.34301842114492	19
-27.0827684132865	6.3478543364598	19
-27.0740164024317	6.35280062042993	19
-27.0653272378006	6.35785649197972	19
-27.0567022915129	6.36302115272847	19
-27.0481429255476	6.36829378711635	19
-27.0396504915279	6.37367356253329	19
-27.0312263305076	6.37915962945037	19
-27.0228717727593	6.38475112155403	19
-27.0145881375645	6.39044715588286	19
-27.0063767330053	6.396246832967	19
-26.9764190452724	6.41778590905874	19
-26.9482898337189	6.43795991777501	19
-26.920174281539	6.45807165937798	19
-26.8920723887325	6.47812113386767	19
-26.8639841552995	6.49810834124407	19
-26.83590958124	6.51803328150718	19
-26.807848666554	6.53789595465701	19
-26.7798014112415	6.55769636069354	19
-26.7517678153024	6.57743449961679	19
-26.7237478787368	6.59711037142675	19
-26.6957416015447	6.61672397612342	19
-26.6677489837261	6.6362753137068	19
-26.6397700252809	6.65576438417689	19
-26.6118047262093	6.6751911875337	19
-26.5838530865111	6.69455572377721	19
-26.5559151061864	6.71385799290744	19
-26.5279907852351	6.73309799492438	19
-26.5000801236574	6.75227572982803	19
-26.4721831214531	6.77139119761839	19
-26.4442997786223	6.79044439829547	19
-26.416430095165	6.80943533185925	19
-26.3885740710812	6.82836399830975	19
-26.3607317063709	6.84723039764696	19
-26.332903001034	6.86603452987088	19
-26.3050879550706	6.88477639498151	19
-26.2772865684807	6.90345599297885	19
-26.2494988412643	6.92207332386291	19
-26.2217247734213	6.94062838763367	19
-26.1939643649519	6.95912118429115	19
-26.1662176158559	6.97755171383535	19
-26.1384845261334	6.99591997626625	19
-26.1107650957844	7.01422597158386	19
-26.0830593248088	7.03246969978818	19
-26.0553672132068	7.05065116087922	19
-26.0276887609782	7.06877035485696	19
-26.0000239681231	7.08682728172143	19
-25.9723728346414	7.1048219414726	19
-25.9447353605333	7.12275433411048	19
-25.9171115457986	7.14062445963507	19
-25.8895013904375	7.15843231804638	19
-25.8619048944498	7.17617790934439	19
-25.8343220578355	7.19386123352912	19
-25.8067528805948	7.21148229060056	19
-25.7791973627275	7.22904108055871	19
-25.7516555042337	7.24653760340358	19
-25.7241273051134	7.26397185913515	19
-25.6966127653666	7.28134384775344	19
-25.6691118849933	7.29865356925844	19
-25.6416246639934	7.31590102365014	19
-25.614151102367	7.33308621092857	19
-25.5866912001141	7.3502091310937	19
-25.5592449572347	7.36726978414554	19
-25.5318123737288	7.3842681700841	19
-25.5043934495963	7.40120428890936	19
-25.4769881848373	7.41807814062134	19
-25.4495965794518	7.43488972522003	19
-25.4222186334398	7.45163904270543	19
-25.3948543468012	7.46832609307755	19
-25.3675037195362	7.48495087633637	19
-25.3401667516446	7.50151339248191	19
-25.3128434431265	7.51801364151416	19
-25.2855337939819	7.53445162343312	19
-25.2582378042107	7.55082733823879	19
-25.2309554738131	7.56714078593117	19
-25.2036868027889	7.58339196651027	19
-25.1764317911382	7.59958087997607	19
-25.149190438861	7.61570752632859	19
-25.1219627459572	7.63177190556782	19
-25.094748712427	7.64777401769376	19
-25.0675483382702	7.66371386270641	19
-25.0403616234869	7.67959144060578	19
-25.0131885680771	7.69540675139185	19
-24.9860291720407	7.71115979506464	19
-24.9588834353779	7.72685057162414	19
-24.9317513580885	7.74247908107035	19
-24.9046329401726	7.75804532340327	19
-24.8775281816302	7.7735492986229	19
-24.8504370824612	7.78899100672925	19
-24.8233596426658	7.8043704477223	19
-24.7962958622438	7.81968762160207	19
-24.7692457411953	7.83494252836855	19
-24.7422092795203	7.85013516802174	19
-24.7151864772187	7.86526554056164	19
-24.6881773342907	7.88033364598826	19
-24.6611818507361	7.89533948430158	19
-24.634200026555	7.91028305550162	19
-24.6072318617474	7.92516435958837	19
-24.5802773563132	7.93998339656183	19
-24.5533365102526	7.954740166422	19
-24.5264093235654	7.96943466916889	19
-24.4994957962517	7.98406690480248	19
-24.4725959283115	7.99863687332279	19
-24.4457097197447	8.0131445747298	19
-24.4188371705515	8.02759000902353	19
-24.3919782807317	8.04197317620398	19
-24.3651330502854	8.05629407627113	19
-24.3383014792126	8.07055270922499	19
-24.3114835675132	8.08474907506557	19
-24.2846793151874	8.09888317379286	19
-24.257888722235	8.11295500540685	19
-24.2311117886561	8.12696456990757	19
-24.2043485144507	8.14091186729499	19
-24.1775988996188	8.15479689756912	19
-24.1508629441603	8.16861966072997	19
-24.1241406480753	8.18238015677752	19
-24.0974320113638	8.19607838571179	19
-24.0707370340258	8.20971434753277	19
-24.0440557160613	8.22328804224047	19
-24.0173880574702	8.23679946983487	19
-23.9907340582526	8.25024863031599	19
-23.9640937184085	8.26363552368381	19
-23.9374670379379	8.27696014993835	19
-23.9108540168408	8.2902225090796	19
-23.8842546551171	8.30342260110756	19
-23.8576689527669	8.31656042602223	19
-23.8310969097902	8.32963598382361	19
-23.804538526187	8.34264927451171	19
-23.7779938019573	8.35560029808652	19
-23.751462737101	8.36848905454804	19
-23.7249453316183	8.38131554389627	19
-23.698441585509	8.39407976613121	19
-23.6719514987731	8.40678172125286	19
-23.6454750714108	8.41942140926123	19
-23.619012303422	8.4319988301563	19
-23.5925631948066	8.44451398393809	19
-23.5661277455647	8.45696687060659	19
-23.5397059556963	8.4693574901618	19
-23.5132978252013	8.48168584260373	19
-23.4869033540799	8.49395192793236	19
-23.4605225423319	8.50615574614771	19
-23.4341553899574	8.51829729724976	19
-23.4078018969564	8.53037658123853	19
-23.3814620633289	8.54239359811401	19
-23.3551358890748	8.55434834787621	19
-23.3288233741942	8.56624083052511	19
-23.3025245186871	8.57807104606073	19
-23.2762393225535	8.58983899448305	19
-23.2499677857934	8.60154467579209	19
-23.2237099084067	8.61318808998784	19
-23.1974656903936	8.62476923707031	19
-23.1712351317539	8.63628811703948	19
-23.1450182324876	8.64774472989536	19
-23.1188149925949	8.65913907563796	19
-23.0926254120757	8.67047115426727	19
-23.0664494909299	8.68174096578329	19
-23.0402872291576	8.69294851018602	19
-23.0141386267588	8.70409378747546	19
-22.9880036837334	8.71517679765161	19
-22.9618824000816	8.72619754071448	19
-22.9357747758032	8.73715601666406	19
-22.9096808108983	8.74805222550034	19
-22.8836005053669	8.75888616722335	19
-22.857533859209	8.76965784183306	19
-22.8314808724245	8.78036724932948	19
-22.8054415450136	8.79101438971262	19
-22.7794158769761	8.80159926298246	19
-22.753403868312	8.81212186913902	19
-22.7274055190215	8.82258220818229	19
-22.7014208291045	8.83298028011227	19
-22.6754497985609	8.84331608492897	19
-22.6494924273908	8.85358962263237	19
-22.6235487155942	8.86380089322249	19
-22.5976186631711	8.87394989669931	19
-22.5717022701214	8.88403663306285	19
-22.5457995364452	8.89406110231311	19
-22.5199104621425	8.90402330445006	19
-22.4940350472133	8.91392323947374	19
-22.4681732916576	8.92376090738413	19
-22.4423251954753	8.93353630818122	19
-22.4164907586666	8.94324944186503	19
-22.3906699812313	8.95290030843555	19
-22.3648628631695	8.96248890789278	19
-22.3390694044811	8.97201524023673	19
-22.3132896051663	8.98147930546738	19
-22.2875234652249	8.99088110358475	19
-22.261770984657	9.00022063458882	19
-22.2360321634626	9.00949789847961	19
-22.2103070016417	9.01871289525712	19
-22.1845954991942	9.02786562492133	19
-22.1588976561203	9.03695608747225	19
-22.1332134724198	9.04598428290989	19
-22.1075429480928	9.05495021123424	19
-22.0818860831392	9.0638538724453	19
-22.0562428775592	9.07269526654306	19
-22.0306133313526	9.08147439352755	19
-22.0049974445195	9.09019125339874	19
-21.9793952170599	9.09884584615665	19
-21.9538066489738	9.10743817180126	19
-21.9282317402611	9.11596823033259	19
-21.902670490922	9.12443602175063	19
-21.8771229009563	9.13284154605538	19
-21.8515889703641	9.14118480324685	19
-21.8260686991453	9.14946579332502	19
-21.8005620873001	9.1576845162899	19
-21.7750691348283	9.16584097214151	19
-21.74958984173	9.17393516087981	19
-21.7241242080052	9.18196708250484	19
-21.6986722336539	9.18993673701657	19
-21.673233918676	9.19784412441501	19
-21.6478092630717	9.20568924470017	19
-21.6223982668408	9.21347209787203	19
-21.5970009299834	9.22119268393061	19
-21.5716172524994	9.22885100287591	19
-21.546247234389	9.2364470547079	19
-21.520890875652	9.24398083942662	19
-21.4955481762885	9.25145235703204	19
-21.4702191362985	9.25886160752418	19
-21.444903755682	9.26620859090303	19
-21.4196020344389	9.27349330716859	19
-21.3943139725694	9.28071575632086	19
-21.3690395700733	9.28787593835984	19
-21.3437788269507	9.29497385328554	19
-21.3185317432016	9.30200950109794	19
-21.2932983188259	9.30898288179706	19
-21.2680785538237	9.31589399538289	19
-21.2428724481951	9.32274284185543	19
-21.2176800019398	9.32952942121468	19
-21.1925012150581	9.33625373346064	19
-21.1673360875499	9.34291577859332	19
-21.1421846194151	9.34951555661271	19
-21.1170468106538	9.35605306751881	19
-21.091922661266	9.36252831131161	19
-21.0668121712517	9.36894128799114	19
-21.0417153406108	9.37529199755737	19
-21.0166321693435	9.38158044001031	19
-20.9915626574496	9.38780661534997	19
-20.9665068049292	9.39397052357634	19
-20.9414646117823	9.40007216468942	19
-20.9164360780088	9.4061115386892	19
-20.8914212036088	9.41208864557571	19
-20.8664199885824	9.41800348534893	19
-20.8414324329294	9.42385605800885	19
-20.8164585366498	9.42964636355549	19
-20.7914982997438	9.43537440198883	19
-20.7665517222112	9.4410401733089	19
-20.7416188040521	9.44664367751567	19
-20.7166995452665	9.45218491460915	19
-20.6917939458544	9.45766388458935	19
-20.6669020058158	9.46308058745625	19
-20.6420237251506	9.46843502320987	19
-20.6171591038589	9.4737271918502	19
-20.5923081419407	9.47895709337724	19
-20.567470839396	9.484124727791	19
-20.5426471962247	9.48923009509146	19
-20.517837212427	9.49427319527863	19
-20.4930408880027	9.49925402835252	19
-20.4682582229519	9.50417259431312	19
-20.4434892172745	9.50902889316043	19
-20.4187338709707	9.51382292489445	19
-20.3939921840403	9.51855468951519	19
-20.3692641564835	9.52322418702263	19
-20.3445497883001	9.52783141741679	19
-20.3198490794901	9.53237638069766	19
-20.2951620300537	9.53685907686524	19
-20.2704886399907	9.54127950591953	19
-20.2458289093012	9.54563766786053	19
-20.2211828379852	9.54993356268825	19
-20.1965504260427	9.55416719040267	19
-20.1719316734737	9.55833855100381	19
-20.1473265802781	9.56244764449166	19
-20.122735146456	9.56649447086622	19
-20.0981573720074	9.57047903012749	19
-20.0735932569323	9.57440132227548	19
-20.0490428012307	9.57826134731017	19
-20.0245060049025	9.58205910523158	19
-19.9999828679478	9.5857945960397	19
-19.9754733903666	9.58946781973453	19
-19.9509775721589	9.59307877631607	19
-19.9264954133246	9.59662746578432	19
-19.9020269138639	9.60011388813929	19
-19.8775720737766	9.60353804338097	19
-19.8531308930628	9.60689993150935	19
-19.8287033717225	9.61019955252445	19
-19.8042895097556	9.61343690642627	19
-19.7798893071623	9.61661199321479	19
-19.7555027639424	9.61972481289002	19
-19.731129880096	9.62277536545197	19
-19.7067706556231	9.62576365090063	19
-19.6824250905236	9.62868966923599	19
-19.6580931847977	9.63155342045808	19
-19.6337749384452	9.63435490456687	19
-19.6094703514662	9.63709412156237	19
-19.5851794238607	9.63977107144459	19
-19.5609021556286	9.64238575421351	19
-19.5366385467701	9.64493816986915	19
-19.512388597285	9.6474283184115	19
-19.4881523071734	9.64985619984056	19
-19.4639296764353	9.65222181415634	19
-19.4397207050706	9.65452516135882	19
-19.4155253930795	9.65676624144802	19
-19.3913437404618	9.65894505442393	19
-19.3671757472176	9.66106160028655	19
-19.3430214133469	9.66311587903588	19
-19.3188807388496	9.66510789067192	19
-19.2947537237259	9.66703763519467	19
-19.2706403679756	9.66890511260414	19
-19.2465406715988	9.67071032290032	19
-19.2224546345955	9.67245326608321	19
-19.1983822569656	9.6741339421528	19
-19.1743235387093	9.67575235110912	19
-19.1502784798264	9.67730849295214	19
-19.126247080317	9.67880236768188	19
-19.1022293401811	9.68023397529833	19
-19.0782252594186	9.68160331580148	19
-19.0542348380297	9.68291038919135	19
-19.0302580760142	9.68415519546793	19
-19.0062949733722	9.68533773463122	19
-18.9823455301037	9.68645800668123	19
-18.9584097462086	9.68751601161794	19
-18.9344876216871	9.68851174944137	19
-18.910579156539	9.68944522015151	19
-18.8866843507644	9.69031642374836	19
-18.8628032043633	9.69112536023193	19
-18.8389357173356	9.6918720296022	19
-18.8150818896815	9.69255643185918	19
-18.7912417214008	9.69317856700288	19
-18.7674152124936	9.69373843503329	19
-18.7436023629599	9.69423603595041	19
-18.7198031727996	9.69467136975424	19
-18.6960176420129	9.69504443644478	19
-18.6722457705996	9.69535523602204	19
-18.6484875585598	9.695603768486	19
-18.6247430058935	9.69579003383668	19
-18.6010121126007	9.69591403207407	19
-18.5772948786813	9.69597576319817	19
-18.5535913041354	9.69597522720898	19
-18.529901388963	9.69591242410651	19
-18.5062251331641	9.69578735389075	19
-18.4825625367387	9.69560001656169	19
-18.4589135996867	9.69535041211935	19
-18.4352783220082	9.69503854056372	19
-18.4116567037032	9.6946644018948	19
-18.3880487447717	9.6942279961126	19
-18.3644544452137	9.6937293232171	19
-18.3408738050291	9.69316838320832	19
-18.3173068242181	9.69254517608625	19
-18.2937535027805	9.69185970185089	19
-18.2702138407163	9.69111196050224	19
-18.2466878380257	9.6903019520403	19
-18.2231754947086	9.68942967646508	19
-18.1996768107649	9.68849513377656	19
-18.1761917861947	9.68749832397476	19
-18.152720420998	9.68643924705967	19
-18.1292627151747	9.68531790303129	19
-18.105818668725	9.68413429188962	19
-18.0823882816487	9.68288841363467	19
-18.0589715539459	9.68158026826642	19
-18.0355684856166	9.68020985578489	19
-18.0121790766608	9.67877717619007	19
-17.9888033270784	9.67728222948196	19
-17.9654412368695	9.67572501566056	19
-17.9420928060341	9.67410553472587	19
-17.9187580345722	9.6724237866779	19
-17.8954369224838	9.67067977151664	19
-17.8721294697688	9.66887348924208	19
-17.8488356764274	9.66700493985424	19
-17.8255555424594	9.66507412335311	19
-17.8022890678648	9.66308103973869	19
-17.7790362526438	9.66102568901099	19
-17.7557970967963	9.65890807117	19
-17.7325716003222	9.65672818621571	19
-17.7093597632216	9.65448603414814	19
-17.6861615854945	9.65218161496728	19
-17.6629770671408	9.64981492867313	19
-17.6398062081607	9.6473859752657	19
-17.616649008554	9.64489475474497	19
-17.5935054683208	9.64234126711096	19
-17.5703755874611	9.63972551236366	19
-17.5472593659749	9.63704749050307	19
-17.5241568038621	9.63430720152919	19
-17.5010679011229	9.63150464544202	19
-17.4779926577571	9.62863982224157	19
-17.4549310737647	9.62571273192782	19
-17.4318831491459	9.62272337450079	19
-17.4088488839006	9.61967174996047	19
-17.3858282780287	9.61655785830686	19
-17.3628213315303	9.61338169953996	19
-17.3398280444054	9.61014327365977	19
-17.316848416654	9.6068425806663	19
-17.293882448276	9.60347962055954	19
-17.2709301392715	9.60005439333949	19
-17.2479914896405	9.59656689900615	19
-17.225066499383	9.59301713755952	19
-17.202155168499	9.5894051089996	19
-17.1792574969884	9.5857308133264	19
-17.1563734848514	9.5819942505399	19
-17.1335031320878	9.57819542064012	19
-17.1106464386977	9.57433432362705	19
-17.087803404681	9.57041095950069	19
-17.0649740300379	9.56642532826104	19
-17.0421583147682	9.56237742990811	19
-17.019356258872	9.55826726444188	19
-16.9965678623493	9.55409483186237	19
-16.9737931252001	9.54986013216957	19
-16.9510320474243	9.54556316536348	19
-16.9282846290221	9.54120393144411	19
-16.9055508699933	9.53678243041144	19
-16.882830770338	9.53229866226548	19
-16.8601243300561	9.52775262700624	19
-16.8374315491478	9.52314432463371	19
-16.8147524276129	9.51847375514789	19
-16.7920869654515	9.51374091854878	19
-16.7694351626636	9.50894581483638	19
-16.7467970192492	9.5040884440107	19
-16.7241725352082	9.49916880607172	19
-16.7015617105408	9.49418690101946	19
-16.6789645452468	9.48914272885391	19
-16.6563810393263	9.48403628957507	19
-16.6338111927792	9.47886758318294	19
-16.6112550056057	9.47363660967753	19
-16.5887124778056	9.46834336905883	19
-16.566183609379	9.46298786132683	19
-16.5436684003259	9.45757008648155	19
-16.5211668506463	9.45209004452298	19
-16.4986789603401	9.44654773545112	19
-16.4762047294075	9.44094315926598	19
-16.4537441578483	9.43527631596754	19
-16.4312972456626	9.42954720555581	19
-16.4088639928503	9.4237558280308	19
-16.3864443994116	9.4179021833925	19
-16.3640384653463	9.41198627164091	19
-16.3416461906545	9.40600809277604	19
-16.3192675753362	9.39996764679787	19
-16.2969026193914	9.39386493370642	19
-16.2745513228201	9.38769995350167	19
-16.2522136856222	9.38147270618364	19
-16.2298897077978	9.37518319175232	19
-16.2075793893469	9.36883141020772	19
-16.1852827302695	9.36241736154982	19
-16.1629997305655	9.35594104577863	19
-16.140730390235	9.34940246289416	19
-16.1184747092781	9.3428016128964	19
-16.0962326876946	9.33613849578535	19
-16.0740043254845	9.32941311156101	19
-16.051789622648	9.32262546022338	19
-16.0295885791849	9.31577554177247	19
-16.0074011950953	9.30886335620826	19
-15.9852274703792	9.30188890353077	19
-15.9630674050366	9.29485218373999	19
-15.9409209990675	9.28775319683592	19
-15.9187882524718	9.28059194281857	19
-15.8966691652496	9.27336842168792	19
-15.8745637374009	9.26608263344398	19
-15.8524719689257	9.25873457808676	19
-15.8303938598239	9.25132425561625	19
-15.8083294100957	9.24385166603245	19
-15.7862786197409	9.23631680933536	19
-15.7642414887596	9.22871968552499	19
-15.7422180171517	9.22106029460132	19
-15.7202082049174	9.21333863656436	19
-15.6982120520565	9.20555471141413	19
-15.6762295585691	9.19770851915059	19
-15.6542607244552	9.18980005977378	19
-15.6323055497148	9.18182933328367	19
-15.6103640343479	9.17379633968027	19
-15.5884361783544	9.16570107896359	19
-15.5665219817344	9.15754355113362	19
-15.5446214444879	9.14932375619035	19
-15.5227345666149	9.14104169413381	19
-15.5008613481153	9.13269736496397	19
-15.4790017889893	9.12429076868084	19
-15.4571558892367	9.11582190528442	19
-15.4353236488576	9.10729077477472	19
-15.413505067852	9.09869737715173	19
-15.3917001462198	9.09004171241545	19
-15.3699088839612	9.08132378056588	19
-15.348131281076	9.07254358160303	19
-15.3263673375643	9.06370111552688	19
-15.304617053426	9.05479638233745	19
-15.2828804286613	9.04582938203472	19
-15.26115746327	9.03680011461872	19
-15.2394481572523	9.02770858008942	19
-15.217752510608	9.01855477844683	19
-15.1960705233371	9.00933870969095	19
-15.1744021954398	9.00006037382179	19
-15.1527475269159	8.99071977083934	19
-15.1311065177655	8.98131690074359	19
-15.1094791679886	8.97185176353456	19
-15.0878654775852	8.96232435921225	19
-15.0662654465553	8.95273468777664	19
-15.0446790748988	8.94308274922775	19
-15.0231063626158	8.93336854356556	19
-15.0015473097063	8.92359207079009	19
-14.9800019161703	8.91375333090133	19
-14.9584701820078	8.90385232389928	19
-14.9369521072187	8.89388904978394	19
-14.9154476918031	8.88386350855532	19
-14.893956935761	8.8737757002134	19
-14.8724798390924	8.8636256247582	19
-14.8510164017972	8.85341328218971	19
-14.8295666238756	8.84313867250793	19
-14.8081305053274	8.83280179571286	19
-14.7867080461527	8.82240265180451	19
-14.7652992463515	8.81194124078286	19
-14.7439041059237	8.80141756264792	19
-14.7225226248695	8.79083161739971	19
-14.7011548031887	8.7801834050382	19
-14.6798006408814	8.7694729255634	19
-14.6584601379476	8.75870017897531	19
-14.6371332943872	8.74786516527394	19
-14.6158201102004	8.73696788445927	19
-14.594520585387	8.72600833653132	19
-14.5732347199471	8.71498652149008	19
-14.5519625138807	8.70390243933555	19
-14.5307039671877	8.69275609006773	19
-14.5094590798683	8.68154747368663	19
-14.4882278519223	8.67027659019223	19
-14.4670102833498	8.65894343958455	19
-14.4458063741508	8.64754802186358	19
-14.4246161243252	8.63609033702932	19
-14.4034395338732	8.62457038508177	19
-14.3822766027946	8.61298816602094	19
-14.3611273310895	8.60134367984681	19
-14.3399917187579	8.5896369265594	19
-14.3188697657997	8.57786790615869	19
-14.2977614722151	8.5660366186447	19
-14.2766668380039	8.55414306401743	19
-14.2555858631662	8.54218724227686	19
-14.234518547702	8.530169153423	19
-14.2134648916112	8.51808879745586	19
-14.192424894894	8.50594617437543	19
-14.1713985575502	8.49374128418171	19
-14.1503858795799	8.4814741268747	19
-14.1293868609831	8.4691447024544	19
-14.1084015017597	8.45675301092081	19
-14.0874298019099	8.44429905227394	19
-14.0664717614335	8.43178282651378	19
-14.0455273803306	8.41920433364032	19
-14.0245966586012	8.40656357365358	19
-14.0036795962453	8.39386054655355	19
-13.9827761932628	8.38109525234024	19
-13.9618864496538	8.36826769101364	19
-13.9410103654183	8.35537786257374	19
-13.9201479405563	8.34242576702056	19
-13.8992991750678	8.32941140435408	19
-13.8784640689527	8.31633477457433	19
-13.8576426222111	8.30319587768128	19
-13.836834834843	8.28999471367494	19
-13.8160407068484	8.27673128255532	19
-13.7952602382273	8.26340558432241	19
-13.7744934289796	8.25001761897621	19
-13.7537402791054	8.23656738651672	19
-13.7330007886047	8.22305488694394	19
-13.7122749574775	8.20948012025787	19
-13.6915627857238	8.19584308645852	19
-13.6708642733435	8.18214378554587	19
-13.6501794203368	8.16838221751994	19
-13.6295082267035	8.15455838238072	19
-13.6088506924436	8.14067228012821	19
-13.5882068175573	8.12672391076242	19
-13.5675766020445	8.11271327428333	19
-13.5469600459051	8.09864037069096	19
-13.5263571491392	8.08450519998529	19
-13.5057679117468	8.07030776216634	19
-13.4851923337278	8.0560480572341	19
-13.4646304150824	8.04172608518858	19
-13.4440821558104	8.02734184602976	19
-13.4235475559119	8.01289533975766	19
-13.4030266153869	7.99838656637226	19
-13.3825193342354	7.98381552587358	19
-13.3620257124573	7.96918221826161	19
-13.3415457500527	7.95448664353635	19
-13.3210794470216	7.93972880169781	19
-13.300626803364	7.92490869274597	19
-13.2801878190799	7.91002631668085	19
-13.2597624941692	7.89508167350244	19
-13.2393508286321	7.88007476321073	19
-13.2189528224684	7.86500558580575	19
-13.1985684756781	7.84987414128747	19
-13.1781977882614	7.8346804296559	19
-13.1578407602182	7.81942445091105	19
-13.1374973915484	7.80410620505291	19
-13.1171676822521	7.78872569208148	19
-13.0968516323293	7.77328291199675	19
-13.0765492417799	7.75777786479875	19
-13.0562605106041	7.74221055048745	19
-13.0359854388017	7.72658096906287	19
-13.0157240263728	7.71088912052499	19
-12.9954762733174	7.69513500487383	19
-12.9752421796355	7.67931862210938	19
-12.955021745327	7.66343997223164	19
-12.934814970392	7.64749905524061	19
-12.9146218548306	7.6314958711363	19
-12.8944423986425	7.61543041991869	19
-12.874276601828	7.5993027015878	19
-12.854124464387	7.58311271614362	19
-12.8339859863194	7.56686046358615	19
-12.8138611676253	7.5505459439154	19
-12.7937500083047	7.53416915713135	19
-12.7736525083575	7.51773010323402	19
-12.7535686677839	7.50122878222339	19
-12.7334984865837	7.48466519409948	19
-12.713441964757	7.46803933886228	19
-12.6933991023038	7.45135121651179	19
-12.6733698992241	7.43460082704801	19
-12.6533543555178	7.41778817047095	19
-12.6333524711851	7.4009132467806	19
-12.6133642462258	7.38397605597695	19
-12.59338968064	7.36697659806002	19
-12.5734287744276	7.3499148730298	19
-12.5534815275888	7.3327908808863	19
-12.5335479401234	7.3156046216295	19
-12.5136280120315	7.29835609525942	19
-12.4937217433131	7.28104530177604	19
-12.4738291339682	7.26367224117938	19
-12.4539501839967	7.24623691346943	19
-12.4340848933987	7.2287393186462	19
-12.4142332621743	7.21117945670967	19
-12.3943952903232	7.19355732765986	19
-12.3745709778457	7.17587293149675	19
-12.3547603247417	7.15812626822036	19
-12.3349633310111	7.14031733783068	19
-12.315179996654	7.12244614032771	19
-12.2954103216704	7.10451267571145	19
-12.2756543060603	7.08651694398191	19
-12.2559119498236	7.06845894513908	19
-12.2361832529604	7.05033867918296	19
-12.2164682154708	7.03215614611354	19
-12.1967668373545	7.01391134593084	19
-12.1770791186118	6.99560427863486	19
-12.1574050592426	6.97723494422558	19
-12.1377446592468	6.95880334270302	19
-12.1180979186245	6.94030947406716	19
-12.0984648373757	6.92175333831802	19
-12.0788454155004	6.90313493545559	19
-12.0592396529985	6.88445426547987	19
-12.0396475498701	6.86571132839087	19
-12.0200691061153	6.84690612418857	19
-12.0005043217338	6.82803865287299	19
-11.9809531967259	6.80910891444412	19
-11.9614157310915	6.79011690890196	19
-11.9418919248305	6.77106263624651	19
-11.922381777943	6.75194609647777	19
-11.902885290429	6.73276728959574	19
-11.8834024622885	6.71352621560043	19
-11.8639332935214	6.69422287449183	19
-11.8444777841279	6.67485726626994	19
-11.8250359341078	6.65542939093475	19
-11.8056077434612	6.63593924848629	19
-11.786193212188	6.61638683892453	19
-11.7667923402884	6.59677216224949	19
-11.7474051277622	6.57709521846115	19
-11.7280315746095	6.55735600755953	19
-11.7086716808303	6.53755452954462	19
-11.6893254464246	6.51769078441643	19
-11.6699928713924	6.49776477217494	19
-11.6506739557336	6.47777649282016	19
-11.6313686994483	6.4577259463521	19
-11.6120771025365	6.43761313277074	19
-11.5927991649982	6.41743805207611	19
-11.5735348868333	6.39720070426818	19
-11.554284268042	6.37690108934696	19
-11.5350473086241	6.35653920731245	19
-11.5158240085797	6.33611505816466	19
-11.4966143679087	6.31562864190357	19
-11.4774183866113	6.2950799585292	19
-11.4582360646873	6.27446900804154	19
-11.4390674021368	6.25379579044059	19
-11.4199123989598	6.23306030572636	19
-11.4007710551563	6.21226255389883	19
-11.3816433707263	6.19140253495802	19
-11.3625293456697	6.17048024890392	19
-11.3434289799866	6.14949569573653	19
-11.324342273677	6.12844887545585	19
-11.3052692267409	6.10733978806188	19
-11.2862098391782	6.08616843355463	19
-11.2671641109891	6.06493481193408	19
-11.2481320421734	6.04363892320025	19
-11.2291136327312	6.02228076735313	19
-11.2101088826624	6.00086034439272	19
-11.1911177919672	5.97937765431902	19
-11.1721403606454	5.95783269713203	19
-11.1531765886972	5.93622547283176	19
-11.1342264761224	5.9145559814182	19
-11.115290022921	5.89282422289135	19
-11.0963672290932	5.87103019725121	19
-11.0774580946388	5.84917390449777	19
-11.0585626195579	5.82725534463106	19
-11.0396808038505	5.80527451765105	19
-11.0208126475166	5.78323142355776	19
-11.0019581505562	5.76112606235118	19
-10.9831173129692	5.73895843403131	19
-10.9642901347557	5.71672853859815	19
-10.9454766159157	5.6944363760517	19
-10.9266767564492	5.67208194639196	19
-10.9078905563561	5.64966524961894	19
-10.8891180156366	5.62718628573263	19
-10.8703591342905	5.60464505473302	19
-10.8516139123179	5.58204155662014	19
-10.8328823497188	5.55937579139396	19
-10.8141644464931	5.53664775905449	19
-10.795460202641	5.51385745960173	19
-10.7767696181623	5.49100489303569	19
-10.7580926930571	5.46809005935636	19
-10.7394294273254	5.44511295856374	19
-10.7207798209671	5.42207359065783	19
-10.7021438739824	5.39897195563863	19
-10.6835215863711	5.37580805350615	19
-10.6649129581333	5.35258188426038	19
-10.6463179892689	5.32929344790131	19
-10.6277366797781	5.30594274442896	19
-10.6091690296607	5.28252977384332	19
-10.5906150389169	5.2590545361444	19
-10.5720747075465	5.23551703133218	19
-10.5535480355495	5.21191725940668	19
-10.5350350229261	5.18825522036788	19
-10.5165356696761	5.1645309142158	19
-10.4980499757997	5.14074434095043	19
-10.4795779412966	5.11689550057177	19
-10.4611195661671	5.09298439307982	19
-10.4426748504111	5.06901101847459	19
-10.4242437940285	5.04497537675607	19
-10.4058263970194	5.02087746792425	19
-10.3874226593838	4.99671729197915	19
-10.3690325811217	4.97249484892076	19
-10.3506561622331	4.94821013874909	19
-10.3322934027179	4.92386316146412	19
-10.3139443025762	4.89945391706586	19
-10.295608861808	4.87498240555432	19
-10.2772870804133	4.85044862692949	19
-10.2589789583921	4.82585258119137	19
-10.2406844957443	4.80119426833996	19
-10.22240369247	4.77647368837527	19
-10.2041365485692	4.75169084129728	19
-10.1858830640419	4.72684572710601	19
-10.1676432388881	4.70193834580145	19
-10.1494170731077	4.67696869738359	19
-10.1312045667008	4.65193678185246	19
-10.1130057196674	4.62684259920803	19
-10.0948205320075	4.60168614945032	19
-10.0766490037211	4.57646743257931	19
-10.0584911348081	4.55118644859502	19
-10.0403469252686	4.52584319749744	19
-10.0222163751026	4.50043767928657	19
-10.0040994843101	4.47496989396241	19
-9.98599625289109	4.44943984152496	19
-9.96790668084553	4.42384752197423	19
-9.94983076817345	4.39819293531021	19
-9.93176851487485	4.3724760815329	19
-9.91371992094974	4.3466969606423	19
-9.89568498639809	4.32085557263841	19
-9.87766371121994	4.29495191752123	19
-9.85965609541526	4.26898599529076	19
-9.84166213898406	4.24295780594701	19
-9.82368184192634	4.21686734948997	19
-9.80571520424211	4.19071462591964	19
-9.78776222593135	4.16449963523602	19
-9.76982290699407	4.13822237743911	19
-9.75189724743027	4.11188285252892	19
-9.73398524723995	4.08548106050543	19
-9.71608690642312	4.05901700136866	19
-9.69820222497976	4.0324906751186	19
-9.68033120290988	4.00590208175525	19
-9.66247384021349	3.97925122127861	19
-9.64463013689057	3.95253809368869	19
-9.62680009294113	3.92576269898547	19
-9.60898370836517	3.89892503716896	19
-9.5911809831627	3.87202510823917	19
-9.5733919173337	3.8450629121961	19
-9.55561651087818	3.81803844903973	19
-9.53785476379615	3.79095171877007	19
-9.52010667608759	3.76380272138712	19
-9.50237224775251	3.73659145689089	19
-9.48465147879092	3.70931792528137	19
-9.4669443692028	3.68198212655856	19
-9.44925091898817	3.65458406072245	19
-9.43157112814701	3.62712372777307	19
-9.41390499667934	3.59960112771039	19
-9.39625252458514	3.57201626053443	19
-9.37861371186442	3.54436912624518	19
-9.36098855851719	3.51665972484263	19
-9.34337706454343	3.4888880563268	19
-9.32577922994316	3.46105412069769	19
-9.30819505471636	3.43315791795528	19
-9.29062453886305	3.40519944809958	19
-9.27306768238321	3.3771787111306	19
-9.25552448527686	3.34909570704833	19
-9.23799494754398	3.32095043585277	19
-9.22047906918459	3.29274289754392	19
-9.20297685019867	3.26447309212178	19
-9.18548829058624	3.23614101958635	19
-9.16801339034728	3.20774667993764	19
-9.15055214948181	3.17929007317564	19
-9.13310456798982	3.15077119930035	19
-9.1156706458713	3.12219005831177	19
-9.09825038312626	3.0935466502099	19
-9.08084377975471	3.06484097499474	19
-9.06345083575664	3.0360730326663	19
-9.04607155113204	3.00724282322457	19
-9.02870592588093	2.97835034666954	19
-9.0113539600033	2.94939560300123	19
-8.99401565349914	2.92037859221963	19
-8.97669100636847	2.89129931432475	19
-8.95938001861128	2.86215776931657	19
-8.94208269022756	2.83295395719511	19
-8.92479902121733	2.80368787796035	19
-8.90752901158058	2.77435953161231	19
-8.8902726613173	2.74496891815098	19
-8.87302997042751	2.71551603757637	19
-8.8558009389112	2.68600088988846	19
-8.83858556676837	2.65642347508727	19
-8.82138385399901	2.62678379317278	19
-8.80419580060314	2.59708184414501	19
-8.78702140658075	2.56731762800395	19
-8.76986067193183	2.5374911447496	19
-8.7527135966564	2.50760239438197	19
-8.73558018075445	2.47765137690104	19
-8.71846042422598	2.44763809230683	19
-8.70135432707098	2.41756254059933	19
-8.68426188928947	2.38742472177853	19
-8.66718311088144	2.35722463584446	19
-8.65011799184689	2.32696228279709	19
-8.63306653218582	2.29663766263643	19
-8.61602873189823	2.26625077536249	19
-8.59900459098412	2.23580162097526	19
-8.58199410944349	2.20529019947473	19
-8.56499728727633	2.17471651086093	19
-8.54801412448266	2.14408055513383	19
-8.53104462106247	2.11338233229344	19
-8.51408877701576	2.08262184233977	19
-8.49714659234253	2.0517990852728	19
-8.48021806704278	2.02091406109255	19
-8.46330320111651	1.98996676979901	19
-8.44640199456372	1.95895721139219	19
-8.42951444738441	1.92788538587206	19
-8.41264055957858	1.89675129323866	19
-8.39578033114623	1.86555493349197	19
-8.37893376208736	1.83429630663199	19
-8.36210085240197	1.80297541265872	19
-8.34528160209005	1.77159225157215	19
-8.32847601115163	1.74014682337231	19
-8.31168407958668	1.70863912805917	19
-8.29490580739521	1.67706916563275	19
-8.27814119457722	1.64543693609304	19
-8.26139024113271	1.61374243944003	19
-8.24465294706168	1.58198567567374	19
-8.22792931236413	1.55016664479416	19
-8.21121933704006	1.5182853468013	19
-8.19452302108947	1.48634178169514	19
-8.17784036451236	1.4543359494757	19
-8.16117136730873	1.42226785014297	19
-8.14451602947858	1.39013748369695	19
-8.12787435102192	1.35794485013764	19
-8.11124633193872	1.32568994946504	19
-8.09463197222902	1.29337278167915	19
-8.07803127189279	1.26099334677998	19
-8.06144423093004	1.22855164476752	19
-8.04487084934078	1.19604767564177	19
-8.02831112712498	1.16348143940272	19
-8.01176506428267	1.1308529360504	19
-7.99523266081385	1.09816216558478	19
-7.9787139167185	1.06540912800588	19
-7.96220883199663	1.03259382331369	19
-7.94571740664824	0.999716251508201	19
-7.92923964067333	0.966776412589432	19
-7.9127755340719	0.933774306557375	19
-7.89632508684396	0.900709933412029	19
-7.87988829898949	0.867583293153394	19
-7.8634651705085	0.834394385781467	19
-7.847055701401	0.801143211296256	19
-7.83065989166697	0.767829769697754	19
-7.81427774130642	0.734454060985967	19
-7.79790925031935	0.701016085160889	19
-7.78155441870577	0.667515842222521	19
-7.76521324646566	0.633953332170868	19
-7.74888573359904	0.600328555005925	19
-7.73257188010589	0.566641510727695	19
-7.71627168598622	0.532892199336175	19
-7.69998515124004	0.499080620831365	19
-7.68371227586733	0.465206775213269	19
-7.66745305986811	0.431270662481884	19
-7.65120750324236	0.397272282637211	19
-7.63497560599009	0.363211635679251	19
-7.6187573681113	0.329088721607997	19
-7.602552789606	0.29490354042346	19
-7.58636187047417	0.260656092125632	19
-7.57018461071583	0.226346376714519	19
-7.55402101033096	0.191974394190115	19
-7.53787106931957	0.157540144552419	19
-7.52173478768167	0.123043627801438	19
-7.50561216541725	0.088484843937171	19
-7.4895032025263	0.0538637929596124	19
-7.47340789900884	0.0191804748687678	19
-7.45732625486485	-0.0155651103353698	19
-7.44125827009434	-0.0503729626527925	19
-7.42520394469732	-0.0852430820835037	19
-7.40916327867378	-0.120175468627504	19
-7.39313627202371	-0.15517012228479	19
-7.37712292474713	-0.190227043055371	19
-7.36112323684402	-0.225346230939235	19
-7.3451372083144	-0.260527685936388	19
-7.32916483915825	-0.295771408046829	19
-7.31320612937559	-0.33107739727056	19
-7.2972610789664	-0.366445653607582	19
-7.2813296879307	-0.401876177057888	19
-7.26541195626848	-0.437368967621484	19
-7.24950788397974	-0.472924025298367	19
-7.23361747106447	-0.508541350088541	19
-7.21774071752269	-0.544220941992004	19
-7.20187762335438	-0.579962801008753	19
-7.18602818855956	-0.61576692713879	19
-7.17019241313822	-0.651633320382116	19
-7.15437029709036	-0.68756198073873	19
-7.13856184041597	-0.723552908208637	19
-7.12276704311507	-0.759606102791827	19
-7.10698590518765	-0.795721564488307	19
-7.0912184266337	-0.831899293298076	19
-7.07546460745324	-0.868139289221135	19
-7.05972444764625	-0.90444155225748	19
-7.04399794721275	-0.940806082407113	19
-7.02828510615273	-0.977232879670035	19
-7.01258592446619	-1.01372194404625	19
-6.99690040215312	-1.05027327553575	19
-6.98122853921355	-1.08688687413854	19
-6.96557033564744	-1.12356273985461	19
-6.94992579145482	-1.16030087268397	19
-6.93429490663568	-1.19710127262663	19
-6.91867768119002	-1.23396393968257	19
-6.90307411511783	-1.2708888738518	19
-6.88748420841913	-1.30787607513432	19
-6.87190796109391	-1.34492554353012	19
-6.85634537314217	-1.38203727903922	19
-6.84079644456391	-1.41921128166161	19
-6.82526117535912	-1.45644755139728	19
-6.80973956552782	-1.49374608824624	19
-6.79423161507	-1.53110689220849	19
-6.77873732398566	-1.56852996328402	19
-6.7632566922748	-1.60601530147285	19
-6.74778971993742	-1.64356290677496	19
-6.73233640697352	-1.68117277919037	19
-6.7168967533831	-1.71884491871906	19
-6.70147075916616	-1.75657932536104	19
-6.6860584243227	-1.79437599911631	19
-6.67065974885272	-1.83223493998486	19
-6.65527473275622	-1.87015614796671	19
-6.6399033760332	-1.90813962306184	19
-6.62454567868366	-1.94618536527026	19
-6.6092016407076	-1.98429337459197	19
-6.59387126210502	-2.02246365102697	19
-6.57855454287592	-2.06069619457526	19
-6.5632514830203	-2.09899100523683	19
-6.54796208253816	-2.1373480830117	19
-6.5326863414295	-2.17576742789985	19
-6.51742425969432	-2.21424903990129	19
-6.50217583733262	-2.25279291901602	19
-6.4869410743444	-2.29139906524404	19
-6.47171997072966	-2.33006747858534	19
-6.4565125264884	-2.36879815903994	19
-6.44131874162062	-2.40759110660782	19
-6.42613861612633	-2.44644632128899	19
-6.41097215000551	-2.48536380308345	19
-6.39581934325817	-2.5243435519912	19
-6.38068019588431	-2.56338556801224	19
-6.36555470788393	-2.60248985114657	19
-6.35044287925703	-2.64165640139418	19
-6.33534471000361	-2.68088521875508	19
-6.32026020012367	-2.72017630322927	19
-6.30518934961722	-2.75952965481675	19
-6.29013215848424	-2.79894527351752	19
-6.27508862672474	-2.83842315933157	19
-6.26005875433873	-2.87796331225892	19
-6.24504254132619	-2.91756573229955	19
-6.23003998768713	-2.95723041945347	19
-6.21505109342155	-2.99695737372068	19
-6.20007585852945	-3.03674659510118	19
-6.18511428301084	-3.07659808359496	19
-6.1701663668657	-3.11651183920204	19
-6.15523211009404	-3.1564878619224	19
-6.14031151269586	-3.19652615175606	19
-6.12540457467117	-3.236626708703	19
-6.11051129601995	-3.27678953276322	19
-6.09563167674221	-3.31701462393674	19
-6.08076571683796	-3.35730198222355	19
-6.06591341630718	-3.39765160762364	19
-6.05107477514989	-3.43806350013702	19
-6.03624979336606	-3.47853765976369	19
-6.02143847095573	-3.51907408650366	19
-6.00664080791887	-3.5596727803569	19
-5.9918568042555	-3.60033374132344	19
-5.9770864599656	-3.64105696940326	19
-5.96232977504918	-3.68184246459637	19
-5.94758674950625	-3.72269022690278	19
-5.9328573833368	-3.76360025632247	19
-5.91814167654082	-3.80457255285545	19
-5.90343962911832	-3.84560711650171	19
-5.88875124106931	-3.88670394726127	19
-5.87407651239377	-3.92786304513411	19
-5.85941544309172	-3.96908441012024	19
-5.84476803316314	-4.01036804221966	19
-5.83013428260805	-4.05171394143237	19
-5.81551419142643	-4.09312210775837	19
-5.80090775961829	-4.13459254119766	19
-5.78631498718364	-4.17612524175023	19
-5.77173587412247	-4.21772020941609	19
-5.75717042043477	-4.25937744419524	19
-5.74261862612056	-4.30109694608768	19
-5.72808049117982	-4.34287871509341	19
-5.71355601561257	-4.38472275121243	19
-5.69904519941879	-4.42662905444473	19
-5.69524806837629	-4.43728213295113	19
-5.69125081797706	-4.44786174896795	19
-5.68705486842514	-4.458364143608	19
-5.68266171052143	-4.46878558542046	19
-5.67807290513401	-4.47912237171669	19
-5.67329008264359	-4.48937082988574	19
-5.66831494236422	-4.49952731869921	19
-5.66314925193955	-4.50958822960499	19
-5.65779484671481	-4.51954998800934	19
-5.65225362908465	-4.52940905454694	19
-5.64652756781734	-4.53916192633839	19
-5.64061869735516	-4.54880513823478	19
-5.63452911709166	-4.55833526404884	19
-5.62826099062571	-4.56774891777226	19
-5.62181654499279	-4.57704275477868	19
-5.61519806987376	-4.58621347301207	19
-5.60840791678131	-4.59525781415991	19
-5.6014484982245	-4.60417256481086	19
-5.5943222868516	-4.61295455759646	19
-5.58703181457158	-4.62160067231649	19
-5.57957967165454	-4.63010783704755	19
-5.57196850581136	-4.63847302923453	19
-5.56420102125303	-4.64669327676448	19
-5.55627997772982	-4.65476565902258	19
-5.54820818955078	-4.66268730792987	19
-5.53998852458383	-4.6704554089622	19
-5.53162390323677	-4.67806720215026	19
-5.52311729741974	-4.68551998306019	19
-5.5144717294893	-4.6928111037544	19
-5.50569027117456	-4.69993797373244	19
-5.49677604248583	-4.70689806085134	19
-5.48773221060614	-4.71368889222528	19
-5.47856198876587	-4.72030805510421	19
-5.4692686351012	-4.72675319773109	19
-5.45985545149642	-4.73302203017742	19
-5.45032578241084	-4.73911232515688	19
-5.44068301369052	-4.74502191881668	19
-5.43093057136526	-4.75074871150632	19
-5.42107192043139	-4.75629066852362	19
-5.41111056362064	-4.76164582083765	19
-5.40105004015566	-4.7668122657883	19
-5.39089392449252	-4.77178816776226	19
-5.38064582505077	-4.77657175884526	19
-5.37030938293132	-4.78116133945017	19
-5.35988827062287	-4.78555527892086	19
-5.34938619069698	-4.78975201611154	19
-5.33880687449264	-4.79375005994148	19
-5.32815408079053	-4.79754798992475	19
-5.31743159447753	-4.80114445667491	19
-5.30664322520196	-4.80453818238444	19
-5.29579280602006	-4.80772796127876	19
-5.28488419203411	-4.81071266004461	19
-5.27392125902269	-4.81349121823274	19
-5.26290790206373	-4.81606264863466	19
-5.25184803415049	-4.81842603763338	19
-5.24074558480139	-4.82058054552805	19
-5.22960449866382	-4.82252540683227	19
-5.21842873411262	-4.82425993054608	19
-5.20722226184374	-4.82578350040147	19
-5.1959890634634	-4.82709557508132	19
-5.18473313007351	-4.82819568841174	19
-5.17345846085359	-4.82908344952771	19
-5.16216906163995	-4.82975854301193	19
-5.15086894350235	-4.83022072900689	19
-5.13956212131898	-4.83046984330012	19
-5.12825261234991	-4.8305057973825	19
-5.11694443480983	-4.8303285784797	19
-5.10564160644037	-4.82993824955676	19
-5.09434814308263	-4.82933494929569	19
-5.08306805725038	-4.8285188920462	19
-5.07180535670438	-4.82749036774954	19
-5.06056404302853	-4.8262497418355	19
-5.04934811020804	-4.82479745509256	19
-5.03816154321044	-4.82313402351129	19
-5.0270083165697	-4.82126003810099	19
-5.01589239297416	-4.81917616467978	19
-5.00481772185854	-4.81688314363794	19
-4.99378823800075	-4.81438178967494	19
-4.98280786012388	-4.81167299150993	19
-4.97188048950392	-4.80875771156601	19
-4.96101000858361	-4.80563698562824	19
-4.95020027959306	-4.80231192247571	19
-4.9394551431775	-4.7987837034875	19
-4.92877841703276	-4.79505358222304	19
-4.91817389454877	-4.79112288397665	19
-4.9076453434619	-4.78699300530669	19
-4.8971965045162	-4.78266541353939	19
-4.88683109013441	-4.7781416462475	19
-4.87655278309888	-4.773423310704	19
-4.86636523524318	-4.76851208331104	19
-4.85627206615455	-4.76340970900433	19
-4.8462768618879	-4.75811800063316	19
-4.83638317369172	-4.75263883831632	19
-4.82659451674632	-4.7469741687741	19
-4.81691436891488	-4.7411260046366	19
-4.80734616950786	-4.7350964237287	19
-4.79789331806093	-4.72888756833178	19
-4.7885591731272	-4.72250164442261	19
-4.77934705108393	-4.71594092088954	19
-4.77026022495421	-4.7092077287264	19
-4.7613019232441	-4.70230446020431	19
-4.75247532879554	-4.6952335680217	19
-4.7437835776555	-4.68799756443289	19
-4.73522975796179	-4.68059902035552	19
-4.7268169088458	-4.67304056445704	19
-4.71854801935277	-4.66532488222087	19
-4.71042602737977	-4.65745471499215	19
-4.70245381863186	-4.64943285900383	19
-4.69463422559686	-4.64126216438315	19
-4.68697002653893	-4.63294553413899	19
-4.67946394451152	-4.62448592313049	19
-4.67211864638981	-4.61588633701715	19
-4.66493674192327	-4.60714983119096	19
-4.65792078280834	-4.59827950969086	19
-4.65107326178189	-4.58927852409983	19
-4.64439661173555	-4.5801500724252	19
-4.63789320485127	-4.57089739796237	19
-4.63156535175856	-4.56152378814253	19
-4.6254153007135	-4.55203257336461	19
-4.61944523679992	-4.54242712581203	19
-4.61365728115313	-4.53271085825457	19
-4.60805349020618	-4.52288722283582	19
-4.60263585495934	-4.51295970984667	19
-4.5974063002726	-4.50293184648522	19
-4.59236668418184	-4.49280719560358	19
-4.58751879723866	-4.48258935444198	19
-4.58286436187421	-4.47228195335074	19
-4.57840503178722	-4.46188865450038	19
-4.57414239135642	-4.45141315058051	19
-4.57007795507767	-4.44085916348778	19
-4.56621316702583	-4.43023044300356	19
-4.56254940034167	-4.41953076546161	19
-4.55908795674407	-4.40876393240643	19
-4.55583006606745	-4.39793376924253	19
-4.55277688582485	-4.38704412387531	19
-4.54992950079669	-4.37609886534393	19
-4.54728892264529	-4.36510188244661	19
-4.5448560895555	-4.35405708235902	19
-4.54263186590135	-4.34296838924605	19
-4.54061704193888	-4.33183974286754	19
-4.53881233352548	-4.32067509717858	19
-4.53721838186545	-4.30947841892461	19
-4.53583575328221	-4.29825368623209	19
-4.53466493901713	-4.28700488719512	19
-4.53370635505494	-4.27573601845842	19
-4.53296034197594	-4.2644510837974	19
-4.53242716483505	-4.25315409269561	19
-4.53210701306755	-4.2418490589202	19
-4.53200000042185	-4.23053999909583	19
-4.53210616491902	-4.21923093127761	19
-4.53242546883934	-4.20792587352349	19
-4.53295779873563	-4.19662884246666	19
-4.53370296547362	-4.18534385188846	19
-4.53466070429912	-4.1740749112923	19
-4.53583067493208	-4.16282602447913	19
-4.5372124616875	-4.15160118812487	19
-4.53880557362314	-4.14040439036041	19
-4.5406094447139	-4.1292396093547	19
-4.54262343405298	-4.11811081190127	19
-4.54484682607955	-4.10702195200885	19
-4.54727883083302	-4.09597696949657	19
-4.54991858423367	-4.08497978859412	19
-4.5527651483897	-4.07403431654751	19
-4.55581751193041	-4.06314444223084	19
-4.55907459036557	-4.0523140347646	19
-4.56253522647072	-4.041546942141	19
-4.56595374141423	-4.03151590508269	19
-4.56926760753444	-4.0219286379207	19
-4.57423218535645	-4.00756575273792	19
-4.57795376753673	-3.99679896202494	19
-4.58270665668957	-3.98304855234604	19
-4.58865131959104	-3.96585029981244	19
-4.59595053695108	-3.94473329253399	19
-4.60476690957082	-3.9192271464349	19
-4.61526036449999	-3.88886922106934	19
-4.62758566119423	-3.85321183543717	19
-4.64188989767249	-3.81182948379954	19
-4.65831001667434	-3.76432605149462	19
-4.6769703118174	-3.71034203075319	19
-4.69797993375461	-3.64956173651437	19
-4.72143039633166	-3.58172052224123	19
-4.7473930827443	-3.50661199573654	19
-4.77591675219545	-3.42409523351207	19
-4.80702524190847	-3.33410142973827	19
-4.84071678493788	-3.23663586859175	19
-4.87696515472481	-3.13177460945491	19
-4.91572110822689	-3.01966030795172	19
-4.95691383097141	-2.90049803141705	19
-5.00045238210852	-2.77455107436579	19
-5.04622713946441	-2.64213677396205	19
-5.09411124459445	-2.50362232548836	19
-5.14396204783647	-2.35942059781482	19
-5.19562255336387	-2.20998594886829	19
-5.24892286423881	-2.05581004110163	19
-5.30368162746544	-1.89741765696275	19
-5.35970747904304	-1.73536251436404	19
-5.41680048901924	-1.57022308215119	19
-5.47475360654318	-1.40259839557277	19
-5.53335410491871	-1.23310387174905	19
-5.59238502665755	-1.06236712514152	19
-5.65162662853256	-0.891023783021753	19
-5.71085782653522	-0.719713301323813	19
-5.76985763868319	-0.549074789113593	19
-5.82840662284776	-0.37974285301626	19
-5.88628831279316	-0.212343448810159	19
-5.94329065415661	-0.0474897332581401	19
-5.99920744042853	0.114222084061236	19
-6.05383974893248	0.272216888922499	19
-6.1069973768054	0.425944810622038	19
-6.15850027697763	0.574885370146899	19
-6.20817999415304	0.718551628343554	19
-6.25588110078913	0.856494334086701	19
-6.30146263307711	0.988306072448054	19
-6.34479952692202	1.11362541286504	19
-6.38578405392285	1.2321410573098	19
-6.42432725735258	1.34359598845766	19
-6.46036038813833	1.44779161785624	19
-6.49383634084143	1.54459193409395	19
-6.52473108963757	1.63392765096905	19
-6.55304512012212	1.71580034359233	19
-6.57880447132051	1.79028545790059	19
-6.60205983526658	1.85752970613179	19
-6.6228842157635	1.91774429803478	19
-6.64137044848309	1.97119777131728	19
-6.65762872092294	2.01820882168321	19
-6.67178409236345	2.05913913286975	19
-6.68397401382495	2.0943862066845	19
-6.69434584802481	2.1243761930426	19
-6.70305438933451	2.14955672000393	19
-6.71025938373673	2.17038972381019	19
-6.71612304878244	2.18734427892209	19
-6.720807593548	2.20088942805647	19
-6.72447273859225	2.21148701222346	19
-6.72935638890714	2.22560782138498	19
-6.73306217100794	2.23632287682664	19
-6.73639529205873	2.24596040326182	19
-6.74000109517274	2.25638633818231	19
-6.74341430487473	2.26625420196514	19
-6.74737558712303	2.27770150447415	19
-6.75065421609011	2.28716965799705	19
-6.75451917327549	2.29832184764707	19
-6.75784418535282	2.30790725236947	19
-6.76156831309505	2.31863300312365	19
-6.76572298767626	2.33058558709779	19
-6.77034058522179	2.34385336941423	19
-6.77369255744264	2.35347361619316	19
-6.77727511063299	2.36374540995445	19
-6.7810984726635	2.37469603907401	19
-6.78517302450352	2.38635301580942	19
-6.78950929350941	2.39874404688619	19
-6.79411794671285	2.41189700408414	19
-6.79900978410921	2.42583989482374	19
-6.80419573194582	2.44060083275239	19
-6.80968683601033	2.45620800833083	19
-6.81549425491905	2.4726896594194	19
-6.82162925340521	2.49007404186444	19
-6.82810319560736	2.50838940008455	19
-6.83147084742465	2.51790501112781	19
-6.83492753835765	2.52766393765702	19
-6.8384747138926	2.5376696939122	19
-6.84211382447017	2.54792578790406	19
-6.84584632527566	2.55843572049488	19
-6.84967367602928	2.56920298447923	19
-6.85359734077642	2.58023106366491	19
-6.85761878767791	2.59152343195369	19
-6.86173948880027	2.60308355242217	19
-6.86596091990594	2.6149148764026	19
-6.87028456024361	2.62702084256367	19
-6.87471189233844	2.6394048759914	19
-6.87924440178231	2.65207038726989	19
-6.88388357702409	2.6650207715622	19
-6.88863090915991	2.67825940769113	19
-6.89348789172342	2.69178965722007	19
-6.89845602047603	2.70561486353382	19
-6.90353679319721	2.71973835091939	19
-6.90873170947469	2.73416342364687	19
-6.91404227049476	2.74889336505018	19
-6.91946997883256	2.76393143660799	19
-6.92501633824225	2.77928087702445	19
-6.93068285344737	2.79494490131007	19
-6.93647102993105	2.81092669986251	19
-6.94238237372623	2.82722943754743	19
-6.948418391206	2.8438562527793	19
-6.95458058887385	2.86081025660223	19
-6.96087047315386	2.87809453177078	19
-6.96728955018103	2.89571213183078	19
-6.9738393255915	2.91366608020018	19
-6.98052130431284	2.93195936924986	19
-6.9873369903543	2.95059495938442	19
-6.99428788659705	2.96957577812306	19
-7.00137549458445	2.98890471918036	19
-7.00860131431236	3.00858464154713	19
-7.01596684401931	3.02861836857121	19
-7.02347357997682	3.0490086870383	19
-7.03112301627966	3.06975834625279	19
-7.03891664463608	3.0908700571186	19
-7.04685595415811	3.11234649121995	19
-7.05494243115178	3.13419027990224	19
-7.06317755890738	3.15640401335283	19
-7.0715628174898	3.1789902396819	19
-7.08009968352864	3.20195146400323	19
-7.08878963000863	3.22529014751507	19
-7.0976341260598	3.24900870658092	19
-7.10663463674775	3.2731095118104	19
-7.1157926228639	3.29759488714002	19
-7.12510954071582	3.32246710891404	19
-7.13458684191739	3.34772840496527	19
-7.14422597317913	3.37338095369594	19
-7.15402837609843	3.39942688315843	19
-7.16399548694985	3.42586827013622	19
-7.17412873647531	3.45270713922457	19
-7.18442954967442	3.47994546191147	19
-7.19489934559468	3.50758515565839	19
-7.2055395371218	3.53562808298113	19
-7.21635153076991	3.56407605053063	19
-7.22733672647183	3.59293080817379	19
-7.2384965173694	3.62219404807431	19
-7.24983228960361	3.6518674037735	19
-7.26134542210497	3.68195244927113	19
-7.27303728638373	3.71245069810619	19
-7.28490924632011	3.74336360243778	19
-7.29696265795463	3.7746925521259	19
-7.30919886927831	3.80643887381227	19
-7.32161922002297	3.83860383000119	19
-7.33422504145145	3.87118861814029	19
-7.3470176561479	3.90419436970144	19
-7.35999837780804	3.9376221492615	19
-7.37316851102941	3.9714729535832	19
-7.38652935110161	4.0057477106959	19
-7.40008218379664	4.0404472789765	19
-7.41382828515903	4.07557244623015	19
-7.42776892129622	4.1111239287712	19
-7.44190534816877	4.14710237050391	19
-7.45623881138061	4.18350834200334	19
-7.47077054596933	4.22034233959617	19
-7.48550177619639	4.25760478444146	19
-7.50043371533745	4.29529602161158	19
-7.5155675654726	4.33341631917292	19
-7.53090451727656	4.37196586726679	19
-7.54644574980904	4.41094477719023	19
-7.56219243030497	4.4503530804768	19
-7.57814571396469	4.49019072797743	19
-7.5943067437443	4.53045758894124	19
-7.6106766501459	4.57115345009637	19
-7.6272565510078	4.61227801473078	19
-7.64404755129483	4.6538309017731	19
-7.66105074288859	4.69581164487341	19
-7.6782672043777	4.73821969148413	19
-7.69569800084806	4.78105440194079	19
-7.71334418367314	4.82431504854285	19
-7.73120679030419	4.86800081463457	19
-7.74928684406053	4.91211079368578	19
-7.76758535391983	4.95664398837275	19
-7.78610331430833	5.00159930965897	19
-7.80484170489111	5.04697557587601	19
-7.82380149036235	5.09277151180431	19
-7.84298362023564	5.13898574775403	19
-7.86238902863415	5.18561681864584	19
-7.88201863408097	5.23266316309181	19
-7.90187333928931	5.28012312247613	19
-7.92195403095282	5.32799494003604	19
-7.94226157953578	5.37627675994259	19
-7.96279683906344	5.42496662638144	19
-7.98356064691219	5.47406248263377	19
-8.00455382359993	5.52356217015702	19
-8.02577717257621	5.57346342766577	19
-8.04723148001258	5.62376389021251	19
-8.06891751459282	5.67446108826851	19
-8.09083602730318	5.72555244680462	19
-8.11298775122269	5.7770352843721	19
-8.13537340131335	5.82890681218344	19
-8.15799367421046	5.88116413319316	19
-8.18084924801284	5.9338042411787	19
-8.20394078207311	5.98682401982115	19
-8.22726891678792	6.04022024178621	19
-8.25083427339629	6.09398956787978	19
-8.27463745386629	6.14812854702916	19
-8.29867904090674	6.20263361742974	19
-8.32295959800525	6.25750110793789	19
-8.34747966946656	6.31272723946697	19
-8.37223978045095	6.36830812638326	19
-8.39724043701253	6.42423977790187	19
-8.42248212613772	6.48051809948272	19
-8.4479653157835	6.53713889422651	19
-8.47369045491584	6.59409786427062	19
-8.49965797354806	6.65139061218505	19
-8.52586828277921	6.70901264236843	19
-8.55232177483238	6.76695936244389	19
-8.57901882309312	6.82522608465506	19
-8.6059597821478	6.88380802726198	19
-8.63314498782194	6.94270031593708	19
-8.66057475721864	7.0018979851611	19
-8.68824938875685	7.06139597961904	19
-8.71616916220984	7.12118915559611	19
-8.74433433874351	7.18127228237368	19
-8.77274516095475	7.24164004362523	19
-8.80140185290983	7.30228703881226	19
-8.83030462018278	7.3632077845803	19
-8.85945364989371	7.42439671615479	19
-8.88884911074719	7.48584818873706	19
-8.91849115307067	7.54755647890031	19
-8.94837990885275	7.60951578598544	19
-8.97851549178164	7.67172023349715	19
-9.00889799728346	7.73416387049976	19
-9.03952750256065	7.79684067301323	19
-9.0704040666303	7.85974454540908	19
-9.10152773036256	7.92286932180631	19
-9.13289851651894	7.9862087674674	19
-9.16451642979075	8.04975658019423	19
-9.19638145683743	8.11350639172402	19
-9.22849356632489	8.17745176912525	19
-9.26085270896394	8.24158621619369	19
-9.29345881754859	8.30590317484825	19
-9.32631180699448	8.37039602652698	19
-9.35941157437718	8.43505809358303	19
-9.39275799897061	8.49988264068052	19
-9.42635094228537	8.56486287619058	19
-9.46019024810714	8.62999195358723	19
-9.49427574253503	8.69526297284335	19
-9.52860723401991	8.76066898182664	19
-9.56318451340285	8.82620297769552	19
-9.59800735395342	8.89185790829514	19
-9.63307551140808	8.95762667355325	19
-9.6683887240086	9.02350212687623	19
-9.70394671254028	9.08947707654497	19
-9.73974918037051	9.15554428711084	19
-9.77579581348698	9.22169648079165	19
-9.81208628053611	9.28792633886756	19
-9.84862023286142	9.35422650307707	19
-9.88539730454188	9.42058957701291	19
-9.92241711243028	9.48700812751806	19
-9.95967925619162	9.55347468608162	19
-9.99718331834141	9.61998175023482	19
-10.0349288642841	9.68652178494691	19
-10.0729154423515	9.75308722402114	19
-10.1111425838409	9.81967047149072	19
-10.1496098030538	9.88626390301471	19
-10.188316597334	9.95285986727403	19
-10.227262447106	10.0194506873674	19
-10.2664468159134	10.0860286622071	19
-10.3058691504575	10.1525860679153	19
-10.3455288806353	10.2191151592198	19
-10.3854254195779	10.2856081708496	19
-10.4255581636891	10.3520573189316	19
-10.4659264926837	10.418454802386	19
-10.5065297696258	10.4847928043224	19
-10.5473673409672	10.5510634934358	19
-10.5884385365854	10.6172590254023	19
-10.6297426698229	10.6833715442754	19
-10.6712790375246	10.7493931838819	19
-10.7130469200765	10.8153160692174	19
-10.7550455814444	10.8811323178429	19
-10.7972742692118	10.9468340412802	19
-10.8397322146183	11.0124133464082	19
-10.8824186325984	11.0778623368585	19
-10.9253327218195	11.1431731144119	19
-10.9684736647201	11.2083377803936	19
-11.0118406275488	11.27334843707	19
-11.0554327604019	11.3381971890438	19
-11.0992491972624	11.4028761446505	19
-11.143289056038	11.4673774173542	19
-11.1875514385996	11.5316931271435	19
-11.2320354308196	11.5958154019275	19
-11.2767401026104	11.6597363789318	19
-11.3216645079625	11.7234482060941	19
-11.3668076849832	11.7869430434608	19
-11.4121686559348	11.8502130645822	19
-11.4577464272729	11.9132504579091	19
-11.5035399896848	11.9760474281883	19
-11.549548318128	12.0385961978587	19
-11.5957703718684	12.1008890084472	19
-11.6422050945187	12.1629181219649	19
-11.688851414077	12.2246758223026	19
-11.7357082429648	12.2861544166271	19
-11.7827744780655	12.3473462367771	19
-11.8300490007628	12.4082436406589	19
-11.8775306769794	12.4688390136426	19
-11.9252183572144	12.529124769958	19
-11.9731108765829	12.5890933540906	19
-12.0212070548535	12.6487372421771	19
-12.0695056964869	12.7080489434022	19
-12.1180055906743	12.7670210013937	19
-12.1667055113759	12.825645995619	19
-12.215604217359	12.8839165427805	19
-12.2647004522366	12.9418252982124	19
-12.3139929445054	12.9993649572758	19
-12.3634804075849	13.0565282567549	19
-12.4131615398548	13.1133079762534	19
-12.4630350246942	13.1696969395897	19
-12.5130995305195	13.2256880161934	19
-12.5633537108228	13.281274122501	19
-12.6137962042105	13.336448223352	19
-12.6644256344415	13.3912033333847	19
-12.7152406104655	13.4455325184321	19
-12.7662397264617	13.4994288969182	19
-12.8174215618765	13.5528856412534	19
-12.8687846814628	13.6058959792309	19
-12.9203276353174	13.6584531954226	19
-12.97204895892	13.7105506325747	19
-13.0239471731715	13.7621816930039	19
-13.0760207844322	13.8133398399935	19
-13.12826828456	13.864018599189	19
-13.1806881509494	13.9142115599944	19
-13.233278846569	13.9639123769677	19
-13.2860388200006	14.0131147712174	19
-13.3389665054772	14.0618125317979	19
-13.3920603229215	14.1099995171057	19
-13.4453186779842	14.1576696562757	19
-13.4987399620823	14.2048169505764	19
-13.5523225524377	14.2514354748064	19
-13.6060648121153	14.2975193786901	19
-13.6599650900615	14.3430628882738	19
-13.7140217211426	14.3880603073216	19
-13.768233026183	14.4325060187113	19
-13.8225973120038	14.4763944858304	19
-13.877112871461	14.5197202539718	19
-13.9317779834839	14.5624779517301	19
-13.9865909131136	14.6046622923977	19
-14.041549911541	14.6462680753599	19
-14.0966532161455	14.6872901874917	19
-14.1518990505335	14.7277236045535	19
-14.2072856245763	14.7675633925869	19
-14.2628111344488	14.8068047093107	19
-14.3184737626676	14.8454428055169	19
-14.3742716781299	14.8834730264667	19
-14.4302030361513	14.9208908132862	19
-14.4862659785042	14.9576917043626	19
-14.5424586334567	14.9938713367403	19
-14.5987791158103	15.0294254475161	19
-14.6552255269387	15.0643498752362	19
-14.7117959548262	15.0986405612913	19
-14.7684884741056	15.1322935513129	19
-14.825301146097	15.1653049965691	19
-14.8822320188461	15.1976711553608	19
-14.9392791271625	15.2293883944174	19
-14.9964404926579	15.2604531902928	19
-15.0537141237849	15.2908621307616	19
-15.1110980158748	15.3206119162145	19
-15.1685901511766	15.3496993610547	19
-15.2261884988948	15.3781213950938	19
-15.2838910152281	15.4058750649475	19
-15.3416956434075	15.4329575354319	19
-15.3996003137351	15.4593660909592	19
-15.457602943622	15.4850981369334	19
-15.5157014376269	15.5101512011471	19
-15.5738936874946	15.5345229351763	19
-15.6321775721939	15.5582111157774	19
-15.6905509579566	15.5812136462824	19
-15.7490116983152	15.6035285579953	19
-15.8075576341417	15.6251540115877	19
-15.8661865936861	15.6460882984951	19
-15.9248963926142	15.6663298423126	19
-15.9836848340465	15.6858772001908	19
-16.0425497085963	15.704729064232	19
-16.1014887944081	15.722884262886	19
-16.160499857196	15.740341762346	19
-16.2195806502831	15.7571006679315	19
-16.2787289146805	15.7731602250026	19
-16.3379423792878	15.7885198184189	19
-16.3972187611521	15.8031789713034	19
-16.4565557657304	15.8171373437693	19
-16.5159510871517	15.8303947316468	19
-16.5754024084791	15.8429510652103	19
-16.6349074019719	15.8548064079051	19
-16.6944637293478	15.8659609550745	19
-16.754069042045	15.8764150326871	19
-16.8137209814846	15.886169096063	19
-16.8734171793324	15.8952237286016	19
-16.933155257761	15.9035796405081	19
-16.9929328297126	15.9112376675203	19
-17.0527474991602	15.9181987696362	19
-17.1125968613705	15.9244640298405	19
-17.1724785031659	15.9300346528314	19
-17.2323900031863	15.9349119637481	19
-17.2923289321515	15.9390974068974	19
-17.3522928531235	15.9425925444809	19
-17.4122793217683	15.9453990553216	19
-17.4722858866183	15.9475187335914	19
-17.5323100893344	15.9489534875374	19
-17.5923494649682	15.9497053382096	19
-17.6524015422238	15.9497764181872	19
-17.7124638437205	15.9491689703062	19
-17.7725338862546	15.9478853463859	19
-17.8326091810616	15.9459280059558	19
-17.8926872340782	15.943299514983	19
-17.9527655462049	15.9400025445991	19
-18.0128416135677	15.9360398698266	19
-18.0729129277805	15.9314143683067	19
-18.132976976207	15.9261290190256	19
-18.1930312422232	15.9201869010418	19
-18.2530732054792	15.913591192213	19
-18.3131003421617	15.906345167923	19
-18.3731101252556	15.8984521998088	19
-18.433100024807	15.8899157544875	19
-18.4930675081843	15.8807393922832	19
-18.5530100403414	15.870926765954	19
-18.6129250840791	15.860481619419	19
-18.6728101003074	15.8494077864855	19
-18.732662548308	15.8377091895754	19
-18.7924798859959	15.8253898384528	19
-18.8522595701822	15.8124538289503	19
-18.9119990568356	15.7989053416968	19
-18.9716958013448	15.7847486408436	19
-19.031347258781	15.7699880727921	19
-19.0909508841595	15.7546280649201	19
-19.1505041327021	15.7386731243094	19
-19.2100044600992	15.7221278364724	19
-19.2694493227721	15.7049968640791	19
-19.328836178135	15.6872849456842	19
-19.3881624848571	15.6689968944538	19
-19.4474257031249	15.6501375968927	19
-19.5066232949042	15.6307120115713	19
-19.5657527242024	15.6107251678523	19
-19.6248114573304	15.5901821646179	19
-19.6837969631653	15.5690881689969	19
-19.7427067134117	15.5474484150912	19
-19.8015381828647	15.5252682027033	19
-19.8602888496713	15.5025528960629	19
-19.9189561955933	15.4793079225541	19
-19.9775377062688	15.4555387714422	19
-20.0360308714746	15.4312509926007	19
-20.0944331853885	15.4064501952383	19
-20.1527421468512	15.381142046626	19
-20.2109552596287	15.3553322708238	19
-20.2690700326741	15.3290266474078	19
-20.32708398039	15.3022310101973	19
-20.3849946228907	15.2749512459816	19
-20.4427994862642	15.2471932932468	19
-20.5004961028344	15.2189631409032	19
-20.5580820114232	15.1902668270122	19
-20.6155547576128	15.1611104375126	19
-20.6729118940075	15.1315001049486	19
-20.7301509804963	15.101442007196	19
-20.7872695845149	15.0709423661894	19
-20.8442652813076	15.0400074466493	19
-20.9011356541897	15.0086435548089	19
-20.9578782948096	14.9768570371411	19
-21.014490803411	14.9446542790855	19
-21.0709707890948	14.9120417037754	19
-21.1273158700815	14.8790257707646	19
-21.1835236739735	14.8456129747548	19
-21.2395918380166	14.8118098443218	19
-21.2955180093629	14.7776229406434	19
-21.3512998453326	14.7430588562255	19
-21.406935013676	14.7081242136298	19
-21.4624211928359	14.6728256642002	19
-21.5177560722098	14.6371698867902	19
-21.5729373524117	14.6011635864894	19
-21.6279627455346	14.564813493351	19
-21.6828299754124	14.5281263611183	19
-21.7375367778823	14.4911089659522	19
-21.7920809010468	14.4537681051574	19
-21.8464601055356	14.4161105959102	19
-21.9006721647684	14.3781432739848	19
-21.9547148652163	14.3398729924808	19
-22.0085860066646	14.3013066205496	19
-22.0622834024744	14.262451042122	19
-22.1158048798452	14.2233131546348	19
-22.1691482800766	14.1838998677575	19
-22.222311458831	14.14421810212	19
-22.2752922863953	14.104274788039	19
-22.328088647943	14.0640768642451	19
-22.380698443797	14.0236312766097	19
-22.4331195896908	13.9829449768722	19
-22.4853500170314	13.9420249213669	19
-22.5373876731612	13.9008780697497	19
-22.58923052162	13.8595113837253	19
-22.6408765424075	13.8179318257744	19
-22.6923237322449	13.77614635788	19
-22.7435701048376	13.734161940255	19
-22.7946136911372	13.691985530069	19
-22.8454525396034	13.649624080175	19
-22.8960847164665	13.6070845378367	19
-22.9465083059891	13.5643738434554	19
-22.9967214107287	13.5214989292967	19
-23.0467221517998	13.4784667182179	19
-23.0965086691357	13.4352841223946	19
-23.146079121751	13.391958042048	19
-23.1954316880034	13.3484953641714	19
-23.2445645658565	13.3049029612577	19
-23.2934759731409	13.261187690026	19
-23.3421641478176	13.2173563901487	19
-23.390627348239	13.1734158829785	19
-23.4388638534118	13.1293729702753	19
-23.4868719632589	13.0852344329331	19
-23.5346499988816	13.0410070297072	19
-23.5821963028215	12.9966974959409	19
-23.629509239323	12.9523125422928	19
-23.6765871945952	12.9078588534634	19
-23.7234285770744	12.8633430869221	19
-23.7700318176857	12.8187718716346	19
-23.8163953701055	12.7741518067894	19
-23.8625177110238	12.729489460525	19
-23.9083973404059	12.6847913686567	19
-23.9540327817549	12.6400640334038	19
-23.9994225823737	12.5953139221163	19
-24.0445653136272	12.5505474660022	19
-24.0894595712044	12.505771058854	19
-24.1341039753807	12.4609910557763	19
-24.1784971712799	12.4162137719122	19
-24.2226378291362	12.3714454811704	19
-24.2665246445567	12.3266924149523	19
-24.3101563387833	12.2819607608792	19
-24.3535316589551	12.2372566615186	19
-24.3966493783701	12.1925862131117	19
-24.4395082967478	12.1479554643003	19
-24.4821072404912	12.1033704148536	19
-24.5244450629487	12.0588370143953	19
-24.5665206446767	12.0143611611304	19
-24.6083328937014	11.9699487005726	19
-24.649880745781	11.9256054242705	19
-24.6911631646682	11.8813370685355	19
-24.7321791423717	11.837149313168	19
-24.772927699419	11.7930477801848	19
-24.8134078851179	11.7490380325458	19
-24.8536187778195	11.7051255728813	19
-24.8935594851794	11.6613158422186	19
-24.9332291444205	11.6176142187092	19
-24.9726269225951	11.5740260163558	19
-25.0117520168465	11.5305564837389	19
-25.0506036546719	11.4872108027444	19
-25.0891810941842	11.44399408729	19
-25.1274836243738	11.4009113820524	19
-25.1655105653714	11.3579676611942	19
-25.2032612687099	11.3151678270911	19
-25.2407351175861	11.2725167090585	19
-25.2779315271236	11.2300190620787	19
-25.3148499446345	11.1876795655278	19
-25.3514898498816	11.1455028219029	19
-25.3878507553405	11.1034933555485	19
-25.4239322064621	11.0616556113841	19
-25.459733781934	11.0199939536307	19
-25.4952550939437	10.9785126645381	19
-25.5304957884398	10.9372159431118	19
-25.5654555453946	10.8961079038396	19
-25.6001340790662	10.8551925754191	19
-25.6345311382607	10.8144738994845	19
-25.668646506594	10.7739557293337	19
-25.7024800027207	10.7336418287691	19
-25.7360314803173	10.6935358717732	19
-25.7693008278112	10.6536414430466	19
-25.8022879680731	10.6139620386722	19
-25.8349928581087	10.5745010667806	19
-25.8674154887509	10.5352618482145	19
-25.8995558843519	10.4962476171943	19
-25.9314141024745	10.4574615219827	19
-25.962990233585	10.4189066255497	19
-25.9942844007444	10.3805859062378	19
-26.0252967593005	10.3425022584269	19
-26.0560274965805	10.304658493199	19
-26.086476831582	10.2670573390037	19
-26.1166450146655	10.2297014423229	19
-26.1465323272467	10.1925933683356	19
-26.1761390814875	10.1557356015833	19
-26.2054656199888	10.1191305466348	19
-26.2345123154824	10.0827805287509	19
-26.2632795705223	10.0466877945501	19
-26.2917678171774	10.0108545126727	19
-26.3199775167231	9.97528277444653	19
-26.3479091593335	9.9399745945515	19
-26.375563263773	9.90493191168477	19
-26.4029403770885	9.87015658922568	19
-26.4300410743014	9.83565041590077	19
-26.4568659580995	9.80141510644871	19
-26.483415658529	9.76745230228536	19
-26.5096908326863	9.73376357216869	19
-26.5356921644103	9.70035041286383	19
-26.5614203639738	9.66721424980798	19
-26.5868761677762	9.63435643777549	19
-26.6120603380349	9.60177826154275	19
-26.6369736624775	9.56948093655325	19
-26.6616169540335	9.53746560958256	19
-26.6859910505269	9.50573335940324	19
-26.7100968143674	9.47428519744995	19
-26.7339351322427	9.44312206848433	19
-26.7575069148107	9.41224485126004	19
-26.780813096391	9.38165435918774	19
-26.8038546346573	9.35135134100006	19
-26.8266325103288	9.32133648141663	19
-26.8491477268631	9.291610401809	19
-26.8714013101469	9.26217366086567	19
-26.8933943081893	9.23302675525709	19
-26.9151277908126	9.20417012030062	19
-26.9366028493451	9.17560413062549	19
-26.9578205963126	9.14732910083788	19
-26.9787821651305	9.1193452861858	19
-26.9994887097958	9.09165288322414	19
-27.0199414045791	9.06425203047965	19
-27.0401414437163	9.0371428091159	19
-27.060090041101	9.0103252435983	19
-27.0797884299761	8.98379930235907	19
-27.0992378626259	8.95756489846221	19
-27.118439610068	8.93162189026853	19
-27.1373949617454	8.90597008210061	19
-27.1561052252184	8.88060922490777	19
-27.1745717258563	8.8555390169311	19
-27.19279580653	8.83075910436841	19
-27.2107788273033	8.80626908203921	19
-27.2285221651251	8.78206849404977	19
-27.2460272135216	8.758156834458	19
-27.263295382288	8.73453354793852	19
-27.2803280971803	8.71119803044761	19
-27.2971267996079	8.6881496298882	19
-27.3136929463248	8.66538764677487	19
-27.3300280091221	8.64291133489882	19
-27.3461334745196	8.62071990199288	19
-27.3620108434583	8.59881251039645	19
-27.3776616309915	8.57718827772056	19
-27.3930873659778	8.55584627751277	19
-27.4082895907722	8.53478553992225	19
-27.4232698609185	8.51400505236468	19
-27.4380297448411	8.4935037601873	19
-27.4525708235371	8.47328056733387	19
-27.4668946902683	8.45333433700965	19
-27.4810029502528	8.4336638923464	19
-27.4948972203574	8.41426801706737	19
-27.5085791287893	8.39514545615227	19
-27.5220503147882	8.37629491650228	19
-27.5353124283182	8.35771506760502	19
-27.5483671297598	8.33940454219953	19
-27.5612160896018	8.32136193694128	19
-27.5738609881333	8.30358581306715	19
-27.5863035151357	8.2860746970604	19
-27.5985453695745	8.26882708131567	19
-27.6105882592917	8.25184142480398	19
-27.6224339006971	8.23511615373767	19
-27.6340840184608	8.21864966223546	19
-27.645540345205	8.20244031298735	19
-27.656804621196	8.18648643791972	19
-27.667878594036	8.17078633886017	19
-27.6787640183551	8.15533828820265	19
-27.6894626555036	8.14014052957235	19
-27.6999762732434	8.12519127849073	19
-27.7103066454406	8.1104887230405	19
-27.7204555517568	8.09603102453061	19
-27.7304247773417	8.08181631816121	19
-27.7402161125245	8.06784271368869	19
-27.7498313525064	8.05410829609059	19
-27.759272297052	8.04061112623067	19
-27.7685407501816	8.02734924152385	19
-27.7776385198634	8.01432065660121	19
-27.7865674177049	8.00152336397495	19
-27.7953292586452	7.98895533470342	19
-27.803925860647	7.97661451905608	19
-27.8123590443883	7.96449884717849	19
-27.8206306329547	7.95260622975731	19
-27.8287424515311	7.94093455868527	19
-27.8366963270939	7.92948170772616	19
-27.8444940881026	7.91824553317982	19
-27.8521375641922	7.90722387454714	19
-27.8596285858648	7.89641455519502	19
-27.8669689841819	7.88581538302139	19
-27.874160590456	7.87542415112014	19
-27.8812052359428	7.8652386384462	19
-27.8881047515331	7.85525661048042	19
-27.8948609674449	7.84547581989465	19
-27.9014757129151	7.83589400721665	19
-27.9079508158917	7.82650890149514	19
-27.9142881027255	7.81731822096473	19
-27.9204893978624	7.80831967371097	19
-27.9265565235351	7.79951095833529	19
-27.9324912994552	7.79088976461999	19
-27.9382955425052	7.78245377419325	19
-27.9439710664301	7.77420066119409	19
-27.9549431943515	7.75823373057882	19
-27.9654221187312	7.74297024137299	19
-27.9754222051713	7.72839138490821	19
-27.9849577395071	7.7144782965285	19
-27.9940429179496	7.70121207686986	19
-28.0026918372287	7.68857381313983	19
-28.0109184847359	7.67654460039712	19
-28.0187367286672	7.66510556283114	19
-28.0261603081658	7.65423787504159	19
-28.033202823465	7.64392278331807	19
-28.0398777260313	7.63414162691963	19
-28.0461983087068	7.62487585935436	19
-28.0521776958525	7.61610706965896	19
-28.0578288334907	7.60781700367835	19
-28.065717925982	7.59624002420805	19
-28.0729393275069	7.58563940546846	19
-28.079534172304	7.57595617514582	19
-28.0855424422643	7.56713269340724	19
-28.0927078164461	7.55660863108769	19
-28.0989873658432	7.54738495364662	19
-28.105718323851	7.53749799049557	19
-28.111348918748	7.52922730416695	19
-28.1176487215879	7.51997362947223	19
-28.1235324954717	7.51133105273094	19
-28.1293303800799	7.50281463730559	19
