-27.8877596390278	7.24317610112443	50
-27.896315440253	7.237897684268	50
-27.9048042371513	7.23251217163375	50
-27.9132246892434	7.22702041365655	50
-27.9215754668423	7.22142327754864	50
-27.9298552512632	7.21572164716271	50
-27.9380627350324	7.20991642285229	50
-27.9461966220929	7.20400852132959	50
-27.9542556280097	7.19799887552075	50
-27.9622384801724	7.19188843441851	50
-27.9701439179961	7.18567816293235	50
-27.9779706931204	7.17936904173613	50
-27.9857175696069	7.17296206711323	50
-27.9933833241339	7.16645825079921	50
-28.00096674619	7.15985861982206	50
-28.0084666382649	7.15316421634003	50
-28.0158818160387	7.14637609747701	50
-28.0232111085689	7.13949533515568	50
-28.0304533584752	7.13252301592817	50
-28.0376074221223	7.1254602408045	50
-28.0446721698008	7.11830812507875	50
-28.0516464859051	7.11106779815289	50
-28.0585292691098	7.10374040335849	50
-28.0653194325436	7.09632709777612	50
-28.072015903961	7.08882905205267	50
-28.0786176259116	7.08124745021648	50
-28.0851235559069	7.07358348949037	50
-28.0915326665852	7.06583838010258	50
-28.0978439458736	7.05801334509567	50
-28.1040563971479	7.05010962013338	50
-28.1101690393901	7.04212845330549	50
-28.116180907343	7.03407110493078	50
-28.1220910516632	7.02593884735796	50
-28.1278985390701	7.01773296476477	50
-28.1336024524943	7.00945475295519	50
-28.1392018912218	7.00110551915483	50
-28.1446959710362	6.9926865818045	50
-28.1500838243586	6.98419927035201	50
-28.1553646003845	6.97564492504221	50
-28.1605374652182	6.9670248967054	50
-28.1656016020044	6.95834054654398	50
-28.1705562110571	6.94959324591751	50
-28.1754005099862	6.94078437612616	50
-28.1801337338207	6.9319153281926	50
-28.1847551351297	6.92298750264229	50
-28.1892639841403	6.91400230928239	50
-28.1936595688531	6.90496116697909	50
-28.1979411951541	6.89586550343357	50
-28.2021081869251	6.88671675495654	50
-28.2061598861497	6.87751636624144	50
-28.2100956530176	6.86826579013631	50
-28.2139148660256	6.85896648741434	50
-28.2176169220758	6.84961992654325	50
-28.2212012365704	6.84022758345333	50
-28.2246672435048	6.83079094130444	50
-28.2280143955563	6.82131149025178	50
-28.2312421641707	6.81179072721055	50
-28.2343500396459	6.8022301556196	50
-28.2373375312125	6.79263128520401	50
-28.2402041671108	6.78299563173671	50
-28.2429494946658	6.77332471679907	50
-28.2455730803584	6.76362006754067	50
-28.2480745098942	6.75388321643813	50
-28.2504533882683	6.7441157010531	50
-28.2527093398282	6.73431906378951	50
-28.2548420083332	6.72449485164993	50
-28.25685105701	6.71464461599135	50
-28.2587361686066	6.70476991228017	50
-28.2604970454421	6.69487229984658	50
-28.2621334094536	6.68495334163831	50
-28.2636450022401	6.67501460397385	50
-28.2650315851038	6.6650576562951	50
-28.2662929390871	6.6550840709195	50
-28.2674288650076	6.64509542279183	50
-28.2684391834894	6.63509328923539	50
-28.2693237349915	6.62507924970304	50
-28.270082379833	6.6150548855277	50
-28.270714998215	6.60502177967268	50
-28.2712214902398	6.5949815164817	50
-28.2716017759264	6.58493568142871	50
-28.2718557952234	6.57488586086752	50
-28.271983508018	6.56483364178129	50
-28.2719848941431	6.55478061153196	50
-28.2718599533796	6.54472835760953	50
-28.2716087054572	6.53467846738143	50
-28.2712311900509	6.52463252784182	50
-28.2707274667747	6.51459212536103	50
-28.2700976151723	6.50455884543498	50
-28.2693417347047	6.4945342724349	50
-28.268459944734	6.48451998935707	50
-28.2674523845053	6.47451757757286	50
-28.2663192131238	6.46452861657906	50
-28.2650606095306	6.45455468374841	50
-28.2636767724736	6.44459735408051	50
-28.2621679204769	6.43465819995315	50
-28.2605342918056	6.42473879087399	50
-28.2587761444287	6.41484069323271	50
-28.2568937559779	6.40496547005367	50
-28.2548874237044	6.39511468074908	50
-28.252757464431	6.38528988087278	50
-28.2505042145033	6.37549262187455	50
-28.2481280297353	6.36572445085517	50
-28.2456292853543	6.35598691032207	50
-28.243008375941	6.34628153794578	50
-28.2402657153672	6.33660986631712	50
-28.237401736731	6.32697342270515	50
-28.2344168922878	6.31737372881602	50
-28.231311653379	6.30781230055269	50
-28.228086510358	6.29829064777551	50
-28.2247419725121	6.28881027406384	50
-28.2212785679827	6.27937267647859	50
-28.2176968436815	6.26997934532582	50
-28.2139973652043	6.26063176392141	50
-28.2101807167416	6.25133140835682	50
-28.2062475009865	6.24207974726602	50
-28.2021983390393	6.23287824159352	50
-28.1980338703097	6.22372834436376	50
-28.1937547524155	6.21463150045157	50
-28.189361661079	6.20558914635406	50
-28.1848552900203	6.19660270996376	50
-28.1802363508477	6.18767361034315	50
-28.1755055729451	6.17880325750057	50
-28.1706637033573	6.16999305216757	50
-28.1657115066715	6.1612443855777	50
-28.1606497648971	6.15255863924682	50
-28.1554792773417	6.14393718475498	50
-28.1502008604852	6.13538138352978	50
-28.144815347851	6.12689258663142	50
-28.1393235898738	6.11847213453933	50
-28.1337264537659	6.11012135694051	50
-28.1280248233799	6.10184157251954	50
-28.1222195990695	6.09363408875038	50
-28.1163116975468	6.08550020168985	50
-28.110302051738	6.07744119577301	50
-28.1041916106357	6.06945834361032	50
-28.0979813391496	6.06155290578667	50
-28.0916722179534	6.05372613066235	50
-28.0852652433305	6.04597925417586	50
-28.0787614270164	6.03831349964882	50
-28.0721617960393	6.03073007759272	50
-28.0654673925573	6.02323018551783	50
-28.0586792736942	6.01581500774403	50
-28.0517985113729	6.00848571521387	50
-28.0448261921454	6.00124346530759	50
-28.0377634170217	5.99408940166041	50
-28.030611301296	5.98702465398192	50
-28.0233709743701	5.98005033787766	50
-28.0160435795757	5.973167554673	50
-28.0086302739934	5.9663773912392	50
-28.0011322282699	5.95968091982177	50
-27.9935506264337	5.95307919787119	50
-27.9858866657076	5.94657326787587	50
-27.9781415563198	5.94016415719758	50
-27.9703165213129	5.93385287790919	50
-27.9624127963506	5.92764042663487	50
-27.9544316295227	5.9215277843927	50
-27.946374281148	5.91551591643973	50
-27.9382420235752	5.90960577211961	50
-27.930036140982	5.90379828471264	50
-27.9217579291724	5.89809437128842	50
-27.9134086953721	5.89249493256097	50
-27.9049897580217	5.88700085274661	50
-27.8965024465692	5.88161299942421	50
-27.8879481012594	5.87633222339827	50
-27.8793280729226	5.87115935856454	50
-27.8706437227612	5.86609522177836	50
-27.8618964221347	5.86114061272561	50
-27.8530875523434	5.85629631379651	50
-27.8442185044098	5.85156308996202	50
-27.8352906788595	5.84694168865304	50
-27.8263054854996	5.84243283964242	50
-27.8172643431963	5.83803725492969	50
-27.8081686796508	5.83375562862861	50
-27.7990199311738	5.82958863685763	50
-27.7898195424587	5.82553693763305	50
-27.7805689663535	5.82160117076514	50
-27.7712696636316	5.81778195775712	50
-27.7619231027605	5.814079901707	50
-27.7525307596706	5.81049558721234	50
-27.7430941175217	5.80702958027794	50
-27.733614666469	5.8036824282265	50
-27.7240939034278	5.8004546596121	50
-27.7145333318368	5.79734678413685	50
-27.7049344614212	5.7943592925703	50
-27.6952988079539	5.791492656672	50
-27.6856278930163	5.78874732911699	50
-27.6759232437579	5.78612374342432	50
-27.6661863926554	5.78362231388858	50
-27.6564188772703	5.78124343551449	50
-27.6466222400067	5.77898748395453	50
-27.6367980278672	5.7768548154496	50
-27.6269477922086	5.77484576677278	50
-27.6170730884974	5.77296065517614	50
-27.6071754760638	5.77119977834066	50
-27.5972565178555	5.7695634143292	50
-27.5873177801911	5.76805182154262	50
-27.5773608325123	5.76666523867892	50
-27.5673872471367	5.76540388469563	50
-27.5573985990091	5.76426795877516	50
-27.5473964654526	5.76325764029337	50
-27.5373824259203	5.76237308879127	50
-27.5273580617449	5.7616144439498	50
-27.5173249558899	5.76098182556777	50
-27.5072846926989	5.76047533354295	50
-27.4972388576459	5.76009504785632	50
-27.4871890370848	5.75984102855937	50
-27.4771368179985	5.75971331576472	50
-27.4670837877492	5.75971192963969	50
-27.4570315338268	5.75983687040316	50
-27.4469816435987	5.76008811832554	50
-27.4369357040591	5.76046563373187	50
-27.4268953015783	5.76096935700809	50
-27.4168620216522	5.76159920861046	50
-27.4068374486521	5.7623550890781	50
-27.3968231655743	5.76323687904873	50
-27.3868207537901	5.7642444392775	50
-27.3768317927963	5.76537761065895	50
-27.3668578599656	5.76663621425219	50
-27.3569005302977	5.76802005130914	50
-27.3469613761704	5.76952890330586	50
-27.3370419670912	5.77116253197714	50
-27.3271438694499	5.77292067935408	50
-27.3172686462709	5.77480306780482	50
-27.2965512120099	5.77892793663073	50
-27.2780185257165	5.78258644688996	50
-27.2594793567013	5.7862137498531	50
-27.2409337049642	5.78980984552015	50
-27.2223815705053	5.79337473389112	50
-27.2038229533246	5.796908414966	50
-27.1852578534221	5.80041088874478	50
-27.1666862707978	5.80388215522748	50
-27.1481082054516	5.80732221441409	50
-27.1295236573836	5.81073106630461	50
-27.1109326265938	5.81410871089904	50
-27.0923351130821	5.81745514819739	50
-27.0737311168487	5.82077037819964	50
-27.0551206378934	5.82405440090581	50
-27.0365036762163	5.82730721631588	50
-27.0178802318173	5.83052882442987	50
-26.9992503046966	5.83371922524777	50
-26.980613894854	5.83687841876958	50
-26.9619710022896	5.8400064049953	50
-26.9433216270033	5.84310318392493	50
-26.9246657689953	5.84616875555847	50
-26.9060034282654	5.84920311989593	50
-26.8873346048137	5.85220627693729	50
-26.8686592986402	5.85517822668256	50
-26.8499775097448	5.85811896913175	50
-26.8312892381276	5.86102850428485	50
-26.8125944837887	5.86390683214186	50
-26.7938932467278	5.86675395270278	50
-26.7751855269452	5.86956986596761	50
-26.7564713244407	5.87235457193635	50
-26.7377506392144	5.87510807060901	50
-26.7190234712663	5.87783036198557	50
-26.7002898205964	5.88052144606605	50
-26.6815496872046	5.88318132285043	50
-26.662803071091	5.88580999233873	50
-26.6440499722556	5.88840745453094	50
-26.6252903906984	5.89097370942706	50
-26.6065243264193	5.89350875702709	50
-26.5877517794184	5.89601259733103	50
-26.5689727496957	5.89848523033888	50
-26.5501872372512	5.90092665605065	50
-26.5313952420848	5.90333687446632	50
-26.5125967641967	5.90571588558591	50
-26.4937918035867	5.90806368940941	50
-26.4749803602548	5.91038028593682	50
-26.4561624342012	5.91266567516814	50
-26.4373380254257	5.91491985710336	50
-26.4185071339284	5.91714283174251	50
-26.3996697597093	5.91933459908556	50
-26.3808259027684	5.92149515913252	50
-26.3619755631056	5.9236245118834	50
-26.343118740721	5.92572265733818	50
-26.3242554356146	5.92778959549688	50
-26.3053856477864	5.92982532635949	50
-26.2865093772363	5.93182984992601	50
-26.2676266239644	5.93380316619644	50
-26.2487373879707	5.93574527517078	50
-26.2298416692552	5.93765617684903	50
-26.2109394678178	5.9395358712312	50
-26.1920307836587	5.94138435831727	50
-26.1731156167777	5.94320163810726	50
-26.1541939671748	5.94498771060115	50
-26.1352658348502	5.94674257579896	50
-26.1163312198037	5.94846623370068	50
-26.0973901220354	5.95015868430631	50
-26.0784425415453	5.95181992761585	50
-26.0594884783334	5.9534499636293	50
-26.0405279323996	5.95504879234667	50
-26.021560903744	5.95661641376794	50
-26.0025873923666	5.95815282789313	50
-25.9836073982673	5.95965803472222	50
-25.9646209214463	5.96113203425523	50
-25.9456279619034	5.96257482649215	50
-25.9266285196387	5.96398641143298	50
-25.9076225946522	5.96536678907772	50
-25.8886101869438	5.96671595942637	50
-25.8695912965136	5.96803392247893	50
-25.8505659233616	5.9693206782354	50
-25.8315340674878	5.97057622669579	50
-25.8124957288921	5.97180056786009	50
-25.7934509075747	5.97299370172829	50
-25.7743996035354	5.97415562830041	50
-25.7553418167742	5.97528634757644	50
-25.7362775472913	5.97638585955638	50
-25.7172067950865	5.97745416424023	50
-25.6981295601599	5.97849126162799	50
-25.6790458425115	5.97949715171967	50
-25.6599556421413	5.98047183451525	50
-25.6408589590492	5.98141531001475	50
-25.6217557932353	5.98232757821816	50
-25.6026461446996	5.98320863912547	50
-25.5835300134421	5.9840584927367	50
-25.5644073994627	5.98487713905184	50
-25.5452783027616	5.9856645780709	50
-25.5261427233385	5.98642080979385	50
-25.5070006611937	5.98714583422073	50
-25.4878521163271	5.98783965135151	50
-25.4686970887386	5.98850226118621	50
-25.4495355784283	5.98913366372482	50
-25.4303675853962	5.98973385896733	50
-25.4111931096422	5.99030284691376	50
-25.3920121511664	5.9908406275641	50
-25.3728247099689	5.99134720091835	50
-25.3536307860494	5.99182256697651	50
-25.3344303794082	5.99226672573858	50
-25.3152234900451	5.99267967720457	50
-25.2960101179602	5.99306142137446	50
-25.2767902631535	5.99341195824827	50
-25.257563925625	5.99373128782599	50
-25.2383311053746	5.99401941010762	50
-25.2190918024024	5.99427632509315	50
-25.1998460167084	5.9945020327826	50
-25.1805937482926	5.99469653317597	50
-25.161334997155	5.99485982627324	50
-25.1420697632955	5.99499191207442	50
-25.1227980467142	5.99509279057952	50
-25.1035198474111	5.99516246178852	50
-25.0842351653861	5.99520092570144	50
-25.0649440006393	5.99520818231827	50
-25.0456463531707	5.99518423163901	50
-25.0263422229803	5.99512907366365	50
-25.0070316100681	5.99504270839222	50
-24.987714514434	5.99492513582469	50
-24.9683909360781	5.99477635596107	50
-24.9490608750004	5.99459636880137	50
-24.9297243312009	5.99438517434557	50
-24.9103813046795	5.99414277259369	50
-24.8910317954363	5.99386916354572	50
-24.8716758034713	5.99356434720165	50
-24.8523133287845	5.99322832356151	50
-24.8329443713758	5.99286109262526	50
-24.8135689312453	5.99246265439294	50
-24.794187008393	5.99203300886452	50
-24.7747986028189	5.99157215604002	50
-24.755403714523	5.99108009591942	50
-24.7360023435052	5.99055682850274	50
-24.7165944897656	5.99000235378996	50
-24.6971801533042	5.9894166717811	50
-24.6777593341209	5.98879978247615	50
-24.6583320322159	5.98815168587511	50
-24.638898247589	5.98747238197798	50
-24.6194579802402	5.98676187078476	50
-24.6000112301697	5.98602015229546	50
-24.5805579973773	5.98524722651006	50
-24.5610982818632	5.98444309342858	50
-24.5416320836271	5.983607753051	50
-24.5221594026693	5.98274120537734	50
-24.5026802389897	5.98184345040759	50
-24.4831945925882	5.98091448814175	50
-24.4637024634649	5.97995431857983	50
-24.4442038516197	5.97896294172181	50
-24.4246987570528	5.9779403575677	50
-24.405187179764	5.9768865661175	50
-24.3856691197534	5.97580156737122	50
-24.366144577021	5.97468536132885	50
-24.3466135515667	5.97353794799038	50
-24.3270760433907	5.97235932735583	50
-24.3075320524928	5.97114949942519	50
-24.2879815788731	5.96990846419846	50
-24.2684246225315	5.96863622167565	50
-24.2488611834682	5.96733277185674	50
-24.229291261683	5.96599811474174	50
-24.209714857176	5.96463225033065	50
-24.1901319699471	5.96323517862348	50
-24.1705425999965	5.96180689962022	50
-24.150946747324	5.96034741332087	50
-24.1313444119297	5.95885671972543	50
-24.1117355938135	5.9573348188339	50
-24.0921202929756	5.95578171064628	50
-24.0724985094158	5.95419739516257	50
-24.0528702431342	5.95258187238278	50
-24.0332354941308	5.95093514230689	50
-24.0135942624055	5.94925720493492	50
-23.9939465479585	5.94754806026685	50
-23.9742923507896	5.9458077083027	50
-23.9546316708988	5.94403614904246	50
-23.9349645082863	5.94223338248613	50
-23.9152908629519	5.94039940863371	50
-23.8956107348957	5.93853422748521	50
-23.8759241241177	5.93663783904061	50
-23.8562310306179	5.93471024329992	50
-23.8365314543962	5.93275144026315	50
-23.8168253954527	5.93076142993028	50
-23.7971128537874	5.92874021230133	50
-23.7773938294003	5.92668778737629	50
-23.7576683222914	5.92460415515516	50
-23.7379363324606	5.92248931563794	50
-23.718197859908	5.92034326882464	50
-23.6984529046335	5.91816601471524	50
-23.6787014666373	5.91595755330975	50
-23.6589435459192	5.91371788460817	50
-23.6391791424793	5.91144700861051	50
-23.6194082563176	5.90914492531676	50
-23.5996308874341	5.90681163472692	50
-23.5798470358287	5.90444713684099	50
-23.5600567015015	5.90205143165897	50
-23.5402598844525	5.89962451918086	50
-23.5204565846816	5.89716639940666	50
-23.500646802189	5.89467707233637	50
-23.4808305369745	5.89215653797	50
-23.4610077890382	5.88960479630754	50
-23.44117855838	5.88702184734898	50
-23.4213428450001	5.88440769109434	50
-23.4015006488983	5.88176232754361	50
-23.3816519700747	5.87908575669679	50
-23.3617968085293	5.87637797855388	50
-23.341935164262	5.87363899311489	50
-23.3220670372729	5.8708688003798	50
-23.302192427562	5.86806740034862	50
-23.2823113351293	5.86523479302136	50
-23.2624237599748	5.862370978398	50
-23.2425297020984	5.85947595647856	50
-23.2226291615002	5.85654972726303	50
-23.2027221381802	5.85359229075141	50
-23.1828086321384	5.8506036469437	50
-23.1628886433747	5.84758379583991	50
-23.1429621718892	5.84453273744002	50
-23.1230292176819	5.84145047174404	50
-23.1030897807528	5.83833699875197	50
-23.0831438611018	5.83519231846382	50
-23.063191458729	5.83201643087958	50
-23.0432325736344	5.82880933599925	50
-23.023267205818	5.82557103382283	50
-23.0032953552797	5.82230152435032	50
-22.9833170220196	5.81900080758172	50
-22.9633322060377	5.81566888351703	50
-22.943340907334	5.81230575215626	50
-22.9233431259085	5.80891141349939	50
-22.9033388617611	5.80548586754644	50
-22.8833281148919	5.80202911429739	50
-22.8633108853009	5.79854115375227	50
-22.843287172988	5.79502198591104	50
-22.8232569779534	5.79147161077373	50
-22.8032203001969	5.78789002834033	50
-22.7831771397186	5.78427723861084	50
-22.7631274965184	5.78063324158527	50
-22.7430713705965	5.77695803726361	50
-22.7230087619527	5.77325162564585	50
-22.7029396705871	5.76951400673201	50
-22.6828640964996	5.76574518052208	50
-22.6627820396904	5.76194514701605	50
-22.6426935001593	5.75811390621394	50
-22.6225984779064	5.75425145811575	50
-22.6024969729317	5.75035780272146	50
-22.5823889852351	5.74643294003108	50
-22.5622745148168	5.74247687004461	50
-22.5421535616766	5.73848959276206	50
-22.5220261258145	5.73447110818342	50
-22.5018922072307	5.73042141630868	50
-22.481751805925	5.72634051713786	50
-22.4616049218975	5.72222841067095	50
-22.4414515551482	5.71808509690795	50
-22.4212917056771	5.71391057584886	50
-22.4011253734841	5.70970484749369	50
-22.3809525585693	5.70546791184242	50
-22.3607732609327	5.70119976889506	50
-22.3405874805743	5.69690041865162	50
-22.320395217494	5.69256986111209	50
-22.3001964716919	5.68820809627647	50
-22.279991243168	5.68381512414475	50
-22.2597795319223	5.67939094471696	50
-22.2395613379548	5.67493555799307	50
-22.2193366612654	5.67044896397309	50
-22.1991055018542	5.66593116265702	50
-22.1788678597212	5.66138215404487	50
-22.1586237348663	5.65680193813663	50
-22.1383731272896	5.65219051493229	50
-22.1181160369912	5.64754788443187	50
-22.0978524639708	5.64287404663536	50
-22.0775824082287	5.63816900154276	50
-22.0573058697647	5.63343274915407	50
-22.0370228485789	5.62866528946929	50
-22.0167333446713	5.62386662248843	50
-21.9964373580419	5.61903674821147	50
-21.9761348886906	5.61417566663842	50
-21.9558259366175	5.60928337776929	50
-21.9355105018226	5.60435988160407	50
-21.9151885843059	5.59940517814276	50
-21.8948601840674	5.59441926738535	50
-21.874525301107	5.58940214933187	50
-21.8541839354248	5.58435382398229	50
-21.8338360870208	5.57927429133662	50
-21.8134817558949	5.57416355139487	50
-21.7931209420472	5.56902160415702	50
-21.7727536454777	5.56384844962309	50
-21.7523798661864	5.55864408779307	50
-21.7319996041733	5.55340851866695	50
-21.7116128594383	5.54814174224475	50
-21.6912196319815	5.54284375852646	50
-21.6708199218029	5.53751456751208	50
-21.6504137289025	5.53215416920162	50
-21.6300010532802	5.52676256359506	50
-21.6095818949361	5.52133975069242	50
-21.5891562538702	5.51588573049368	50
-21.5687241300825	5.51040050299886	50
-21.5482855235729	5.50488406820795	50
-21.5278404343415	5.49933642612094	50
-21.5073888623883	5.49375757673786	50
-21.4869308077133	5.48814752005867	50
-21.4664662703165	5.48250625608341	50
-21.4459952501978	5.47683378481205	50
-21.4255177473573	5.4711301062446	50
-21.405033761795	5.46539522038107	50
-21.3845432935108	5.45962912722145	50
-21.3640463425049	5.45383182676574	50
-21.3435429087771	5.44800331901393	50
-21.3230329923275	5.44214360396604	50
-21.302516593156	5.43625268162207	50
-21.2819937112628	5.43033055198199	50
-21.2614643466477	5.42437721504584	50
-21.2409284993108	5.41839267081359	50
-21.220386169252	5.41237691928526	50
-21.1998373564715	5.40632996046084	50
-21.1792820609691	5.40025179434032	50
-21.1587202827449	5.39414242092372	50
-21.1381520217989	5.38800184021103	50
-21.117577278131	5.38183005220225	50
-21.0969960517413	5.37562705689738	50
-21.0764083426298	5.36939285429642	50
-21.0558141507965	5.36312744439938	50
-21.0352134762414	5.35683082720624	50
-21.0146063189644	5.35050300271702	50
-20.9939926789656	5.34414397093171	50
-20.973372556245	5.3377537318503	50
-20.9527459508025	5.33133228547281	50
-20.9321128626383	5.32487963179923	50
-20.9114732917522	5.31839577082956	50
-20.8908272381443	5.31188070256381	50
-20.8701747018145	5.30533442700196	50
-20.849515682763	5.29875694414403	50
-20.8288501809896	5.29214825399	50
-20.8081781964944	5.28550835653988	50
-20.7874997292774	5.27883725179368	50
-20.7668147793385	5.27213493975139	50
-20.7461233466778	5.26540142041301	50
-20.7254254312953	5.25863669377854	50
-20.704721033191	5.25184075984798	50
-20.6840101523649	5.24501361862134	50
-20.6632927888169	5.2381552700986	50
-20.6425689425471	5.23126571427978	50
-20.6218386135555	5.22434495116486	50
-20.601101801842	5.21739298075386	50
-20.5803585074068	5.21040980304677	50
-20.5596087302497	5.20339541804359	50
-20.5388524703708	5.19634982574432	50
-20.51808972777	5.18927302614896	50
-20.4973205024475	5.18216501925751	50
-20.4765447944031	5.17502580506998	50
-20.4557626036369	5.16785538358635	50
-20.4349739301488	5.16065375480664	50
-20.414178773939	5.15342091873084	50
-20.3933771350073	5.14615687535894	50
-20.3725690133538	5.13886162469097	50
-20.3517544089785	5.13153516672689	50
-20.3309333218813	5.12417750146673	50
-20.3101057520623	5.11678862891049	50
-20.2892716995215	5.10936854905815	50
-20.2684311642589	5.10191726190973	50
-20.2475841462745	5.09443476746521	50
-20.2267306455682	5.08692106572461	50
-20.2058706621401	5.07937615668791	50
-20.1850041959902	5.07180004035513	50
-20.1641312471185	5.06419271672626	50
-20.1432518155249	5.0565541858013	50
-20.1223659012095	5.04888444758026	50
-20.1014735041723	5.04118350206312	50
-20.0805746244133	5.03345134924989	50
-20.0596692619324	5.02568798914058	50
-20.0387574167297	5.01789342173517	50
-20.0178390888052	5.01006764703368	50
-19.9969142781589	5.0022106650361	50
-19.9759829847908	4.99432247574243	50
-19.9550452087008	4.98640307915267	50
-19.934100949889	4.97845247526682	50
-19.9131502083554	4.97047066408489	50
-19.8921929840999	4.96245764560686	50
-19.8712292771226	4.95441341983274	50
-19.8502590874235	4.94633798676254	50
-19.8292824150026	4.93823134639625	50
-19.8082992598599	4.93009349873387	50
-19.7873096219953	4.9219244437754	50
-19.7663135014089	4.91372418152084	50
-19.7453108981007	4.90549271197019	50
-19.7243018120707	4.89723003512345	50
-19.7032862433188	4.88893615098062	50
-19.6822641918451	4.88061105954171	50
-19.6612356576496	4.8722547608067	50
-19.6402006407323	4.86386725477561	50
-19.6191591410932	4.85544854144843	50
-19.5981111587322	4.84699862082516	50
-19.5770566936494	4.8385174929058	50
-19.5559957458448	4.83000515769035	50
-19.5349283153183	4.82146161517881	50
-19.51385440207	4.81288686537118	50
-19.4927740060999	4.80428090826746	50
-19.471687127408	4.79564374386766	50
-19.4505937659943	4.78697537217177	50
-19.4294939218587	4.77827579317979	50
-19.4083875950013	4.76954500689172	50
-19.3872747854221	4.76078301330755	50
-19.3661554931211	4.75198981242731	50
-19.3450297180982	4.74316540425097	50
-19.3238974603535	4.73430978877854	50
-19.302758719887	4.72542296601002	50
-19.2816134966987	4.71650493594542	50
-19.2604617907885	4.70755569858473	50
-19.2393036021565	4.69857525392794	50
-19.2181389308027	4.68956360197507	50
-19.1969677767271	4.68052074272611	50
-19.1757901399297	4.67144667618106	50
-19.1546060204104	4.66234140233992	50
-19.1334154181693	4.65320492120269	50
-19.1122183332064	4.64403723276938	50
-19.0910147655216	4.63483833703997	50
-19.0698047151151	4.62560823401448	50
-19.0485881819867	4.6163469236929	50
-19.0273651661365	4.60705440607522	50
-19.0061356675644	4.59773068116146	50
-18.9848996862706	4.58837574895161	50
-18.9636572222549	4.57898960944567	50
-18.9424082755174	4.56957226264365	50
-18.921152846058	4.56012370854553	50
-18.8998909338769	4.55064394715132	50
-18.8786225389739	4.54113297846103	50
-18.8573476613491	4.53159080247464	50
-18.8360663010025	4.52201741919217	50
-18.814778457934	4.51241282861361	50
-18.7934841321437	4.50277703073896	50
-18.7721833236316	4.49311002556822	50
-18.7508760323977	4.48341181310139	50
-18.729562258442	4.47368239333848	50
-18.7082420017644	4.46392176627947	50
-18.686915262365	4.45412993192438	50
-18.6655820402438	4.44430689027319	50
-18.6442423354007	4.43445264132592	50
-18.6228961478359	4.42456718508256	50
-18.6015434775492	4.4146505215431	50
-18.5801843245407	4.40470265070757	50
-18.5588186888103	4.39472357257594	50
-18.5374465703582	4.38471328714822	50
-18.5160679691842	4.37467179442441	50
-18.4946828852884	4.36459909440452	50
-18.4732913186708	4.35449518708853	50
-18.4518932693313	4.34436007247646	50
-18.43048873727	4.3341937505683	50
-18.4090777224869	4.32399622136405	50
-18.387660224982	4.31376748486371	50
-18.3662362447553	4.30350754106728	50
-18.3448057818067	4.29321638997476	50
-18.3233688361363	4.28289403158615	50
-18.3019254077441	4.27254046590146	50
-18.28047549663	4.26215569292067	50
-18.2590191027942	4.2517397126438	50
-18.2375562262365	4.24129252507084	50
-18.216086866957	4.23081413020179	50
-18.1946110249556	4.22030452803665	50
-18.1731287002325	4.20976371857542	50
-18.1516398927875	4.1991917018181	50
-18.1301446026207	4.18858847776469	50
-18.108642829732	4.1779540464152	50
-18.0871345741216	4.16728840776961	50
-18.0656198357893	4.15659156182794	50
-18.0440986147352	4.14586350859018	50
-18.0225709109593	4.13510424805632	50
-18.0010367244615	4.12431378022638	50
-17.979496055242	4.11349210510036	50
-17.9579489033006	4.10263922267824	50
-17.9363952686373	4.09175513296003	50
-17.9148351512523	4.08083983594573	50
-17.8932685511454	4.06989333163535	50
-17.8716954683167	4.05891562002888	50
-17.8501159027662	4.04790670112631	50
-17.8285298544939	4.03686657492766	50
-17.8069373234997	4.02579524143292	50
-17.7853383097837	4.01469270064209	50
-17.7637328133459	4.00355895255517	50
-17.7421208341863	3.99239399717216	50
-17.7205023723048	3.98119783449306	50
-17.6988774277016	3.96997046451788	50
-17.6772460003764	3.9587118872466	50
-17.6556080903295	3.94742210267924	50
-17.6339636975608	3.93610111081579	50
-17.6123128220702	3.92474891165625	50
-17.5906554638578	3.91336550520062	50
-17.5689916229236	3.9019508914489	50
-17.5473212992675	3.89050507040109	50
-17.5256444928897	3.87902804205719	50
-17.50396120379	3.86751980641721	50
-17.4822714319684	3.85598036348113	50
-17.4605751774251	3.84440971324897	50
-17.4388724401599	3.83280785572072	50
-17.417163220173	3.82117479089637	50
-17.3954475174641	3.80951051877594	50
-17.3737253320335	3.79781503935942	50
-17.351996663881	3.78608835264681	50
-17.3302615130068	3.77433045863812	50
-17.3085198794107	3.76254135733333	50
-17.2867717630927	3.75072104873246	50
-17.265017164053	3.73886953283549	50
-17.2432560822914	3.72698680964244	50
-17.221488517808	3.7150728791533	50
-17.1997144706028	3.70312774136807	50
-17.1779339406757	3.69115139628675	50
-17.1561469280269	3.67914384390934	50
-17.1343534326562	3.66710508423584	50
-17.1125534545636	3.65503511726625	50
-17.0907469937493	3.64293394300058	50
-17.0689340502131	3.63080156143881	50
-17.0471146239551	3.61863797258096	50
-17.0252887149753	3.60644317642702	50
-17.0034563232737	3.59421717297699	50
-16.9816174488502	3.58195996223087	50
-16.9597720917049	3.56967154418866	50
-16.9379202518378	3.55735191885036	50
-16.9160619292489	3.54500108621597	50
-16.8941971239382	3.5326190462855	50
-16.8723258359056	3.52020579905893	50
-16.8504480651512	3.50776134453628	50
-16.8285638116749	3.49528568271754	50
-16.8066730754769	3.48277881360271	50
-16.784775856557	3.47024073719179	50
-16.7628721549153	3.45767145348478	50
-16.7409619705518	3.44507096248168	50
-16.7190453034665	3.43243926418249	50
-16.6971221536593	3.41977635858721	50
-16.6751925211303	3.40708224569585	50
-16.6532564058795	3.3943569255084	50
-16.6313138079068	3.38160039802485	50
-16.6093647272124	3.36881266324522	50
-16.5874091637961	3.3559937211695	50
-16.565447117658	3.34314357179769	50
-16.5434785887981	3.33026221512979	50
-16.5215035772163	3.3173496511658	50
-16.4995220829127	3.30440587990573	50
-16.4775341058873	3.29143090134956	50
-16.4555396461401	3.27842471549731	50
-16.433538703671	3.26538732234896	50
-16.4115312784802	3.25231872190453	50
-16.3895173705675	3.23921891416401	50
-16.3674969799329	3.2260878991274	50
-16.3454701065766	3.2129256767947	50
-16.3234367504984	3.19973224716592	50
-16.3013969116984	3.18650761024104	50
-16.2793505901766	3.17325176602007	50
-16.257297785933	3.15996471450302	50
-16.2352384989675	3.14664645568987	50
-16.2131727292802	3.13329698958064	50
-16.1911004768711	3.11991631617532	50
-16.1690217417402	3.10650443547391	50
-16.1469365238874	3.09306134747641	50
-16.1248448233128	3.07958705218282	50
-16.1027466400164	3.06608154959315	50
-16.0806419739982	3.05254483970738	50
-16.0585308252581	3.03897692252552	50
-16.0364131937963	3.02537779804758	50
-16.0142890796126	3.01174746627355	50
-15.992158482707	2.99808592720343	50
-15.9700214030797	2.98439318083722	50
-15.9478778407305	2.97066922717492	50
-15.9257277956595	2.95691406621653	50
-15.9035712678667	2.94312769796205	50
-15.8814082573521	2.92931012241148	50
-15.8592387641156	2.91546133956483	50
-15.8370627881573	2.90158134942208	50
-15.8148803294772	2.88767015198325	50
-15.7926913880753	2.87372774724833	50
-15.7704959639515	2.85975413521732	50
-15.7482940571059	2.84574931589022	50
-15.7260856675385	2.83171328926703	50
-15.7038707952493	2.81764605534775	50
-15.6816494402382	2.80354761413238	50
-15.6594216025053	2.78941796562093	50
-15.6371872820506	2.77525710981338	50
-15.6149464788741	2.76106504670975	50
-15.5926991929758	2.74684177631003	50
-15.5704454243556	2.73258729861422	50
-15.5481851730136	2.71830161362232	50
-15.5259184389498	2.70398472133433	50
-15.5036452221641	2.68963662175025	50
-15.4813655226567	2.67525731487008	50
-15.4590793404274	2.66084680069383	50
-15.4367866754763	2.64640507922148	50
-15.4144875278033	2.63193215045305	50
-15.3921818974086	2.61742801438852	50
-15.369869784292	2.60289267102791	50
-15.3475511884536	2.58832612037121	50
-15.3252261098933	2.57372836241842	50
-15.3028945486113	2.55909939716954	50
-15.2805565046074	2.54443922462457	50
-15.2582119778817	2.52974784478352	50
-15.2358609684342	2.51502525764637	50
-15.2135034762648	2.50027146321314	50
-15.1911395013736	2.48548646148382	50
-15.1687690437606	2.47067025245841	50
-15.1463921034258	2.4558228361369	50
-15.1240086803692	2.44094421251932	50
-15.1016187745907	2.42603438160564	50
-15.0792223860904	2.41109334339587	50
-15.0568195148683	2.39612109789001	50
-15.0344101609243	2.38111764508807	50
-15.0119943242586	2.36608298499003	50
-14.989572004871	2.35101711759591	50
-14.9671432027616	2.33592004290569	50
-14.9447079179304	2.32079176091939	50
-14.9222661503773	2.305632271637	50
-14.8998179001024	2.29044157505852	50
-14.8773631671057	2.27521967118396	50
-14.8549019513872	2.2599665600133	50
-14.8324342529468	2.24468224154655	50
-14.8099600717846	2.22936671578372	50
-14.7874794079006	2.2140199827248	50
-14.7649922612948	2.19864204236978	50
-14.7424986319672	2.18323289471868	50
-14.7199985199177	2.16779253977149	50
-14.6974919251464	2.15232097752821	50
-14.6749788476533	2.13681820798884	50
-14.6524592874383	2.12128423115339	50
-14.6299332445016	2.10571904702184	50
-14.607400718843	2.0901226555942	50
-14.5848617104626	2.07449505687048	50
-14.5623162193603	2.05883625085067	50
-14.5397642455363	2.04314623753476	50
-14.5172057889904	2.02742501692277	50
-14.4946408497227	2.01167258901469	50
-14.4720694277332	1.99588895381053	50
-14.4494915230218	1.98007411131027	50
-14.4269071355886	1.96422806151392	50
-14.4043162654336	1.94835080442148	50
-14.3817189125568	1.93244234003296	50
-14.3591150769581	1.91650266834835	50
-14.3365047586377	1.90053178936764	50
-14.3138879575954	1.88452970309085	50
-14.2912646738313	1.86849640951797	50
-14.2686349073453	1.852431908649	50
-14.2459986581375	1.83633620048395	50
-14.223355926208	1.8202092850228	50
-14.2007067115565	1.80405116226556	50
-14.1780510141833	1.78786183221224	50
-14.1553888340882	1.77164129486282	50
-14.1327201712714	1.75538955021732	50
-14.1100450257326	1.73910659827573	50
-14.0873633974721	1.72279243903805	50
-14.0646752864898	1.70644707250428	50
-14.0419806927856	1.69007049867442	50
-14.0192796163596	1.67366271754848	50
-13.9965720572117	1.65722372912644	50
-13.9738580153421	1.64075353340832	50
-13.9511374907506	1.6242521303941	50
-13.9284104834373	1.6077195200838	50
-13.9056769934022	1.59115570247741	50
-13.8829370206452	1.57456067757493	50
-13.8601905651665	1.55793444537635	50
-13.8374376269659	1.5412770058817	50
-13.8146782060435	1.52458835909095	50
-13.7919123023992	1.50786850500411	50
-13.7691399160332	1.49111744362119	50
-13.7463610469453	1.47433517494217	50
-13.7235756951356	1.45752169896707	50
-13.700783860604	1.44067701569588	50
-13.6779855433507	1.4238011251286	50
-13.6551807433755	1.40689402726523	50
-13.6323694606785	1.38995572210577	50
-13.6095516952597	1.37298620965022	50
-13.586727447119	1.35598548989858	50
-13.5638967162565	1.33895356285086	50
-13.5410595026722	1.32189042850704	50
-13.5182158063661	1.30479608686714	50
-13.4953656273382	1.28767053793114	50
-13.4725089655884	1.27051378169906	50
-13.4496458211168	1.25332581817089	50
-13.4267761939234	1.23610664734663	50
-13.4039000840081	1.21885626922628	50
-13.3810174913711	1.20157468380985	50
-13.3581284160122	1.18426189109732	50
-13.3352328579315	1.16691789108871	50
-13.3123308171289	1.149542683784	50
-13.2894222936046	1.13213626918321	50
-13.2665072873584	1.11469864728633	50
-13.2435857983904	1.09722981809336	50
-13.2206578267005	1.0797297816043	50
-13.1977233722889	1.06219853781915	50
-13.1747824351554	1.04463608673791	50
-13.1518350153001	1.02704242836059	50
-13.128881112723	1.00941756268717	50
-13.105920727424	0.991761489717666	50
-13.0829538594033	0.974074209452072	50
-13.0599805086607	0.95635572189039	50
-13.0370006751962	0.938606027032618	50
-13.01401435901	0.920825124878759	50
-12.9910215601019	0.903013015428811	50
-12.968022278472	0.885169698682772	50
-12.9450165141203	0.867295174640645	50
-12.9220042670468	0.849389443302429	50
-12.8989855372514	0.831452504668126	50
-12.8759603247342	0.813484358737732	50
-12.8529286294952	0.79548500551125	50
-12.8298904515344	0.777454444988677	50
-12.8068457908517	0.759392677170017	50
-12.7837946474473	0.741299702055267	50
-12.760737021321	0.72317551964443	50
-12.7376729124728	0.705020129937504	50
-12.7146023209029	0.686833532934486	50
-12.6915252466111	0.668615728635381	50
-12.6684416895975	0.650366717040188	50
-12.6453516498621	0.632086498148904	50
-12.6222551274048	0.613775071961534	50
-12.5991521222258	0.595432438478072	50
-12.5760426343249	0.577058597698522	50
-12.5529266637022	0.558653549622885	50
-12.5298042103576	0.540217294251157	50
-12.5066752742913	0.521749831583342	50
-12.4835398555031	0.503251161619435	50
-12.4603979539931	0.484721284359441	50
-12.4372495697612	0.466160199803357	50
-12.4140947028076	0.447567907951187	50
-12.3909333531321	0.428944408802925	50
-12.3677655207348	0.410289702358574	50
-12.3445912056156	0.391603788618135	50
-12.3214104077747	0.372886667581608	50
-12.2982231272119	0.354138339248991	50
-12.2750293639273	0.335358803620284	50
-12.2518291179209	0.31654806069549	50
-12.2286223891926	0.297706110474607	50
-12.2054091777426	0.278832952957635	50
-12.1821894835707	0.259928588144574	50
-12.158963306677	0.240993016035422	50
-12.1357306470614	0.222026236630184	50
-12.1124915047241	0.203028249928855	50
-12.0892458796649	0.183999055931439	50
-12.0659937718838	0.164938654637933	50
-12.042735181381	0.145847046048337	50
-12.0194701081564	0.126724230162654	50
-11.9961985522099	0.107570206980882	50
-11.9729205135416	0.0883849765030202	50
-11.9496359921514	0.0691685387290688	50
-11.9263449880395	0.0499208936590287	50
-11.9030475012057	0.0306420412929009	50
-11.8797435316501	0.0113319816306845	50
-11.8564330793727	-0.00800928532762235	50
-11.8331161443734	-0.0273817595820161	50
-11.8097927266523	-0.0467854411325037	50
-11.7864628262095	-0.0662203299790756	50
-11.7631264430447	-0.0856864261217378	50
-11.7397835771582	-0.105183729560488	50
-11.7164342285498	-0.124712240295326	50
-11.6930783972196	-0.144271958326257	50
-11.6697160831676	-0.163862883653274	50
-11.6463472863938	-0.18348501627638	50
-11.6229720068981	-0.203138356195577	50
-11.5995902446806	-0.222822903410861	50
-11.5762019997413	-0.242538657922236	50
-11.5528072720802	-0.262285619729697	50
-11.5294060616972	-0.282063788833248	50
-11.5059983685925	-0.301873165232888	50
-11.4825841927658	-0.321713748928616	50
-11.4591635342174	-0.341585539920437	50
-11.4357363929472	-0.361488538208343	50
-11.4123027689551	-0.381422743792338	50
-11.3888626622412	-0.401388156672423	50
-11.3654160728055	-0.421384776848597	50
-11.3419630006479	-0.441412604320861	50
-11.3185034457686	-0.461471639089211	50
-11.2950374081674	-0.481561881153652	50
-11.2715648878444	-0.501683330514181	50
-11.2480858847995	-0.521835987170799	50
-11.2246003990328	-0.542019851123507	50
-11.2011084305444	-0.562234922372304	50
-11.177609979334	-0.582481200917188	50
-11.1541050454019	-0.602758686758163	50
-11.130593628748	-0.623067379895225	50
-11.1070757293722	-0.643407280328378	50
-11.0835513472746	-0.663778388057619	50
-11.0600204824551	-0.684180703082949	50
-11.0364831349139	-0.704614225404366	50
-11.0129393046508	-0.725078955021875	50
-10.9893889916659	-0.745574891935472	50
-10.9658321959592	-0.766102036145157	50
-10.9422689175306	-0.786660387650931	50
-10.9186991563803	-0.807249946452795	50
-10.8951229125081	-0.827870712550745	50
-10.8715401859141	-0.84852268594479	50
-10.8479509765982	-0.869205866634919	50
-10.8243552845605	-0.889920254621138	50
-10.8007531098011	-0.910665849903445	50
-10.7771444523197	-0.931442652481843	50
-10.7535293121166	-0.952250662356328	50
-10.7299076891916	-0.973089879526904	50
-10.7062795835449	-0.993960303993567	50
-10.6826449951763	-1.01486193575632	50
-10.6590039240858	-1.03579477481516	50
-10.6353563702736	-1.05675882117009	50
-10.6117023337395	-1.07775407482111	50
-10.5880418144836	-1.09878053576822	50
-10.5643748125059	-1.11983820401142	50
-10.5407013278063	-1.1409270795507	50
-10.5170213603849	-1.16204716238608	50
-10.4933349102417	-1.18319845251754	50
-10.4696419773767	-1.20438094994509	50
-10.4459425617899	-1.22559465466874	50
-10.4222366634812	-1.24683956668847	50
-10.3985242824507	-1.26811568600429	50
-10.3748054186984	-1.2894230126162	50
-10.3510800722243	-1.31076154652419	50
-10.3273482430283	-1.33213128772828	50
-10.3036099311105	-1.35353223622846	50
-10.2798651364709	-1.37496439202472	50
-10.2561138591095	-1.39642775511707	50
-10.2323560990262	-1.41792232550551	50
-10.2085918562212	-1.43944810319004	50
-10.1848211306942	-1.46100508817067	50
-10.1610439224455	-1.48259328044738	50
-10.137260231475	-1.50421268002017	50
-10.1134700577826	-1.52586328688906	50
-10.0896734013684	-1.54754510105403	50
-10.0658702622324	-1.5692581225151	50
-10.0420606403745	-1.59100235127226	50
-10.0182445357949	-1.6127777873255	50
-9.99442194849336	-1.63458443067483	50
-9.97059287847005	-1.65642228132025	50
-9.94675732572491	-1.67829133926176	50
-9.92291529025794	-1.70019160449936	50
-9.89906677206916	-1.72212307703304	50
-9.87521177115855	-1.74408575686282	50
-9.85135028752612	-1.76607964398868	50
-9.82748232117185	-1.78810473841064	50
-9.80360787209577	-1.81016104012868	50
-9.77972694029787	-1.83224854914281	50
-9.75583952577814	-1.85436726545303	50
-9.73194562853659	-1.87651718905934	50
-9.70804524857321	-1.89869831996174	50
-9.68413838588801	-1.92091065816023	50
-9.66022504048099	-1.94315420365481	50
-9.63630521235214	-1.96542895644547	50
-9.61237890150147	-1.98773491653222	50
-9.58844610792897	-2.01007208391507	50
-9.56450683163466	-2.032440458594	50
-9.54056107261852	-2.05484004056902	50
-9.51660883088055	-2.07727082984013	50
-9.49265010642076	-2.09973282640733	50
-9.46868489923915	-2.12222603027062	50
-9.44471320933571	-2.14475044143	50
-9.42073503671045	-2.16730605988546	50
-9.39675038136337	-2.18989288563702	50
-9.37275924329446	-2.21251091868466	50
-9.34876162250373	-2.23516015902839	50
-9.32475751899117	-2.25784060666821	50
-9.3007469327568	-2.28055226160412	50
-9.2767298638006	-2.30329512383612	50
-9.25270631212257	-2.32606919336421	50
-9.22867627772272	-2.34887447018839	50
-9.20463976060105	-2.37171095430865	50
-9.18059676075756	-2.39457864572501	50
-9.15654727819223	-2.41747754443745	50
-9.13249131290508	-2.44040765044599	50
-9.10842886489612	-2.46336896375061	50
-9.08435993416533	-2.48636148435132	50
-9.06028452071272	-2.50938521224812	50
-9.03620262453828	-2.53244014744101	50
-9.01211424564201	-2.55552628992999	50
-8.98801938402393	-2.57864363971505	50
-8.96391803968402	-2.60179219679621	50
-8.93981021262229	-2.62497196117345	50
-8.91569590283873	-2.64818293284678	50
-8.89157511033335	-2.67142511181621	50
-8.86744783510615	-2.69469849808172	50
-8.84331407715712	-2.71800309164332	50
-8.81917383648628	-2.741338892501	50
-8.7950271130936	-2.76470590065478	50
-8.7708739069791	-2.78810411610465	50
-8.74671421814278	-2.81153353885061	50
-8.72254804658463	-2.83499416889265	50
-8.69837539230467	-2.85848600623078	50
-8.67419625530287	-2.882009050865	50
-8.65001063557926	-2.90556330279532	50
-8.62581853313382	-2.92914876202172	50
-8.60161994796655	-2.95276542854421	50
-8.57741488007747	-2.97641330236278	50
-8.55320332946656	-3.00009238347745	50
-8.52898529613382	-3.02380267188821	50
-8.50476078007926	-3.04754416759505	50
-8.48052978130288	-3.07131687059799	50
-8.45629229980468	-3.09512078089701	50
-8.43204833558465	-3.11895589849212	50
-8.40779788864279	-3.14282222338332	50
-8.38354095897911	-3.16671975557061	50
-8.35927754659362	-3.19064849505399	50
-8.3350076514863	-3.21460844183346	50
-8.31073127365715	-3.23859959590901	50
-8.28644841310618	-3.26262195728066	50
-8.26215906983338	-3.28667552594839	50
-8.23786324383876	-3.31076030191221	50
-8.21356093512232	-3.33487628517213	50
-8.18925214368406	-3.35902347572813	50
-8.16493686952397	-3.38320187358022	50
-8.14061511264205	-3.4074114787284	50
-8.11628687303832	-3.43165229117266	50
-8.09195215071276	-3.45592431091302	50
-8.06761094566538	-3.48022753794947	50
-8.04326325789617	-3.504561972282	50
-8.01890908740514	-3.52892761391063	50
-7.99454843419229	-3.55332446283534	50
-7.97018129825761	-3.57775251905614	50
-7.94580767960111	-3.60221178257303	50
-7.92142757822278	-3.62670225338601	50
-7.89704099412263	-3.65122393149508	50
-7.87264792730066	-3.67577681690023	50
-7.84824837775686	-3.70036090960148	50
-7.82384234549124	-3.72497620959881	50
-7.7994298305038	-3.74962271689224	50
-7.77501083279453	-3.77430043148175	50
-7.75058535236344	-3.79900935336735	50
-7.72615338921053	-3.82374948254904	50
-7.70171494333579	-3.84852081902682	50
-7.67727001473923	-3.87332336280069	50
-7.65281860342084	-3.89815711387065	50
-7.62836070938063	-3.92302207223669	50
-7.6038963326186	-3.94791823789883	50
-7.57942547313474	-3.97284561085705	50
-7.55494813092906	-3.99780419111137	50
-7.53046430600156	-4.02279397866177	50
-7.50597399835224	-4.04781497350826	50
-7.48147720798109	-4.07286717565084	50
-7.45697393488811	-4.09795058508951	50
-7.43246417907331	-4.12306520182427	50
-7.40794794053669	-4.14821102585511	50
-7.38342521927825	-4.17338805718205	50
-7.35889601529798	-4.19859629580507	50
-7.33436032859588	-4.22383574172419	50
-7.30981815917197	-4.24910639493939	50
-7.28526950702623	-4.27440825545068	50
-7.26071437215867	-4.29974132325806	50
-7.23615275456928	-4.32510559836153	50
-7.21158465425806	-4.35050108076109	50
-7.18701007122503	-4.37592777045673	50
-7.16242900547017	-4.40138566744847	50
-7.13784145699349	-4.42687477173629	50
-7.11324742579499	-4.45239508332021	50
-7.08864691187466	-4.47794660220021	50
-7.06403991523251	-4.5035293283763	50
-7.03942643586853	-4.52914326184848	50
-7.01480647378273	-4.55478840261675	50
-6.99018002897511	-4.58046475068111	50
-6.96554710144566	-4.60617230604156	50
-6.94090769119439	-4.63191106869809	50
-6.9162617982213	-4.65768103865072	50
-6.89160942252638	-4.68348221589943	50
-6.86695056410964	-4.70931460044423	50
-6.84228522297107	-4.73517819228513	50
-6.81761339911068	-4.76107299142211	50
-6.79293509252847	-4.78699899785518	50
-6.76825030322443	-4.81295621158433	50
-6.74355903119858	-4.83894463260958	50
-6.71886127645089	-4.86496426093092	50
-6.69415703898138	-4.89101509654835	50
-6.66944631879005	-4.91709713946186	50
-6.6447291158769	-4.94321038967146	50
-6.62000543024192	-4.96935484717715	50
-6.59527526188512	-4.99553051197894	50
-6.57053861080649	-5.02173738407681	50
-6.54579547700605	-5.04797546347076	50
-6.52104586048377	-5.07424475016081	50
-6.49628976123968	-5.10054524414695	50
-6.47152717927376	-5.12687694542918	50
-6.44675811458601	-5.15323985400749	50
-6.42198256717645	-5.17963396988189	50
-6.39720053704506	-5.20605929305238	50
-6.37241202419184	-5.23251582351897	50
-6.3476170286168	-5.25900356128164	50
-6.32281555031994	-5.2855225063404	50
-6.29800758930126	-5.31207265869524	50
-6.27319314556075	-5.33865401834618	50
-6.24837221909841	-5.36526658529321	50
-6.22354480991426	-5.39191035953632	50
-6.19871091800828	-5.41858534107553	50
-6.17387054338048	-5.44529152991082	50
-6.14902368603085	-5.4720289260422	50
-6.1241703459594	-5.49879752946967	50
-6.09931052316612	-5.52559734019323	50
-6.07444421765103	-5.55242835821288	50
-6.04957142941411	-5.57929058352862	50
-6.02469215845536	-5.60618401614044	50
-5.99980640477479	-5.63310865604836	50
-5.9749141683724	-5.66006450325237	50
-5.95001544924819	-5.68705155775246	50
-5.92511024740215	-5.71406981954864	50
-5.90019856283428	-5.74111928864091	50
-5.87528039554459	-5.76819996502927	50
-5.85035574553309	-5.79531184871372	50
-5.82542461279975	-5.82245493969426	50
-5.80048699734459	-5.84962923797088	50
-5.77554289916761	-5.8768347435436	50
-5.7505923182688	-5.90407145641241	50
-5.72563525464818	-5.9313393765773	50
-5.70067170830573	-5.95863850403828	50
-5.67570167924145	-5.98596883879535	50
-5.65072516745535	-6.01333038084851	50
-5.62574217294742	-6.04072313019776	50
-5.60075269571768	-6.0681470868431	50
-5.57575673576611	-6.09560225078453	50
-5.56806630791031	-6.103894633145	50
-5.56022094777169	-6.11204058981766	50
-5.55222344276936	-6.1200372265829	50
-5.54407663437875	-6.12788170227374	50
-5.5357834171221	-6.13557122978533	50
-5.52734673754	-6.14310307706516	50
-5.51876959314455	-6.15047456808374	50
-5.51005503135431	-6.15768308378543	50
-5.50120614841158	-6.16472606301892	50
-5.49222608828233	-6.17160100344722	50
-5.48311804153918	-6.17830546243673	50
-5.47388524422776	-6.18483705792511	50
-5.46453097671699	-6.19119346926756	50
-5.45505856253358	-6.19737243806142	50
-5.44547136718118	-6.20337176894848	50
-5.43577279694466	-6.20918933039506	50
-5.42596629767983	-6.21482305544927	50
-5.41605535358919	-6.22027094247542	50
-5.40604348598398	-6.2255310558652	50
-5.3959342520331	-6.23060152672536	50
-5.38573124349922	-6.23548055354175	50
-5.37543808546269	-6.24016640281938	50
-5.36505843503356	-6.24465740969831	50
-5.3545959800522	-6.24895197854518	50
-5.34405443777904	-6.25304858352012	50
-5.33343755357386	-6.2569457691189	50
-5.32274909956507	-6.26064215069003	50
-5.31199287330947	-6.26413641492674	50
-5.30117269644305	-6.26742732033359	50
-5.29029241332311	-6.27051369766754	50
-5.27935588966245	-6.27339445035344	50
-5.26836701115585	-6.27606855487357	50
-5.2573296820995	-6.27853506113132	50
-5.24624782400388	-6.28079309278878	50
-5.2351253742004	-6.28284184757803	50
-5.22396628444251	-6.28468059758627	50
-5.21277451950166	-6.28630868951436	50
-5.20155405575865	-6.287725544909	50
-5.19030887979082	-6.28893066036822	50
-5.17904298695564	-6.28992360772023	50
-5.1677603799712	-6.29070403417555	50
-5.15646506749404	-6.2912716624524	50
-5.14516106269488	-6.29162629087514	50
-5.13385238183282	-6.29176779344599	50
-5.12254304282832	-6.29169611988975	50
-5.11123706383566	-6.29141129567171	50
-5.09993846181536	-6.29091342198854	50
-5.08865125110691	-6.29020267573239	50
-5.07737944200254	-6.28927930942804	50
-5.06612703932234	-6.28814365114312	50
-5.0548980409914	-6.28679610437162	50
-5.04369643661937	-6.28523714789049	50
-5.03252620608295	-6.28346733558955	50
-5.02139131811184	-6.28148729627468	50
-5.01029572887873	-6.27929773344441	50
-4.99924338059365	-6.27689942504	50
-4.9882382001033	-6.27429322316901	50
-4.97728409749591	-6.27148005380254	50
-4.96638496471199	-6.26846091644628	50
-4.95554467416152	-6.26523688378536	50
-4.94476707734809	-6.26180910130322	50
-4.93405600350056	-6.25817878687467	50
-4.92341525821244	-6.25434723033313	50
-4.91284862208989	-6.2503157930124	50
-4.90235984940839	-6.24608590726295	50
-4.89195266677893	-6.24165907594307	50
-4.88163077182396	-6.23703687188483	50
-4.8713978318636	-6.23222093733533	50
-4.86125748261268	-6.22721298337318	50
-4.85121332688902	-6.22201478930058	50
-4.84126893333332	-6.21662820201114	50
-4.83142783514125	-6.21105513533366	50
-4.82169352880815	-6.2052975693522	50
-4.81206947288671	-6.19935754970254	50
-4.80255908675815	-6.19323718684537	50
-4.7931657494174	-6.18693865531648	50
-4.78389279827249	-6.18046419295413	50
-4.77474352795879	-6.17381610010396	50
-4.7657211891685	-6.16699673880171	50
-4.75682898749561	-6.16000853193398	50
-4.74807008229704	-6.1528539623774	50
-4.7394475855701	-6.14553557211645	50
-4.73096456084683	-6.13805596134036	50
-4.72262402210551	-6.13041778751921	50
-4.71442893269985	-6.1226237644598	50
-4.70638220430608	-6.1146766613414	50
-4.69848669588849	-6.10657930173191	50
-4.69074521268363	-6.09833456258465	50
-4.68316050520362	-6.08994537321618	50
-4.6757352682589	-6.08141471426553	50
-4.66847214000082	-6.0727456166352	50
-4.66137370098425	-6.06394116041431	50
-4.65444247325077	-6.05500447378423	50
-4.64768091943261	-6.04593873190717	50
-4.64109144187763	-6.03674715579804	50
-4.63467638179583	-6.02743301118007	50
-4.62843801842751	-6.0179996073245	50
-4.62237856823347	-6.00845029587479	50
-4.61650018410752	-5.99878846965584	50
-4.61080495461155	-5.98901756146848	50
-4.60529490323346	-5.97914104286989	50
-4.59997198766829	-5.96916242294008	50
-4.59483809912259	-5.9590852470352	50
-4.58989506164251	-5.94891309552788	50
-4.58514463146573	-5.93864958253509	50
-4.58058849639747	-5.92829835463415	50
-4.57622827521084	-5.91786308956702	50
-4.57206551707165	-5.90734749493371	50
-4.56810170098804	-5.89675530687492	50
-4.56433823528501	-5.88609028874462	50
-4.560776457104	-5.87535622977297	50
-4.55741763192783	-5.86455694372002	50
-4.55426295313109	-5.85369626752068	50
-4.55131354155614	-5.84277805992149	50
-4.54857044511487	-5.83180620010962	50
-4.54603463841638	-5.82078458633461	50
-4.54370702242072	-5.80971713452336	50
-4.54158842411876	-5.79860777688881	50
-4.5396795962384	-5.78746046053281	50
-4.5379812169771	-5.77627914604379	50
-4.53649388976091	-5.76506780608956	50
-4.53521814303012	-5.7538304240058	50
-4.53415443005146	-5.74257099238086	50
-4.53330312875709	-5.7312935116372	50
-4.53266454161031	-5.72000198861001	50
-4.53223889549809	-5.70870043512367	50
-4.53202634165047	-5.69739286656631	50
-4.53202695558681	-5.6860833004632	50
-4.53224073708899	-5.67477575504933	50
-4.53266761020145	-5.66347424784173	50
-4.53330742325822	-5.65218279421211	50
-4.53415994893676	-5.64090540596017	50
-4.53522488433876	-5.62964608988826	50
-4.53650185109774	-5.61840884637778	50
-4.53799039551349	-5.60719766796782	50
-4.53968998871326	-5.5960165379367	50
-4.54160002683969	-5.58486942888668	50
-4.54371983126532	-5.57376030133252	50
-4.54604864883375	-5.56269310229435	50
-4.54858565212716	-5.55167176389528	50
-4.55132993976038	-5.54070020196438	50
-4.55428053670107	-5.52978231464535	50
-4.55743639461619	-5.51892198101156	50
-4.56079639224445	-5.50812305968786	50
-4.56435933579469	-5.49738938747955	50
-4.56812395937004	-5.48672477800928	50
-4.57208892541767	-5.476133020362	50
-4.576252825204	-5.46561787773877	50
-4.58061417931529	-5.4551830861197	50
-4.58517143818318	-5.44483235293656	50
-4.58992298263529	-5.43456935575556	50
-4.59486712447051	-5.42439774097075	50
-4.60000210705879	-5.4143211225084	50
-4.60532610596525	-5.40434308054309	50
-4.61083722959845	-5.39446716022561	50
-4.61653351988239	-5.38469687042343	50
-4.62241295295226	-5.37503568247399	50
-4.62847343987349	-5.36548702895137	50
-4.63471282738393	-5.35605430244669	50
-4.64112889865891	-5.34674085436277	50
-4.64771937409886	-5.33754999372336	50
-4.65448191213923	-5.32848498599749	50
-4.66141411008245	-5.31954905193924	50
-4.66851350495162	-5.31074536644343	50
-4.67577757436553	-5.30207705741759	50
-4.6832037374349	-5.29354720467065	50
-4.69012692037555	-5.28586843019479	50
-4.69738625660909	-5.27788859639972	50
-4.705379819598	-5.26910166394971	50
-4.7132086646744	-5.26049580040815	50
-4.72071640942475	-5.25224290976592	50
-4.72985616068752	-5.24219604003305	50
-4.73696242557402	-5.23438448335276	50
-4.74495575231217	-5.22559782830538	50
-4.75390308530185	-5.21576248768639	50
-4.76387227492536	-5.20480387864552	50
-4.77493184984266	-5.1926466730117	50
-4.78715078928664	-5.17921504761793	50
-4.80059829535841	-5.16443293462617	50
-4.8078043914401	-5.15651166878281	50
-4.81534356532249	-5.14822427185223	50
-4.82322442855014	-5.13956127801376	50
-4.83145556390221	-5.1305132530907	50
-4.84004551827673	-5.12107080237298	50
-4.84900279557482	-5.11122457843981	50
-4.8583358495849	-5.10096528898235	50
-4.8680530768669	-5.09028370462634	50
-4.87816280963654	-5.07917066675476	50
-4.88867330864952	-5.0676170953305	50
-4.89959275608574	-5.055613996719	50
-4.91092924843355	-5.04315247151087	50
-4.92269078937399	-5.03022372234463	50
-4.93488528266494	-5.01681906172924	50
-4.94752052502548	-5.00292991986689	50
-4.96060419901998	-4.98854785247554	50
-4.97414386594239	-4.97366454861162	50
-4.98814695870049	-4.95827183849271	50
-5.00262077470009	-4.94236170132012	50
-5.01757246872924	-4.92592627310162	50
-5.03300904584248	-4.90895785447404	50
-5.04893735424506	-4.89144891852596	50
-5.06536407817719	-4.87339211862032	50
-5.08229573079821	-4.85478029621712	50
-5.09973864707089	-4.83560648869604	50
-5.1176989766456	-4.81586393717911	50
-5.13618267674456	-4.79554609435335	50
-5.15519550504606	-4.77464663229343	50
-5.1747430125687	-4.75315945028433	50
-5.19483053655562	-4.73107868264398	50
-5.21546319335869	-4.70839870654591	50
-5.23664587132277	-4.68511414984194	50
-5.25838322366995	-4.66121989888478	50
-5.28067966138373	-4.63671110635071	50
-5.30353934609328	-4.61158319906224	50
-5.32696618295768	-4.58583188581074	50
-5.35096381355012	-4.55945316517913	50
-5.37553560874212	-4.53244333336449	50
-5.40068466158777	-4.50479899200072	50
-5.426413780208	-4.47651705598124	50
-5.45272548067472	-4.4475947612816	50
-5.47962197989511	-4.41802967278211	50
-5.50710518849584	-4.38781969209056	50
-5.53517670370731	-4.3569630653648	50
-5.5638378024663	-4.32545839089523	50
-5.59308943786816	-4.29330462300433	50
-5.62293224161032	-4.26050106935854	50
-5.65336652807904	-4.22704738647328	50
-5.68439229846988	-4.19294357518084	50
-5.71600924490823	-4.15818997609836	50
-5.74821675456982	-4.12278726509569	50
-5.78101391380117	-4.08673644876334	50
-5.81439951224014	-4.05003885988043	50
-5.84837204693634	-4.01269615288259	50
-5.88292972647179	-3.97471029932987	50
-5.9180704750812	-3.93608358337468	50
-5.95379193677269	-3.89681859722973	50
-5.99009147944808	-3.85691823663595	50
-6.02696619902354	-3.81638569633036	50
-6.06441292355005	-3.77522446551407	50
-6.10242821733382	-3.73343832332016	50
-6.1410083850569	-3.69103133428162	50
-6.1801494758976	-3.64800784379926	50
-6.21984728765099	-3.60437247360967	50
-6.26009737084949	-3.56013011725307	50
-6.3008950328832	-3.51528593554133	50
-6.34223534212056	-3.46984535202582	50
-6.38411313202876	-3.42381404846536	50
-6.42652300529425	-3.37719796029415	50
-6.46945933794323	-3.33000327208969	50
-6.51291628346221	-3.28223641304069	50
-6.55688777691839	-3.23390405241504	50
-6.60136753908029	-3.18501309502764	50
-6.64634908053813	-3.13557067670846	50
-6.6918257058244	-3.08558415977032	50
-6.73779051753434	-3.03506112847693	50
-6.78423642044642	-2.98400938451075	50
-6.83115612564285	-2.93243694244092	50
-6.87854215463011	-2.88035202519121	50
-6.92638684345934	-2.82776305950793	50
-6.974682346847	-2.77467867142786	50
-7.02342064229521	-2.72110768174614	50
-7.07259353421235	-2.66705910148424	50
-7.12219265803351	-2.61254212735788	50
-7.17220948434099	-2.55756613724492	50
-7.22263532298482	-2.50214068565332	50
-7.27346132720325	-2.446275499189	50
-7.32467849774322	-2.3899804720239	50
-7.37627768698089	-2.33326566136373	50
-7.42824960304212	-2.27614128291606	50
-7.48058481392296	-2.21861770635809	50
-7.53327375161019	-2.16070545080469	50
-7.58630671620175	-2.10241518027628	50
-7.63967388002728	-2.04375769916677	50
-7.69336529176866	-1.98474394771142	50
-7.74737088058037	-1.92538499745487	50
-7.80168046021013	-1.865692046719	50
-7.85628373311934	-1.80567641607083	50
-7.91117029460354	-1.74534954379054	50
-7.96632963691302	-1.68472298133925	50
-8.02175115337313	-1.62380838882711	50
-8.07742414250499	-1.56261753048109	50
-8.13333781214584	-1.50116227011296	50
-8.18948128356959	-1.43945456658721	50
-8.24584359560731	-1.37750646928899	50
-8.30241370876773	-1.31533011359199	50
-8.35918050935773	-1.25293771632643	50
-8.41613281360284	-1.19034157124691	50
-8.47325937176773	-1.12755404450038	50
-8.53054887227675	-1.06458757009405	50
-8.58798994583437	-1.00145464536332	50
-8.64557116954565	-0.938167826439729	50
-8.7032810710369	-0.874739723718796	50
-8.76110813257598	-0.811182997328035	50
-8.81904079519287	-0.747510352594856	50
-8.87706746280023	-0.683734535514446	50
-8.9351765063138	-0.619868328217765	50
-8.993356267773	-0.555924544439378	50
-9.0515950644613	-0.49191602498546	50
-9.10988119302682	-0.427855633201699	50
-9.1682029336028	-0.36375625044121	50
-9.2265485539281	-0.29963077153242	50
-9.28490631346763	-0.235492100247095	50
-9.34326446753293	-0.171353144768249	50
-9.40161127140125	-0.10722681316101	50
-9.45993498443153	-0.0431260088507095	50
-9.51822387417879	0.0209363738957107	50
-9.57646622050851	0.0849474544882671	50
-9.63465031971106	0.14889437053253	50
-9.69276448861611	0.212764282348141	50
-9.75079706870695	0.276544377487374	50
-9.808736430235	0.340221875253701	50
-9.86657097633407	0.403784031220294	50
-9.92428914713488	0.467218141748642	50
-9.98187942387938	0.530511548507108	50
-10.0393303330352	0.593651642989389	50
-10.0966304504098	0.65662587103317	50
-10.1537684052655	0.719421737338637	50
-10.210732884433	0.782026809986994	50
-10.2675126364266	0.844428724959116	50
-10.3240964755578	0.90661519065397	50
-10.3804732860506	0.968573992407284	50
-10.436632026155	1.03029299701002	50
-10.492561732262	1.09176015722698	50
-10.5482515230178	1.15296351631533	50
-10.6036906034381	1.21389121254315	50
-10.6588682690227	1.274531483708	50
-10.7137739098697	1.33487267165546	50
-10.76839701479	1.39490322679772	50
-10.8227271754217	1.45461171263208	50
-10.8767540903445	1.51398681025953	50
-10.9304675691939	1.57301732290329	50
-10.983857536776	1.63169218042739	50
-11.0369140371814	1.69000044385521	50
-11.0896272379	1.747931309888	50
-11.1419874339353	1.80547411542348	50
-11.1939850519185	1.86261834207435	50
-11.2456106542234	1.9193536206869	50
-11.2968549430803	1.97566973585953	50
-11.3477087646909	2.03155663046124	50
-11.3981631133421	2.08700441015029	50
-11.4482091355209	2.14200334789275	50
-11.4978381340286	2.1965438884809	50
-11.5470415720951	2.25061665305199	50
-11.5958110774935	2.30421244360663	50
-11.6441384466544	2.35732224752745	50
-11.6920156487802	2.40993724209761	50
-11.7394348299597	2.46204879901929	50
-11.7863883172821	2.51364848893238	50
-11.8328686229521	2.56472808593293	50
-11.8788684484035	2.61527957209171	50
-11.9243806884142	2.66529514197282	50
-11.9693984352201	2.71476720715218	50
-12.0139149826301	2.76368840073611	50
-12.0579238301398	2.8120515818799	50
-12.1014186870465	2.85984984030633	50
-12.1443934765631	2.90707650082423	50
-12.1868423399329	2.95372512784706	50
-12.2287596405439	2.9997895299114	50
-12.2701399680428	3.04526376419561	50
-12.3109781424501	3.09014214103828	50
-12.3512692182739	3.1344192284568	50
-12.3910084886244	3.17808985666597	50
-12.4301914893287	3.22114912259649	50
-12.4688140030446	3.26359239441355	50
-12.5068720633755	3.30541531603539	50
-12.5443619589844	3.34661381165179	50
-12.5812802377087	3.38718409024271	50
-12.6176237106742	3.42712265009676	50
-12.6533894564098	3.46642628332983	50
-12.6885748249615	3.50509208040358	50
-12.7231774420074	3.543117434644	50
-12.7571952129715	3.58050004676003	50
-12.7906263271386	3.61723792936203	50
-12.8234692617682	3.65332941148037	50
-12.8557227862092	3.68877314308396	50
-12.8873859660143	3.72356809959887	50
-12.9184581670543	3.75771358642679	50
-12.9489390596325	3.79120924346364	50
-12.9788286225991	3.82405504961809	50
-13.0081271474658	3.85625132733016	50
-13.0368352425197	3.88779874708975	50
-13.064953836916	3.91869833193079	50
-13.0924841833688	3.94895146038603	50
-13.119427855011	3.97855986303631	50
-13.1457867385735	4.00752561501526	50
-13.1715630272779	4.0358511282009	50
-13.196759213731	4.06353914340727	50
-13.2213780828173	4.0905927225759	50
-13.2454227045936	4.11701524096748	50
-13.2688964271815	4.14281037935332	50
-13.2918028696617	4.16798211620697	50
-13.3141459149669	4.19253471989576	50
-13.3359297027759	4.21647274087236	50
-13.3571586224066	4.23980100386635	50
-13.3778373057098	4.26252460007576	50
-13.3979706199629	4.28464887935866	50
-13.4175636607628	4.3061794424247	50
-13.43662174492	4.32712213302665	50
-13.455150403352	4.34748303015201	50
-13.4731553739764	4.36726844021453	50
-13.4906425946052	4.38648488924581	50
-13.5076181958375	4.40513911508679	50
-13.5240884939536	4.42323805957937	50
-13.540059983808	4.44078886075799	50
-13.5555393317237	4.4577988450411	50
-13.5705333683848	4.47427551942281	50
-13.5850490817307	4.4902265636644	50
-13.5990936098492	4.5056598224859	50
-13.6126742338702	4.52058329775765	50
-13.6257983708595	4.53500514069183	50
-13.6384735667115	4.54893364403407	50
-13.6507074890436	4.56237723425498	50
-13.6625079200894	4.57534446374172	50
-13.6738827495919	4.58784400298953	50
-13.6848399676975	4.59988463279336	50
-13.6953876578491	4.61147523643933	50
-13.7055339896801	4.62262479189639	50
-13.7152872119074	4.63334236400783	50
-13.7246556452252	4.64363709668282	50
-13.7336476751986	4.65351820508802	50
-13.7422717451569	4.6629949678391	50
-13.7505363490871	4.67207671919234	50
-13.7584500245277	4.68077284123614	50
-13.766021345462	4.68909275608262	50
-13.7732589152116	4.69704591805918	50
-13.7801713593299	4.70464180590001	50
-13.7930554414075	4.71879974929484	50
-13.8047427707138	4.73164260755664	50
-13.815302427163	4.743246292744	50
-13.824803164157	4.75368635781451	50
-13.8333131811778	4.76303774675467	50
-13.84089989638	4.77137454470986	50
-13.8506937170906	4.7821366548408	50
-13.8587779171574	4.79102011423033	50
-13.8672602342805	4.80034104728864	50
-13.8748294293043	4.80865857836885	50
-13.8818477450041	4.81637076565441	50
-13.8886989476392	4.82389931798476	50
-13.8955065047277	4.83137984574334	50
-13.9030727493476	4.83969097234141	50
-13.9098909656185	4.84717258726611	50
-13.9167800954412	4.85472169678567	50
-13.925148646584	4.86387628440656	50
-13.9325150915912	4.87191973455528	50
-13.9409121267934	4.88107120398516	50
-13.9504288984992	4.89142078996304	50
-13.9574404203334	4.89903093720594	50
-13.9650175041372	4.90724086716978	50
-13.9731878767836	4.91607751298079	50
-13.9819795206974	4.92556772386946	50
-13.9914206347009	4.93573820423275	50
-14.0015395948601	4.94661545269627	50
-14.0123649153303	4.9582257011765	50
-14.0239252092024	4.97059485394298	50
-14.0362491493487	4.98374842668051	50
-14.0493654292689	4.99771148555138	50
-14.0562296593676	5.0050042675498	50
-14.063302723936	5.01250858625754	50
-14.0705881980273	5.02022742138029	50
-14.0780896506425	5.02816371310279	50
-14.0858106435067	5.03632036018443	50
-14.0937547298459	5.04470021805503	50
-14.1019254531632	5.05330609691048	50
-14.1103263460151	5.06214075980844	50
-14.1189609287885	5.07120692076405	50
-14.1278327084763	5.08050724284564	50
-14.1369451774546	5.09004433627037	50
-14.1463018122587	5.09982075649997	50
-14.1559060723596	5.10983900233641	50
-14.1657613989406	5.12010151401761	50
-14.1758712136736	5.13061067131314	50
-14.1862389174956	5.14136879161987	50
-14.1968678893849	5.15237812805771	50
-14.207761485138	5.16364086756529	50
-14.2189230361456	5.17515912899565	50
-14.2303558481694	5.18693496121193	50
-14.2420632001181	5.19897034118308	50
-14.2540483428243	5.21126717207953	50
-14.2663144978205	5.22382728136891	50
-14.278864856116	5.23665241891171	50
-14.291702576973	5.24974425505702	50
-14.304830786683	5.26310437873818	50
-14.3182525773435	5.27673429556851	50
-14.3319710056342	5.29063542593695	50
-14.3459890915938	5.30480910310384	50
-14.3603098173958	5.31925657129652	50
-14.3749361261255	5.33397898380509	50
-14.3898709205564	5.34897740107807	50
-14.4051170619261	5.36425278881812	50
-14.4206773687134	5.3798060160777	50
-14.4365546154145	5.39563785335479	50
-14.4527515313192	5.41174897068859	50
-14.4692707992876	5.42813993575517	50
-14.4861150545265	5.44481121196323	50
-14.5032868833657	5.46176315654972	50
-14.5207888220347	5.4789960186756	50
-14.5386233554388	5.49650993752149	50
-14.5567929159359	5.5143049403834	50
-14.5752998821126	5.53238094076836	50
-14.5941465775607	5.55073773649021	50
-14.613335269654	5.5693750077652	50
-14.6328681683242	5.58829231530774	50
-14.6527474248377	5.60748909842608	50
-14.6729751305719	5.62696467311799	50
-14.6935533157916	5.64671823016649	50
-14.7144839484258	5.66674883323549	50
-14.7357689328433	5.68705541696553	50
-14.7574101086302	5.70763678506945	50
-14.7794092493655	5.7284916084281	50
-14.801768061398	5.74961842318602	50
-14.8244881826224	5.77101562884713	50
-14.8475711812561	5.79268148637045	50
-14.8710185546153	5.81461411626576	50
-14.8948317278918	5.83681149668932	50
-14.919012052929	5.85927146153954	50
-14.9435608069987	5.8819916985527	50
-14.9684791915773	5.90496974739864	50
-14.9937683311225	5.92820299777642	50
-15.0194292718493	5.95168868751005	50
-15.0454629805071	5.97542390064418	50
-15.0718703431834	5.99940556561643	50
-15.0986521645983	6.02363045476246	50
-15.1258091683513	6.04809518642141	50
-15.1533419974566	6.0727962278236	50
-15.1812512148846	6.09772989799708	50
-15.2095373041035	6.12289237067438	50
-15.2382006696208	6.14827967719913	50
-15.2672416375256	6.1738877094327	50
-15.2966604560293	6.19971222266093	50
-15.3264572960081	6.2257488385007	50
-15.3566322515443	6.25199304780666	50
-15.387185340468	6.27844021357784	50
-15.4181165048987	6.30508557386436	50
-15.4494256117872	6.33192424467404	50
-15.481112453457	6.35895122287909	50
-15.5131767481461	6.38616138912276	50
-15.5456181405486	6.41354951072599	50
-15.5784362023565	6.4411102445941	50
-15.6116304328011	6.46883814012341	50
-15.645200259195	6.49672764210794	50
-15.6791450374735	6.52477309364603	50
-15.7134640527365	6.55296873904702	50
-15.7481565197898	6.58130872673792	50
-15.7832215836871	6.60978711217003	50
-15.8186583202716	6.63839786072567	50
-15.8544657367176	6.66713485062475	50
-15.8906427720721	6.69599187583151	50
-15.9271882977967	6.72496264896112	50
-15.9641011183089	6.75404080418639	50
-16.0013799715242	6.78321990014438	50
-16.0390235293974	6.8124934228431	50
-16.0770303984645	6.84185478856814	50
-16.1153991203841	6.87129734678937	50
-16.1541281724795	6.90081438306753	50
-16.1932159682798	6.93039912196096	50
-16.2326608580621	6.96004472993223	50
-16.2724611293928	6.9897443182548	50
-16.3126150076695	7.01949094591966	50
-16.3531206566625	7.04927762254205	50
-16.3939761790565	7.07909731126803	50
-16.4351796169922	7.10894293168125	50
-16.4767289526083	7.13880736270948	50
-16.5186221085828	7.16868344553139	50
-16.5608569486746	7.19856398648314	50
-16.6034312782656	7.22844175996504	50
-16.6463428449019	7.25830951134827	50
-16.689589338836	7.28815995988144	50
-16.7331683935678	7.31798580159736	50
-16.7770775863866	7.34777971221961	50
-16.8213144389131	7.37753435006925	50
-16.8658764176405	7.40724235897144	50
-16.9107609344764	7.43689637116217	50
-16.9559653472844	7.46648901019483	50
-17.001486960426	7.49601289384693	50
-17.0473230253019	7.52546063702675	50
-17.0934707408942	7.55482485467998	50
-17.1399272543072	7.58409816469638	50
-17.1866896613101	7.61327319081649	50
-17.2337550068778	7.64234256553822	50
-17.281120285733	7.67129893302353	50
-17.3287824428879	7.70013495200514	50
-17.3767383741856	7.72884329869311	50
-17.424984926842	7.75741666968155	50
-17.4735188999872	7.78584778485529	50
-17.5223370452076	7.81412939029648	50
-17.5714360670872	7.84225426119132	50
-17.6208126237492	7.87021520473667	50
-17.6704633273981	7.89800506304672	50
-17.7203847448608	7.92561671605968	50
-17.7705733981289	7.9530430844444	50
-17.8210257648997	7.98027713250703	50
-17.8717382791184	8.00731187109773	50
-17.9227073315195	8.03414036051726	50
-17.9739292701685	8.06075571342369	50
-18.0254004010036	8.08715109773905	50
-18.0771169883772	8.11331973955596	50
-18.1290752555981	8.13925492604433	50
-18.1812713854723	8.16495000835799	50
-18.2337015208454	8.19039840454138	50
-18.286361765144	8.21559360243617	50
-18.3392481829174	8.24052916258794	50
-18.392356800379	8.26519872115286	50
-18.4456836059486	8.28959599280432	50
-18.4992245507933	8.31371477363959	50
-18.5529755493696	8.33754894408649	50
-18.6069324799652	8.36109247181005	50
-18.6610911852402	8.38433941461917	50
-18.7154474727692	8.40728392337329	50
-18.7699971155827	8.429920244889	50
-18.8247358527089	8.45224272484678	50
-18.8796593897152	8.47424581069758	50
-18.9347633992502	8.49592405456952	50
-18.9900435215849	8.51727211617457	50
-19.0454953651547	8.53828476571516	50
-19.1011145071011	8.55895688679088	50
-19.156896493813	8.57928347930508	50
-19.2128368414689	8.59925966237165	50
-19.268931036578	8.61888067722152	50
-19.3251745365222	8.63814189010947	50
-19.3815627700978	8.65703879522066	50
-19.438091138057	8.67556701757741	50
-19.4947550136496	8.69372231594576	50
-19.5515497431647	8.71150058574218	50
-19.6084706464724	8.72889786194022	50
-19.6655130175653	8.74591032197717	50
-19.7226721251004	8.76253428866072	50
-19.7799432129406	8.7787662330756	50
-19.8373215006965	8.79460277749031	50
-19.8948021842678	8.81004069826365	50
-19.9523804363854	8.82507692875152	50
-20.0100514071525	8.83970856221348	50
-20.0678102245868	8.85393285471947	50
-20.1256519951619	8.86774722805643	50
-20.1835718043489	8.88114927263496	50
-20.2415647171582	8.89413675039602	50
-20.2996257786812	8.90670759771757	50
-20.3577500146319	8.9188599283212	50
-20.4159324318884	8.93059203617881	50
-20.474168019035	8.94190239841929	50
-20.5324517469032	8.95278967823516	50
-20.5907785691143	8.96325272778678	50
-20.6491434226537	8.97329059070277	50
-20.7075412286511	8.98290250204828	50
-20.7659668933478	8.99208788600723	50
-20.8244153090849	9.00084635328085	50
-20.8828813552937	9.00917769848546	50
-20.9413598994849	9.01708189755023	50
-20.9998457982378	9.02455910511494	50
-21.05833389819	9.03160965192773	50
-21.1168190370269	9.03823404224291	50
-21.1752960444711	9.04443295121867	50
-21.2337597432719	9.05020722231488	50
-21.2922049501947	9.05555786469082	50
-21.3506264770104	9.06048605060299	50
-21.4090191314853	9.06499311280284	50
-21.4673777183697	9.06908054193454	50
-21.5256970403885	9.07274998393276	50
-21.5839718992297	9.0760032374204	50
-21.6421970965343	9.0788422511064	50
-21.7003674348858	9.08126912118346	50
-21.7584777187995	9.08328608872583	50
-21.816522755712	9.08489553708709	50
-21.8744973569709	9.08609998929784	50
-21.9323963388239	9.08690210546357	50
-21.9902145234085	9.08730468016233	50
-22.0479467397413	9.08731063984256	50
-22.1055878247078	9.08692304022082	50
-22.1631326240514	9.08614506367955	50
-22.2205759933633	9.08498001666484	50
-22.2779127990718	9.08343132708426	50
-22.3351379194315	9.08150254170447	50
-22.3922462455133	9.07919732354916	50
-22.4492326821934	9.07651944929667	50
-22.5060921491429	9.07347280667786	50
-22.5628195818176	9.07006139187382	50
-22.6194099324468	9.06628930691362	50
-22.6758581710234	9.06216075707211	50
-22.7321592862931	9.05768004826771	50
-22.7883082867437	9.05285158446007	50
-22.844300201595	9.04767986504794	50
-22.9001300817879	9.04216948226689	50
-22.9557930009739	9.03632511858708	50
-23.0112840565048	9.030151544111	50
-23.0665983704219	9.02365361397128	50
-23.1217310904456	9.01683626572843	50
-23.176677390965	9.00970451676858	50
-23.2314324740269	9.0022634617013	50
-23.2859915703259	8.9945182697573	50
-23.3403499401934	8.98647418218624	50
-23.3945028745873	8.9781365096545	50
-23.4484456960813	8.96951062964289	50
-23.5021737598545	8.96060198384447	50
-23.5556824546808	8.95141607556229	50
-23.6089672039184	8.94195846710713	50
-23.6620234664992	8.93223477719533	50
-23.7148467379185	8.9222506783465	50
-23.767432551224	8.91201189428129	50
-23.8197764780058	8.90152419731914	50
-23.8718741293855	8.89079340577614	50
-23.9237211570059	8.87982538136263	50
-23.9753132540202	8.86862602658111	50
-24.0266461560817	8.85720128212394	50
-24.0777156423333	8.8455571242711	50
-24.1285175363967	8.83369956228798	50
-24.179047707362	8.82163463582311	50
-24.2293020707773	8.80936841230597	50
-24.2792765896381	8.79690698434471	50
-24.3289672753766	8.78425646712393	50
-24.3783701888514	8.77142299580246	50
-24.4274814413367	8.75841272291111	50
-24.476297195512	8.74523181575043	50
-24.5248136664517	8.73188645378846	50
-24.5730271226141	8.71838282605854	50
-24.6209338868312	8.70472712855703	50
-24.6685303372981	8.6909255616411	50
-24.7158129085625	8.67698432742648	50
-24.7627780925141	8.66290962718523	50
-24.809422439374	8.64870765874348	50
-24.8557425586845	8.63438461387927	50
-24.901735120298	8.61994667572021	50
-24.9473968553672	8.6054000161413	50
-24.9927245573338	8.59075079316273	50
-25.0377150829185	8.57600514834754	50
-25.0823653531104	8.5611692041995	50
-25.126672354156	8.54624906156079	50
-25.1706331385495	8.53125079700981	50
-25.2142448260214	8.51618046025892	50
-25.2575046045287	8.50104407155222	50
-25.3004097312438	8.48584761906329	50
-25.3429575335442	8.47059705629299	50
-25.3851454100022	8.45529829946719	50
-25.4269708313738	8.43995722493456	50
-25.4684313415887	8.42457966656432	50
-25.5095245587397	8.409171413144	50
-25.5502481760717	8.39373820577721	50
-25.5905999629718	8.37828573528142	50
-25.6305777659582	8.3628196395857	50
-25.6701795096703	8.34734550112847	50
-25.7094031978574	8.33186884425533	50
-25.7482469143689	8.31639513261675	50
-25.7867088241432	8.30092976656587	50
-25.8247871741976	8.28547808055626	50
-25.8624802946174	8.27004534053969	50
-25.8997865995456	8.25463674136388	50
-25.9367045881723	8.23925740417026	50
-25.9732328457243	8.22391237379178	50
-26.0093700444543	8.2086066161506	50
-26.0451149446305	8.1933450156559	50
-26.0804663955261	8.17813237260165	50
-26.1154233364088	8.16297340056437	50
-26.1499847975301	8.14787272380086	50
-26.184149901115	8.13283487464598	50
-26.2179178623512	8.11786429091048	50
-26.2512879903789	8.10296531327864	50
-26.2842596892799	8.08814218270614	50
-26.3168324590673	8.07339903781778	50
-26.349005896675	8.05873991230522	50
-26.3807796969469	8.04416873232482	50
-26.4121536536266	8.02968931389533	50
-26.4431276603469	8.01530536029568	50
-26.4737017116192	8.00102045946275	50
-26.5038759038053	7.98683808141784	50
-26.533650435594	7.97276157650482	50
-26.5630256071535	7.9587941757978	50
-26.5920018187342	7.94493899240867	50
-26.6205795692488	7.93119902283208	50
-26.6487594548525	7.91757714829048	50
-26.6765421675229	7.90407613607919	50
-26.7039284936403	7.89069864091135	50
-26.7309193125677	7.87744720626304	50
-26.7575155952309	7.86432426571823	50
-26.7837184026985	7.85133214431387	50
-26.8095288847621	7.83847305988486	50
-26.8349482785163	7.82574912440915	50
-26.859977906939	7.81316234535271	50
-26.884619177471	7.80071462701457	50
-26.9088735805966	7.78840777187188	50
-26.9327426884237	7.77624348192491	50
-26.9562281532633	7.76422336004207	50
-26.9793317062103	7.75234891130498	50
-27.0020551557229	7.74062154435347	50
-27.0244003862035	7.72904257273059	50
-27.0463693565779	7.71761321622771	50
-27.0679640988761	7.70633460222944	50
-27.089186716812	7.69520776705878	50
-27.1100393843637	7.68423365732206	50
-27.1305243443534	7.67341313125401	50
-27.1506439070275	7.66274696006276	50
-27.1704004486369	7.65223582927491	50
-27.1897964100169	7.64188034008052	50
-27.2088342951673	7.63168101067817	50
-27.2275166698326	7.62163827761997	50
-27.245846160082	7.61175249715658	50
-27.2638254508894	7.60202394658227	50
-27.2814572847137	7.59245282557993	50
-27.2987444600788	7.58303925756609	50
-27.3156898301535	7.57378329103597	50
-27.3322963013318	7.56468490090849	50
-27.3485668318132	7.55574398987132	50
-27.3645044301822	7.54696038972589	50
-27.3801121539887	7.53833386273243	50
-27.3953931083285	7.52986410295498	50
-27.4103504444225	7.52155073760646	50
-27.4249873581976	7.51339332839367	50
-27.4393070888664	7.50539137286228	50
-27.4533129175073	7.49754430574196	50
-27.4670081656446	7.48985150029132	50
-27.4803961938287	7.48231226964297	50
-27.4934804002162	7.47492586814856	50
-27.5062642191497	7.4676914927238	50
-27.5187511197383	7.46060828419346	50
-27.5309446044373	7.45367532863645	50
-27.5428482076286	7.44689165873083	50
-27.5544654942006	7.44025625509881	50
-27.5658000581284	7.43376804765182	50
-27.5768555210536	7.42742591693553	50
-27.587635530865	7.42122869547486	50
-27.5981437602781	7.41517516911899	50
-27.6083839054152	7.40926407838649	50
-27.6183596843861	7.40349411981023	50
-27.6280748358674	7.39786394728245	50
-27.6375331176831	7.39237217339982	50
-27.6467383053847	7.38701737080846	50
-27.6556941908309	7.3817980735489	50
-27.6644045807679	7.37671277840122	50
-27.681104167018	7.36693800332937	50
-27.6968677618993	7.35768032573432	50
-27.7117262105017	7.34892651567132	50
-27.7257104598042	7.34066287615023	50
-27.7388515132371	7.33287528617659	50
-27.7511803852453	7.32554924379249	50
-27.7627280558507	7.31866990911746	50
-27.7735254252151	7.3122221473895	50
-27.7836032682034	7.30619057200591	50
-27.7929921889459	7.30055958756429	50
-27.8017225754011	7.29531343290344	50
-27.8136492219705	7.28813098780204	50
-27.8242622118759	7.28172475347095	50
-27.8336599788169	7.27604075455355	50
-27.8444658744944	7.26949278540538	50
-27.8535027622514	7.26400774416224	50
-27.8626316839863	7.25846013241784	50
-27.8720529191769	7.25273045819746	50
-27.8809901929121	7.2472939472198	50
