0.323328250038603	6.98519799894939	39
0.315292422578755	6.97915739499358	39
0.307333136064291	6.97301628945011	39
0.299451647358817	6.96677565207074	39
0.291649201040766	6.96043646832444	39
0.28392702920686	6.95399973924182	39
0.27628635127755	6.94746648125703	39
0.268728373804455	6.94083772604722	39
0.261254290279832	6.93411452036969	39
0.253865280948112	6.92729792589656	39
0.246562512619525	6.92038901904711	39
0.239347138485846	6.91338889081783	39
0.232220297938294	6.90629864661011	39
0.225183116387609	6.8991194060557	39
0.218236705086335	6.89185230283991	39
0.211382160953343	6.88449848452259	39
0.204620566400609	6.87705911235689	39
0.197952989162299	6.86953536110591	39
0.19138048212615	6.86192841885721	39
0.184904083167215	6.85423948683513	39
0.178524814983966	6.84646977921119	39
0.1722436849368	6.83862052291228	39
0.166061684888964	6.83069295742697	39
0.159979791049931	6.82268833460974	39
0.15399896382124	6.81460791848333	39
0.148120147644843	6.80645298503912	39
0.142344270853965	6.79822482203564	39
0.136672245526505	6.78992472879519	39
0.131104967341017	6.78155401599874	39
0.125643315435262	6.77311400547885	39
0.12028815226739	6.76460603001104	39
0.115040323479746	6.75603143310326	39
0.109900657765328	6.74739156878376	39
0.104869966736935	6.73868780138727	39
0.099949044798997	6.72992150533956	39
0.0951386690221332	6.7210940649404	39
0.0904395990204427	6.71220687414496	39
0.085852576831552	6.70326133634369	39
0.081378326799439	6.6942588641407	39
0.0770175554600512	6.68520087913073	39
0.0727709514297347	6.6760888116746	39
0.0686391852964939	6.6669241006734	39
0.0646229095140983	6.65770819334123	39
0.0607227582990522	6.6484425449767	39
0.0569393475304442	6.63912861873309	39
0.0532732746526936	6.62976788538733	39
0.0497251185812061	6.62036182310773	39
0.0462954396109571	6.61091191722056	39
0.0429847793280139	6.6014196599755	39
0.0397936605240136	6.59188655031002	39
0.036722587113608	6.58231409361264	39
0.0337720440548896	6.57270380148524	39
0.0309424972728113	6.56305719150435	39
0.0282343935856111	6.55337578698151	39
0.0256481606342543	6.54366111672274	39
0.0231842068149047	6.53391471478708	39
0.0208429212144334	6.52413812024438	39
0.0186246735489778	6.51433287693225	39
0.0165298141055589	6.50450053321227	39
0.0145586736867671	6.49464264172551	39
0.0127115635585251	6.4847607591473	39
0.0109887754009341	6.47485644594146	39
0.00939058126221581	6.46493126611385	39
0.00791723351575124	6.45498678696543	39
0.00656896482022917	6.44502457884474	39
0.00534598808290654	6.43504621489992	39
0.0042484964259869	6.42505327083031	39
0.00327666315612585	6.41504732463762	39
0.00243064173706231	6.40502995637675	39
0.00171056576538586	6.39500274790627	39
0.00111654894943969	6.38496728263865	39
0.000648685091365175	6.37492514529017	39
0.000307048072289207	6.36487792163074	39
9.16918406572709e-05	6.35482719823345	39
2.65040371516534e-06	6.34477456222403	39
3.99378221376256e-05	6.33472160103024	39
0.000203548207809323	6.3246699021312	39
0.000493455724753677	6.31462105280668	39
0.000909614593212815	6.30457663988647	39
0.00145195909687734	6.29453824949982	39
0.00212040359326315	6.28450746682495	39
0.00291484252723506	6.2744858758387	39
0.00383515044767635	6.26447505906649	39
0.0048811820272977	6.25447659733231	39
0.00605277208558674	6.24449206950919	39
0.00734973561489161	6.23452305226981	39
0.00877186780963624	6.22457111983756	39
0.0103189440986614	6.21463784373794	39
0.0119907201806864	6.20472479255039	39
0.0137869320628883	6.19483353166062	39
0.0157072961025884	6.18496562301337	39
0.0177515090520435	6.17512262486582	39
0.0199192481063315	6.16530609154148	39
0.0222101709543263	6.15551757318476	39
0.0246239158327534	6.14575861551617	39
0.0271601015833149	6.13603075958827	39
0.0298183277128808	6.12633554154227	39
0.0325981744567303	6.1166744923655	39
0.0354992028448369	6.10704913764961	39
0.0385209547711889	6.09746099734969	39
0.0416629530661277	6.08791158554424	39
0.0449247015716991	6.07840241019609	39
0.0483056852200031	6.06893497291427	39
0.0518053701145277	6.05951076871687	39
0.0554232036144584	6.05013128579497	39
0.0591586144219466	6.04079800527767	39
0.0630110126723232	6.03151240099814	39
0.0669797900272464	6.02227593926096	39
0.0710643197707641	6.0130900786105	39
0.0752639569082805	6.00395626960064	39
0.0795780382684077	5.99487595456572	39
0.0840058826076886	5.98585056739272	39
0.0885467907181728	5.97688153329492	39
0.0932000455378301	5.96797026858677	39
0.0979649122637819	5.95911818046027	39
0.102840638468336	5.95032666676276	39
0.107826454217804	5.94159711577615	39
0.112921572194081	5.93293090599776	39
0.118125187818975	5.92432940592255	39
0.123436479381255	5.91579397382712	39
0.128854608166414	5.90732595755512	39
0.134378718589108	5.8989266943045	39
0.140007938328264	5.89059751041628	39
0.145741378464828	5.88233972116517	39
0.151578133622139	5.87415463055181	39
0.157517282108896	5.86604353109689	39
0.163557886064704	5.85800770363704	39
0.169698991608173	5.85004841712258	39
0.175939628987549	5.8421669284171	39
0.182278812733844	5.83436448209905	39
0.18871554181646	5.82664231026514	39
0.195248799801258	5.81900163233584	39
0.201877555011065	5.81144365486274	39
0.208600760688592	5.80396957133812	39
0.215417355161723	5.7965805620064	39
0.222326262011171	5.78927779367781	39
0.229326390240454	5.78206241954413	39
0.236416634448176	5.77493557899658	39
0.243595875002585	5.76789839744589	39
0.250862978218372	5.76095198614462	39
0.258216796535696	5.75409744201163	39
0.265656168701398	5.74733584745889	39
0.273179919952372	5.74066827022058	39
0.280786862201077	5.73409576318443	39
0.288475794223151	5.7276193642255	39
0.296245501847094	5.72124009604225	39
0.304094758146002	5.71495896599508	39
0.312022323631315	5.70877696594725	39
0.320026946448543	5.70269507210821	39
0.328107362574952	5.69671424487952	39
0.336262296019162	5.69083542870313	39
0.344490459022649	5.68505955191225	39
0.352790552263091	5.67938752658479	39
0.361161265059546	5.6738202483993	39
0.369601275579429	5.66835859649355	39
0.378109251047238	5.66300343332568	39
0.38668384795502	5.65775560453803	39
0.395323712274522	5.65261593882361	39
0.404027479671013	5.64758524779522	39
0.412793775718721	5.64266432585728	39
0.421621216117882	5.63785395008042	39
0.430508406913323	5.63315488007873	39
0.439453944714596	5.62856785788984	39
0.44845641691758	5.62409360785772	39
0.457514401927555	5.61973283651834	39
0.466626469383686	5.61548623248802	39
0.475791180384889	5.61135446635478	39
0.485007087717057	5.60733819057238	39
0.494272736081587	5.60343803935734	39
0.503586662325194	5.59965462858873	39
0.512947395670952	5.59598855571098	39
0.522353457950554	5.59244039963949	39
0.531803363837725	5.58901072066924	39
0.541295621082781	5.5857000603863	39
0.550828730748264	5.5825089415823	39
0.560401187445646	5.57943786817189	39
0.570011479573049	5.57648732511317	39
0.579658089553938	5.5736577783311	39
0.589339494076771	5.5709496746439	39
0.599054164335544	5.56836344169254	39
0.608800566271206	5.56589948787319	39
0.618577160813908	5.56355820227272	39
0.628382404126038	5.56133995460726	39
0.638214747846011	5.55924509516384	39
0.648072639332772	5.55727395474505	39
0.657954521910981	5.55542684461681	39
0.667858835116824	5.55370405645922	39
0.677784014944431	5.5521058623205	39
0.687728494092851	5.55063251457404	39
0.697690702213546	5.54928424587851	39
0.707669066158368	5.54806126914119	39
0.717662010227979	5.54696377748427	39
0.727667956420666	5.54599194421441	39
0.737685324681534	5.54514592279535	39
0.74771253315201	5.54442584682367	39
0.757747998419636	5.54383183000772	39
0.767790135768113	5.54336396614965	39
0.777837359427541	5.54302232913057	39
0.787888082824833	5.54280697289894	39
0.797940718834252	5.542717931462	39
0.807993680028039	5.54275521888042	39
0.818045378927085	5.54291882926609	39
0.828094228251608	5.54320873678304	39
0.838138641171812	5.5436248956515	39
0.848177031558459	5.54416724015516	39
0.858207814233336	5.54483568465155	39
0.86822940521958	5.54563012358552	39
0.878240221991799	5.54655043150596	39
0.888238683725976	5.54759646308558	39
0.898223211549097	5.54876805314387	39
0.908192228788475	5.55006501667317	39
0.918144161220723	5.55148714886792	39
0.928077437320344	5.55303422515695	39
0.937990488507892	5.55470600123897	39
0.947881749397667	5.55650221312117	39
0.957749658044913	5.55842257716087	39
0.967592656192462	5.56046679011033	39
0.977409189516802	5.56263452916462	39
0.987197707873525	5.56492545201261	39
0.99695666554211	5.56733919689104	39
1.00668452147001	5.5698753826416	39
1.01637973951601	5.57253360877116	39
1.02604078869279	5.57531345551501	39
1.04953114703509	5.58228197468285	39
1.07087999241753	5.58857897785037	39
1.09222943086578	5.59483868133501	39
1.11357946237984	5.60106108513675	39
1.1349300869597	5.60724618925562	39
1.15628130460537	5.61339399369159	39
1.17763311531684	5.61950449844469	39
1.19898551909412	5.62557770351489	39
1.2203385159372	5.63161360890221	39
1.24169210584609	5.63761221460664	39
1.26304628882078	5.64357352062819	39
1.28440106486128	5.64949752696685	39
1.30575643396759	5.65538423362262	39
1.3271123961397	5.66123364059551	39
1.34846895137761	5.66704574788551	39
1.36982609968134	5.67282055549263	39
1.39118384105086	5.67855806341685	39
1.4125421754862	5.6842582716582	39
1.43390110298733	5.68992118021666	39
1.45526062355428	5.69554678909223	39
1.47662073718703	5.70113509828492	39
1.49798144388558	5.70668610779471	39
1.51934274364994	5.71219981762163	39
1.54070463648011	5.71767622776565	39
1.56206712237608	5.72311533822679	39
1.58343020133786	5.72851714900505	39
1.60479387336544	5.73388166010042	39
1.62615813845883	5.7392088715129	39
1.64752299661802	5.7444987832425	39
1.66888844784302	5.74975139528921	39
1.69025449213382	5.75496670765304	39
1.71162112949043	5.76014472033397	39
1.73298835991285	5.76528543333203	39
1.75435618340107	5.77038884664719	39
1.7757245999551	5.77545496027948	39
1.79709360957493	5.78048377422887	39
1.81846321226057	5.78547528849538	39
1.83983340801201	5.790429503079	39
1.86120419682926	5.79534641797974	39
1.88257557871231	5.80022603319759	39
1.90394755366117	5.80506834873255	39
1.92532012167584	5.80987336458463	39
1.94669328275631	5.81464108075382	39
1.96806703690258	5.81937149724013	39
1.98944138411467	5.82406461404355	39
2.01081632439255	5.82872043116408	39
2.03219185773625	5.83333894860173	39
2.05356798414574	5.83792016635649	39
2.07494470362105	5.84246408442837	39
2.09632201616216	5.84697070281736	39
2.11769992176907	5.85144002152346	39
2.13907842044179	5.85587204054668	39
2.16045751218032	5.86026675988701	39
2.18183719698465	5.86462417954446	39
2.20321747485479	5.86894429951902	39
2.22459834579073	5.87322711981069	39
2.24597980979248	5.87747264041948	39
2.26736186686003	5.88168086134538	39
2.28874451699339	5.88585178258839	39
2.31012776019255	5.88998540414853	39
2.33151159645752	5.89408172602577	39
2.3528960257883	5.89814074822013	39
2.37428104818488	5.9021624707316	39
2.39566666364726	5.90614689356018	39
2.41705287217546	5.91009401670588	39
2.43843967376945	5.9140038401687	39
2.45982706842926	5.91787636394862	39
2.48121505615487	5.92171158804566	39
2.50260363694628	5.92550951245982	39
2.5239928108035	5.92927013719109	39
2.54538257772653	5.93299346223947	39
2.56677293771536	5.93667948760496	39
2.58816389076999	5.94032821328758	39
2.60955543689043	5.9439396392873	39
2.63094757607668	5.94751376560414	39
2.65234030832873	5.95105059223809	39
2.67373363364659	5.95455011918916	39
2.69512755203026	5.95801234645734	39
2.71652206347972	5.96143727404263	39
2.737917167995	5.96482490194504	39
2.75931286557608	5.96817523016456	39
2.78070915622296	5.9714882587012	39
2.80210603993566	5.97476398755495	39
2.82350351671415	5.97800241672581	39
2.84490158655846	5.98120354621379	39
2.86630024946856	5.98436737601888	39
2.88769950544448	5.98749390614109	39
2.9090993544862	5.99058313658041	39
2.93049979659372	5.99363506733684	39
2.95190083176705	5.99664969841039	39
2.97330246000619	5.99962702980105	39
2.99470468131113	6.00256706150883	39
3.01610749568187	6.00546979353372	39
3.03751090311842	6.00833522587572	39
3.05891490362078	6.01116335853484	39
3.08031949718894	6.01395419151107	39
3.10172468382291	6.01670772480441	39
3.12313046352269	6.01942395841487	39
3.14453683628827	6.02210289234245	39
3.16594380211965	6.02474452658714	39
3.18735136101684	6.02734886114894	39
3.20875951297984	6.02991589602785	39
3.23016825800864	6.03244563122388	39
3.25157759610325	6.03493806673702	39
3.27298752726366	6.03739320256728	39
3.29439805148988	6.03981103871465	39
3.3158091687819	6.04219157517913	39
3.33722087913973	6.04453481196074	39
3.35863318256337	6.04684074905945	39
3.38004607905281	6.04910938647527	39
3.40145956860805	6.05134072420821	39
3.4228736512291	6.05353476225827	39
3.44428832691596	6.05569150062544	39
3.46570359566862	6.05781093930972	39
3.48711945748709	6.05989307831112	39
3.50853591237136	6.06193791762963	39
3.52995296032144	6.06394545726525	39
3.55137060133733	6.06591569721799	39
3.57278883541902	6.06784863748784	39
3.59420766256651	6.06974427807481	39
3.61562708277981	6.07160261897889	39
3.63704709605892	6.07342366020008	39
3.65846770240383	6.07520740173839	39
3.67988890181455	6.07695384359381	39
3.70131069429107	6.07866298576635	39
3.7227330798334	6.080334828256	39
3.74415605844153	6.08196937106276	39
3.76557963011547	6.08356661418664	39
3.78700379485522	6.08512655762763	39
3.80842855266077	6.08664920138574	39
3.82985390353212	6.08813454546095	39
3.85127984746929	6.08958258985329	39
3.87270638447225	6.09099333456274	39
3.89413351454103	6.0923667795893	39
3.9155612376756	6.09370292493298	39
3.93698955387599	6.09500177059376	39
3.95841846314218	6.09626331657166	39
3.97984796547417	6.09748756286668	39
4.00127806087197	6.09867450947881	39
4.02270874933558	6.09982415640806	39
4.04414003086499	6.10093650365441	39
4.0655719054602	6.10201155121789	39
4.08700437312123	6.10304929909848	39
4.10843743384806	6.10404974729618	39
4.12987108764069	6.10501289581099	39
4.15130533449913	6.10593874464292	39
4.17274017442337	6.10682729379196	39
4.19417560741342	6.10767854325812	39
4.21561163346928	6.10849249304139	39
4.23704825259094	6.10926914314178	39
4.2584854647784	6.11000849355927	39
4.27992327003168	6.11071054429389	39
4.30136166835075	6.11137529534561	39
4.32280065973564	6.11200274671445	39
4.34424024418632	6.11259289840041	39
4.36568042170282	6.11314575040347	39
4.38712119228512	6.11366130272365	39
4.40856255593322	6.11413955536095	39
4.43000451264713	6.11458050831536	39
4.45144706242685	6.11498416158689	39
4.47289020527237	6.11535051517552	39
4.4943339411837	6.11567956908127	39
4.51577827016083	6.11597132330414	39
4.53722319220377	6.11622577784412	39
4.55866870731251	6.11644293270122	39
4.58011481548706	6.11662278787542	39
4.60156151672742	6.11676534336674	39
4.62300881103358	6.11687059917518	39
4.64445669840554	6.11693855530073	39
4.66590517884331	6.11696921174339	39
4.68735425234689	6.11696256850317	39
4.70880391891627	6.11691862558006	39
4.73025417855146	6.11683738297406	39
4.75170503125245	6.11671884068518	39
4.77315647701925	6.11656299871342	39
4.79460851585186	6.11636985705876	39
4.81606114775026	6.11613941572122	39
4.83751437271448	6.1158716747008	39
4.8589681907445	6.11556663399749	39
4.88042260184033	6.11522429361129	39
4.90187760600196	6.11484465354221	39
4.9233332032294	6.11442771379024	39
4.94478939352264	6.11397347435538	39
4.96624617688169	6.11348193523764	39
4.98770355330654	6.11295309643702	39
5.0091615227972	6.1123869579535	39
5.03062008535367	6.1117835197871	39
5.05207924097594	6.11114278193782	39
5.07353898966401	6.11046474440564	39
5.09499933141789	6.10974940719059	39
5.11646026623758	6.10899677029264	39
5.13792179412307	6.10820683371181	39
5.15938391507437	6.1073795974481	39
5.18084662909148	6.10651506150149	39
5.20230993617438	6.10561322587201	39
5.2237738363231	6.10467409055963	39
5.24523832953762	6.10369765556437	39
5.26670341581794	6.10268392088623	39
5.28816909516408	6.10163288652519	39
5.30963536757601	6.10054455248127	39
5.33110223305375	6.09941891875447	39
5.3525696915973	6.09825598534478	39
5.37403774320666	6.09705575225221	39
5.39550638788181	6.09581821947674	39
5.41697562562278	6.09454338701839	39
5.43844545642955	6.09323125487716	39
5.45991588030212	6.09188182305304	39
5.4813868972405	6.09049509154603	39
5.50285850724469	6.08907106035614	39
5.52433071031468	6.08760972948336	39
5.54580350645048	6.08611109892769	39
5.56727689565208	6.08457516868914	39
5.58875087791949	6.08300193876771	39
5.6102254532527	6.08139140916338	39
5.63170062165172	6.07974357987617	39
5.65317638311655	6.07805845090608	39
5.67465273764718	6.0763360222531	39
5.69612968524362	6.07457629391723	39
5.71760722590586	6.07277926589847	39
5.7390853596339	6.07094493819684	39
5.76056408642776	6.06907331081231	39
5.78204340628741	6.0671643837449	39
5.80352331921288	6.0652181569946	39
5.82500382520415	6.06323463056142	39
5.84648492426122	6.06121380444535	39
5.8679666163841	6.05915567864639	39
5.88944890157279	6.05706025316455	39
5.91093177982728	6.05492752799982	39
5.93241525114757	6.05275750315221	39
5.95389931553368	6.05055017862171	39
5.97538397298558	6.04830555440832	39
5.9968692235033	6.04602363051205	39
6.01835506708682	6.04370440693289	39
6.03984150373614	6.04134788367085	39
6.06132853345127	6.03895406072592	39
6.08281615623221	6.0365229380981	39
6.10430437207895	6.0340545157874	39
6.12579318099149	6.03154879379382	39
6.14728258296984	6.02900577211734	39
6.168772578014	6.02642545075798	39
6.19026316612396	6.02380782971573	39
6.21175434729973	6.0211529089906	39
6.23324612154131	6.01846068858258	39
6.25473848884868	6.01573116849167	39
6.27623144922187	6.01296434871788	39
6.29772500266086	6.01016022926121	39
6.31921914916566	6.00731881012165	39
6.34071388873626	6.0044400912992	39
6.36220922137266	6.00152407279386	39
6.38370514707488	5.99857075460564	39
6.40520166584289	5.99558013673453	39
6.42669877767672	5.99255221918054	39
6.44819648257635	5.98948700194366	39
6.46969478054178	5.98638448502389	39
6.49119367157302	5.98324466842124	39
6.51269315567007	5.98006755213571	39
6.53419323283292	5.97685313616728	39
6.55569390306158	5.97360142051598	39
6.57719516635604	5.97031240518177	39
6.59869702271631	5.9669860901647	39
6.62019947214238	5.96362247546473	39
6.64170251463426	5.96022156108187	39
6.66320615019194	5.95678334701613	39
6.68471037881543	5.95330783326751	39
6.70621520050473	5.949795019836	39
6.72772061525983	5.9462449067216	39
6.74922662308073	5.94265749392431	39
6.77073322396744	5.93903278144415	39
6.79224041791996	5.93537076928109	39
6.81374820493829	5.93167145743515	39
6.83525658502241	5.92793484590632	39
6.85676555817235	5.9241609346946	39
6.87827512438809	5.9203497238	39
6.89978528366963	5.91650121322252	39
6.92129603601698	5.91261540296214	39
6.94280738143014	5.90869229301889	39
6.9643193199091	5.90473188339274	39
6.98583185145386	5.90073417408371	39
7.00734497606444	5.89669916509179	39
7.02885869374082	5.89262685641699	39
7.050373004483	5.8885172480593	39
7.07188790829099	5.88437034001872	39
7.09340340516478	5.88018613229527	39
7.11491949510438	5.87596462488892	39
7.13643617810979	5.87170581779969	39
7.157953454181	5.86740971102757	39
7.17947132331802	5.86307630457256	39
7.20098978552084	5.85870559843467	39
7.22250884078946	5.85429759261389	39
7.2440284891239	5.84985228711023	39
7.26554873052413	5.84536968192368	39
7.28706956499018	5.84084977705425	39
7.30859099252203	5.83629257250193	39
7.33011301311968	5.83169806826672	39
7.35163562678314	5.82706626434863	39
7.37315883351241	5.82239716074765	39
7.39468263330748	5.81769075746378	39
7.41620702616836	5.81294705449703	39
7.43773201209504	5.80816605184739	39
7.45925759108753	5.80334774951487	39
7.48078376314582	5.79849214749946	39
7.50231052826992	5.79359924580116	39
7.52383788645983	5.78866904441998	39
7.54536583771554	5.78370154335591	39
7.56689438203706	5.77869674260896	39
7.58842351942438	5.77365464217912	39
7.6099532498775	5.76857524206639	39
7.63148357339644	5.76345854227078	39
7.65301448998117	5.75830454279228	39
7.67454599963172	5.75311324363089	39
7.69607810234807	5.74788464478662	39
7.71761079813022	5.74261874625947	39
7.73914408697818	5.73731554804943	39
7.76067796889195	5.7319750501565	39
7.78221244387152	5.72659725258068	39
7.80374751191689	5.72118215532198	39
7.82528317302807	5.71572975838039	39
7.84681942720506	5.71024006175592	39
7.86835627444786	5.70471306544856	39
7.88989371475645	5.69914876945832	39
7.91143174813086	5.69354717378519	39
7.93297037457107	5.68790827842917	39
7.95450959407708	5.68223208339027	39
7.9760494066489	5.67651858866848	39
7.99758981228653	5.6707677942638	39
8.01913081098996	5.66497970017624	39
8.0406724027592	5.65915430640579	39
8.06221458759424	5.65329161295246	39
8.08375736549509	5.64739161981624	39
8.10530073646174	5.64145432699714	39
8.1268447004942	5.63547973449515	39
8.14838925759247	5.62946784231027	39
8.16993440775654	5.6234186504425	39
8.19148015098641	5.61733215889185	39
8.21302648728209	5.61120836765832	39
8.23457341664358	5.6050472767419	39
8.25612093907087	5.59884888614259	39
8.27766905456397	5.5926131958604	39
8.29921776312288	5.58634020589531	39
8.32076706474758	5.58002991624735	39
8.3423169594381	5.5736823269165	39
8.36386744719442	5.56729743790276	39
8.38541852801654	5.56087524920614	39
8.40697020190447	5.55441576082662	39
8.42852246885821	5.54791897276423	39
8.45007532887775	5.54138488501895	39
8.4716287819631	5.53481349759078	39
8.49318282811425	5.52820481047972	39
8.51473746733121	5.52155882368578	39
8.53629269961398	5.51487553720895	39
8.55784852496254	5.50815495104924	39
8.57940494337692	5.50139706520664	39
8.6009619548571	5.49460187968116	39
8.62251955940309	5.48776939447279	39
8.64407775701488	5.48089960958153	39
8.66563654769248	5.47399252500739	39
8.68719593143588	5.46704814075036	39
8.70875590824509	5.46006645681045	39
8.7303164781201	5.45304747318764	39
8.75187764106092	5.44599118988196	39
8.77343939706754	5.43889760689338	39
8.79500174613997	5.43176672422192	39
8.81656468827821	5.42459854186758	39
8.83812822348225	5.41739305983035	39
8.8596923517521	5.41015027811023	39
8.88125707308775	5.40287019670723	39
8.90282238748921	5.39555281562134	39
8.92438829495647	5.38819813485256	39
8.94595479548954	5.3808061544009	39
8.96752188908841	5.37337687426635	39
8.98908957575309	5.36591029444892	39
9.01065785548358	5.3584064149486	39
9.03222672827987	5.35086523576539	39
9.05379619414197	5.3432867568993	39
9.07536625306987	5.33567097835032	39
9.09693690506358	5.32801790011846	39
9.11850815012309	5.32032752220371	39
9.14007998824841	5.31259984460607	39
9.16165241943953	5.30483486732555	39
9.18322544369646	5.29703259036214	39
9.2047990610192	5.28919301371585	39
9.22637327140773	5.28131613738667	39
9.24794807486208	5.2734019613746	39
9.26952347138223	5.26545048567965	39
9.29109946096819	5.25746171030181	39
9.31267604361996	5.24943563524109	39
9.33425321933752	5.24137226049747	39
9.35583098812089	5.23327158607098	39
9.37740934997007	5.22513361196159	39
9.39898830488506	5.21695833816933	39
9.42056785286585	5.20874576469417	39
9.44214799391244	5.20049589153613	39
9.46372872802485	5.1922087186952	39
9.48531005520305	5.18388424617139	39
9.50689197544706	5.17552247396469	39
9.52847448875688	5.16712340207511	39
9.5500575951325	5.15868703050264	39
9.57164129457393	5.15021335924728	39
9.59322558708117	5.14170238830904	39
9.61481047265421	5.1331541176879	39
9.63639595129305	5.12456854738389	39
9.6579820229977	5.11594567739699	39
9.67956868776816	5.1072855077272	39
9.70115594560442	5.09858803837453	39
9.72274379650649	5.08985326933897	39
9.74433224047436	5.08108120062052	39
9.76592127750804	5.07227183221919	39
9.78751090760753	5.06342516413497	39
9.80910113077281	5.05454119636787	39
9.83069194700391	5.04561992891788	39
9.85228335630081	5.03666136178501	39
9.87387535866351	5.02766549496924	39
9.89546795409203	5.01863232847059	39
9.91706114258634	5.00956186228906	39
9.93865492414647	5.00045409642464	39
9.9602492987724	4.99130903087734	39
9.98184426646413	4.98212666564714	39
10.0034398272217	4.97290700073406	39
10.025035981045	4.9636500361381	39
10.0466327279342	4.95435577185925	39
10.0682300678891	4.94502420789751	39
10.0898280009099	4.93565534425289	39
10.1114265269964	4.92624918092538	39
10.1330256461488	4.91680571791499	39
10.154625358367	4.9073249552217	39
10.176225663651	4.89780689284554	39
10.1978265620008	4.88825153078649	39
10.2194280534164	4.87865886904455	39
10.2410301378978	4.86902890761972	39
10.262632815445	4.85936164651201	39
10.284236086058	4.84965708572142	39
10.3058399497368	4.83991522524793	39
10.3274444064814	4.83013606509156	39
10.3490494562918	4.82031960525231	39
10.3706550991681	4.81046584573016	39
10.3922613351101	4.80057478652514	39
10.413868164118	4.79064642763722	39
10.4354755861916	4.78068076906643	39
10.4570836013311	4.77067781081274	39
10.4786922095363	4.76063755287617	39
10.5003014108074	4.75055999525671	39
10.5219112051443	4.74044513795437	39
10.5435215925469	4.73029298096914	39
10.5651325730154	4.72010352430102	39
10.5867441465497	4.70987676795002	39
10.6083563131498	4.69961271191613	39
10.6299690728157	4.68931135619936	39
10.6515824255474	4.6789727007997	39
10.6731963713449	4.66859674571715	39
10.6948109102082	4.65818349095172	39
10.7164260421374	4.64773293650341	39
10.7380417671323	4.6372450823722	39
10.759658085193	4.62671992855811	39
10.7812749963196	4.61615747506113	39
10.8028925005119	4.60555772188127	39
10.82451059777	4.59492066901852	39
10.846129288094	4.58424631647289	39
10.8677485714838	4.57353466424437	39
10.8893684479393	4.56278571233296	39
10.9109889174607	4.55199946073867	39
10.9326099800479	4.54117590946149	39
10.9542316357009	4.53031505850142	39
10.9758538844196	4.51941690785847	39
10.9974767262042	4.50848145753264	39
11.0191001610546	4.49750870752391	39
11.0407241889708	4.48649865783231	39
11.0623488099528	4.47545130845781	39
11.0839740240007	4.46436665940043	39
11.1055998311143	4.45324471066016	39
11.1272262312937	4.44208546223701	39
11.1488532245389	4.43088891413097	39
11.17048081085	4.41965506634204	39
11.1921089902268	4.40838391887023	39
11.2137377626695	4.39707547171554	39
11.2353671281779	4.38572972487795	39
11.2569970867522	4.37434667835748	39
11.2786276383922	4.36292633215413	39
11.3002587830981	4.35146868626789	39
11.3218905208698	4.33997374069876	39
11.3435228517073	4.32844149544674	39
11.3651557756106	4.31687195051184	39
11.3867892925796	4.30526510589406	39
11.4084234026145	4.29362096159339	39
11.4300581057152	4.28193951760983	39
11.4516934018818	4.27022077394338	39
11.4733292911141	4.25846473059405	39
11.4949657734122	4.24667138756184	39
11.5166028487761	4.23484074484674	39
11.5382405172058	4.22297280244875	39
11.5598787787014	4.21106756036787	39
11.5815176332627	4.19912501860411	39
11.6031570808899	4.18714517715747	39
11.6247971215828	4.17512803602794	39
11.6464377553416	4.16307359521552	39
11.6680789821661	4.15098185472021	39
11.6897208020565	4.13885281454202	39
11.7113632150127	4.12668647468094	39
11.7330062210347	4.11448283513698	39
11.7546498201225	4.10224189591013	39
11.776294012276	4.0899636570004	39
11.7979387974954	4.07764811840778	39
11.8195841757806	4.06529528013227	39
11.8412301471317	4.05290514217388	39
11.8628767115485	4.0404777045326	39
11.8845238690311	4.02801296720843	39
11.9061716195795	4.01551093020138	39
11.9278199631937	4.00297159351144	39
11.9494688998738	3.99039495713862	39
11.9711184296196	3.97778102108291	39
11.9927685524313	3.96512978534432	39
12.0144192683087	3.95244124992283	39
12.036070577252	3.93971541481847	39
12.057722479261	3.92695228003121	39
12.0793749743359	3.91415184556108	39
12.1010280624766	3.90131411140805	39
12.1226817436831	3.88843907757214	39
12.1443360179553	3.87552674405334	39
12.1659908852934	3.86257711085166	39
12.1876463456973	3.84959017796709	39
12.209302399167	3.83656594539963	39
12.2309590457025	3.82350441314929	39
12.2526162853039	3.81040558121606	39
12.274274117971	3.79726944959994	39
12.2959325437039	3.78409601830095	39
12.3175915625026	3.77088528731906	39
12.3392511743672	3.75763725665429	39
12.3609113792975	3.74435192630663	39
12.3825721772936	3.73102929627609	39
12.4042335683556	3.71766936656265	39
12.4258955524834	3.70427213716634	39
12.4475581296769	3.69083760808713	39
12.4692212999363	3.67736577932505	39
12.4908850632615	3.66385665088007	39
12.5125494196524	3.65031022275221	39
12.5342143691092	3.63672649494146	39
12.5558799116318	3.62310546744783	39
12.5775460472202	3.60944714027131	39
12.5992127758744	3.59575151341191	39
12.6208800975944	3.58201858686962	39
12.6425480123802	3.56824836064444	39
12.6642165202318	3.55444083473638	39
12.6858856211493	3.54059600914543	39
12.7075553151325	3.52671388387159	39
12.7292256021815	3.51279445891487	39
12.7508964822964	3.49883773427526	39
12.772567955477	3.48484370995277	39
12.7942400217235	3.47081238594739	39
12.8159126810357	3.45674376225913	39
12.8375859334138	3.44263783888797	39
12.8592597788576	3.42849461583394	39
12.8809342173673	3.41431409309701	39
12.9026092489428	3.4000962706772	39
12.9242848735841	3.38584114857451	39
12.9459610912912	3.37154872678892	39
12.9676379020641	3.35721900532046	39
12.9893153059028	3.3428519841691	39
13.0109933028073	3.32844766333486	39
13.0326718927776	3.31400604281774	39
13.0543510758137	3.29952712261773	39
13.0760308519156	3.28501090273483	39
13.0977112210833	3.27045738316904	39
13.1193921833169	3.25586656392037	39
13.1410737386162	3.24123844498882	39
13.1627558869814	3.22657302637437	39
13.1844386284123	3.21187030807705	39
13.2061219629091	3.19713029009683	39
13.2278058904716	3.18235297243373	39
13.2494904111	3.16753835508775	39
13.2711755247942	3.15268643805887	39
13.2928612315541	3.13779722134711	39
13.3145475313799	3.12287070495247	39
13.3362344242715	3.10790688887494	39
13.3579219102289	3.09290577311452	39
13.3796099892521	3.07786735767122	39
13.4012986613411	3.06279164254503	39
13.4229879264959	3.04767862773596	39
13.4446777847165	3.03252831324399	39
13.466368236003	3.01734069906915	39
13.4880592803552	3.00211578521141	39
13.5097509177732	2.98685357167079	39
13.5314431482571	2.97155405844729	39
13.5531359718067	2.9562172455409	39
13.5748293884222	2.94084313295162	39
13.5965233981034	2.92543172067946	39
13.6182180008505	2.90998300872441	39
13.6399131966633	2.89449699708647	39
13.661608985542	2.87897368576565	39
13.6833053674865	2.86341307476194	39
13.7050023424968	2.84781516407535	39
13.7266999105729	2.83217995370587	39
13.7483980717147	2.8165074436535	39
13.7700968259224	2.80079763391825	39
13.791796173196	2.78505052450011	39
13.8134961135353	2.76926611539909	39
13.8351966469404	2.75344440661518	39
13.8568977734113	2.73758539814838	39
13.878599492948	2.7216890899987	39
13.9003018055506	2.70575548216613	39
13.9220047112189	2.68978457465068	39
13.943708209953	2.67377636745234	39
13.965412301753	2.65773086057111	39
13.9871169866187	2.641648054007	39
14.0088222645503	2.62552794776	39
14.0305281355477	2.60937054183012	39
14.0522345996108	2.59317583621734	39
14.0739416567398	2.57694383092169	39
14.0956493069346	2.56067452594315	39
14.1173575501952	2.54436792128172	39
14.1390663865216	2.5280240169374	39
14.1607758159138	2.5116428129102	39
14.1824858383718	2.49522430920011	39
14.2041964538956	2.47876850580714	39
14.2259076624852	2.46227540273128	39
14.2476194641406	2.44574499997254	39
14.2693318588618	2.42917729753091	39
14.2910448466489	2.41257229540639	39
14.3127584275017	2.39592999359899	39
14.3344726014204	2.3792503921087	39
14.3561873684048	2.36253349093552	39
14.3779027284551	2.34577929007946	39
14.3996186815711	2.32898778954051	39
14.421335227753	2.31215898931868	39
14.4430523670007	2.29529288941396	39
14.4647700993141	2.27838948982635	39
14.4864884246934	2.26144879055586	39
14.5082073431385	2.24447079160248	39
14.5299268546494	2.22745549296622	39
14.5516469592261	2.21040289464707	39
14.5733676568686	2.19331299664504	39
14.5950889475769	2.17618579896011	39
14.616810831351	2.15902130159231	39
14.6385333081909	2.14181950454161	39
14.6602563780967	2.12458040780803	39
14.6819800410682	2.10730401139156	39
14.7037042971055	2.08999031529221	39
14.7254291462087	2.07263931950997	39
14.7471545883776	2.05525102404485	39
14.7688806236124	2.03782542889684	39
14.7906072519129	2.02036253406594	39
14.8123344732793	2.00286233955216	39
14.8340622877115	1.98532484535549	39
14.8557906952094	1.96775005147594	39
14.8775196957732	1.9501379579135	39
14.8992492894028	1.93248856466817	39
14.9209794760982	1.91480187173996	39
14.9427102558594	1.89707787912886	39
14.9644416286864	1.87931658683487	39
14.9861735945792	1.861517994858	39
15.0079061535378	1.84368210319825	39
15.0296393055622	1.8258089118556	39
15.0513730506524	1.80789842083007	39
15.0731073888085	1.78995063012166	39
15.0948423200303	1.77196553973035	39
15.116577844318	1.75394314965617	39
15.1383139616714	1.7358834598991	39
15.1600506720907	1.71778647045914	39
15.1817879755757	1.69965218133629	39
15.2035258721266	1.68148059253056	39
15.2252643617432	1.66327170404194	39
15.2470034444257	1.64502551587044	39
15.268743120174	1.62674202801605	39
15.2904833889881	1.60842124047877	39
15.312224250868	1.59006315325861	39
15.3339657058137	1.57166776635556	39
15.3557077538252	1.55323507976963	39
15.3774503949025	1.53476509350081	39
15.3991936290456	1.5162578075491	39
15.4209374562545	1.49771322191451	39
15.4426818765292	1.47913133659703	39
15.4644268898698	1.46051215159667	39
15.4861724962761	1.44185566691342	39
15.5079186957482	1.42316188254728	39
15.5296654882862	1.40443079849826	39
15.5514128738899	1.38566241476635	39
15.5731608525595	1.36685673135156	39
15.5949094242948	1.34801374825388	39
15.616658589096	1.32913346547331	39
15.638408346963	1.31021588300986	39
15.6601586978958	1.29126100086352	39
15.6819096418944	1.2722688190343	39
15.7036611789587	1.25323933752219	39
15.7254133090889	1.23417255632719	39
15.7471660322849	1.2150684754493	39
15.7689193485467	1.19592709488853	39
15.7906732578744	1.17674841464488	39
15.8124277602678	1.15753243471834	39
15.834182855727	1.13827915510891	39
15.855938544252	1.1189885758166	39
15.8776948258429	1.0996606968414	39
15.8994517004995	1.08029551818331	39
15.9212091682219	1.06089303984234	39
15.9429672290102	1.04145326181849	39
15.9647258828642	1.02197618411174	39
15.9864851297841	1.00246180672211	39
16.0082449697698	0.982910129649598	39
16.0300054028212	0.963321152894197	39
16.0517664289385	0.943694876455908	39
16.0735280481216	0.924031300334734	39
16.0952902603705	0.904330424530675	39
16.1170530656852	0.884592249043729	39
16.1388164640657	0.864816773873898	39
16.160580455512	0.845003999021178	39
16.1823450400241	0.825153924485575	39
16.204110217602	0.805266550267086	39
16.2258759882457	0.78534187636571	39
16.2476423519553	0.765379902781448	39
16.2694093087306	0.745380629514298	39
16.2911768585717	0.725344056564264	39
16.3129450014787	0.705270183931344	39
16.3347137374514	0.685159011615537	39
16.35648306649	0.665010539616846	39
16.3782529885944	0.644824767935266	39
16.4000235037645	0.624601696570803	39
16.4217946120005	0.604341325523452	39
16.4435663133023	0.584043654793216	39
16.4653386076699	0.563708684380092	39
16.4871114951032	0.543336414284083	39
16.5088849756024	0.522926844505188	39
16.5306590491674	0.502479975043409	39
16.5524337157982	0.481995805898742	39
16.5742089754949	0.461474337071188	39
16.5959848282573	0.440915568560749	39
16.6177612740855	0.420319500367424	39
16.6395383129795	0.399686132491214	39
16.6613159449393	0.379015464932116	39
16.683094169965	0.358307497690132	39
16.7048729880564	0.337562230765263	39
16.7266523992137	0.316779664157507	39
16.7484324034367	0.295959797866867	39
16.7702130007256	0.27510263189334	39
16.7919941910803	0.254208166236924	39
16.8137759745007	0.233276400897625	39
16.835558350987	0.21230733587544	39
16.8573413205391	0.191300971170369	39
16.879124883157	0.170257306782411	39
16.9009090388407	0.149176342711566	39
16.9226937875902	0.128058078957836	39
16.9444791294055	0.106902515521222	39
16.9662650642866	0.0857096524017207	39
16.9880515922335	0.064479489599333	39
17.0098387132462	0.0432120271140555	39
17.0316264273247	0.0219072649458969	39
17.0534147344691	0.000565203094850197	39
17.0752036346792	-0.0208141584390802	39
17.0969931279552	-0.0422308196558987	39
17.1187832142969	-0.0636847805556036	39
17.1405738937045	-0.0851760411381948	39
17.1623651661778	-0.106704601403671	39
17.184157031717	-0.128270461352034	39
17.205949490322	-0.14987362098328	39
17.2277425419927	-0.171514080297418	39
17.2495361867293	-0.193191839294436	39
17.2713304245317	-0.214906897974344	39
17.2931252553999	-0.236659256337136	39
17.3149206793339	-0.258448914382813	39
17.3367166963337	-0.280275872111382	39
17.3585133063993	-0.302140129522832	39
17.3803105095307	-0.324041686617168	39
17.4021083057279	-0.345980543394391	39
17.423906694991	-0.367956699854499	39
17.4457056773198	-0.389970155997497	39
17.4675052527144	-0.412020911823377	39
17.4893054211749	-0.434108967332143	39
17.5111061827011	-0.456234322523796	39
17.5329075372932	-0.478396977398336	39
17.554709484951	-0.500596931955762	39
17.5765120256747	-0.522834186196073	39
17.5983151594642	-0.545108740119271	39
17.6201188863194	-0.567420593725354	39
17.6419232062405	-0.589769747014325	39
17.6637281192274	-0.612156199986181	39
17.6855336252801	-0.634579952640923	39
17.7073397243986	-0.65704100497855	39
17.7291464165829	-0.679539356999063	39
17.750953701833	-0.702075008702463	39
17.7727615801489	-0.724647960088751	39
17.7945700515306	-0.747258211157922	39
17.8163791159782	-0.769905761909979	39
17.8381887734915	-0.792590612344923	39
17.8599990240706	-0.815312762462753	39
17.8818098677156	-0.838072212263471	39
17.9036213044263	-0.860868961747073	39
17.9254333342029	-0.88370301091356	39
17.9472459570452	-0.906574359762936	39
17.9690591729534	-0.929483008295198	39
17.9908729819274	-0.952428956510343	39
18.0126873839671	-0.975412204408375	39
18.0345023790727	-0.998432751989294	39
18.0563179672441	-1.0214905992531	39
18.0781341484813	-1.04458574619979	39
18.0999509227843	-1.06771819282937	39
18.1217682901531	-1.09088793914183	39
18.1435862505877	-1.11409498513718	39
18.1654048040881	-1.13733933081541	39
18.1872239506543	-1.16062097617654	39
18.2090436902864	-1.18393992122054	39
18.2308640229842	-1.20729616594743	39
18.2526849487478	-1.23068971035721	39
18.2745064675773	-1.25412055444988	39
18.2963285794725	-1.27758869822543	39
18.3181512844336	-1.30109414168387	39
18.3399745824604	-1.32463688482519	39
18.3617984735531	-1.3482169276494	39
18.3836229577115	-1.3718342701565	39
18.4054480349358	-1.39548891234648	39
18.4272737052259	-1.41918085421935	39
18.4490999685818	-1.4429100957751	39
18.4709268250035	-1.46667663701374	39
18.492754274491	-1.49048047793526	39
18.5145823170443	-1.51432161853968	39
18.5364109526634	-1.53820005882697	39
18.5582401813483	-1.56211579879716	39
18.580070003099	-1.58606883845023	39
18.6019004179155	-1.61005917778618	39
18.6237314257979	-1.63408681680503	39
18.645563026746	-1.65815175550676	39
18.6673952207599	-1.68225399389137	39
18.6892280078397	-1.70639353195887	39
18.7110613879852	-1.73057036970925	39
18.7328953611966	-1.75478450714253	39
18.7547299274738	-1.77903594425869	39
18.7765650868167	-1.80332468105773	39
18.7984008392255	-1.82765071753966	39
18.8202371847001	-1.85201405370448	39
18.8420741232405	-1.87641468955218	39
18.8639116548466	-1.90085262508277	39
18.8857497795186	-1.92532786029624	39
18.9075884972564	-1.9498403951926	39
18.92942780806	-1.97439022977185	39
18.9512677119295	-1.99897736403399	39
18.9731082088647	-2.023601797979	39
18.9949492988657	-2.04826353160691	39
19.0167909819325	-2.0729625649177	39
19.0386332580652	-2.09769889791138	39
19.0604761272636	-2.12247253058794	39
19.0823195895278	-2.14728346294739	39
19.1041636448579	-2.17213169498973	39
19.1260082932537	-2.19701722671495	39
19.1478535347154	-2.22194005812305	39
19.1696993692429	-2.24690018921405	39
19.1915457968361	-2.27189761998793	39
19.2133928174952	-2.29693235044469	39
19.2352404312201	-2.32200438058434	39
19.2570886380108	-2.34711371040688	39
19.2789374378673	-2.37226033991231	39
19.3007868307896	-2.39744426910062	39
19.3226368167777	-2.42266549797181	39
19.3444873958316	-2.44792402652589	39
19.3663385679513	-2.47321985476286	39
19.3881903331368	-2.49855298268272	39
19.4100426913882	-2.52392341028546	39
19.4318956427053	-2.54933113757108	39
19.4537491870882	-2.57477616453959	39
19.475603324537	-2.60025849119099	39
19.4974580550515	-2.62577811752528	39
19.5193133786319	-2.65133504354245	39
19.5411692952781	-2.6769292692425	39
19.56302580499	-2.70256079462545	39
19.5848829077678	-2.72822961969128	39
19.6067406036114	-2.75393574443999	39
19.6285988925208	-2.77967916887159	39
19.6504577744959	-2.80545989298608	39
19.6723172495369	-2.83127791678345	39
19.6941773176437	-2.85713324026371	39
19.7160379788163	-2.88302586342685	39
19.7378992330547	-2.90895578627288	39
19.759761080359	-2.9349230088018	39
19.781623520729	-2.9609275310136	39
19.8034865541648	-2.98696935290829	39
19.8253501806664	-3.01304847448587	39
19.8472144002339	-3.03916489574633	39
19.8690792128671	-3.06531861668968	39
19.8909446185662	-3.09150963731591	39
19.912810617331	-3.11773795762503	39
19.9346772091617	-3.14400357761704	39
19.9565443940582	-3.17030649729193	39
19.9784121720204	-3.1966467166497	39
20.0002805430485	-3.22302423569037	39
20.0221495071424	-3.24943905441392	39
20.0440190643021	-3.27589117282035	39
20.0658892145276	-3.30238059090967	39
20.0877599578189	-3.32890730868188	39
20.109631294176	-3.35547132613698	39
20.1315032235989	-3.38207264327496	39
20.1533757460876	-3.40871126009582	39
20.1752488616421	-3.43538717659957	39
20.1971225702624	-3.46210039278621	39
20.2189968719486	-3.48885090865574	39
20.2408717667005	-3.51563872420815	39
20.2627472545182	-3.54246383944344	39
20.2846233354018	-3.56932625436163	39
20.3065000093511	-3.59622596896269	39
20.3283772763663	-3.62316298324665	39
20.3502551364473	-3.65013729721349	39
20.372133589594	-3.67714891086322	39
20.3940126358066	-3.70419782419583	39
20.415892275085	-3.73128403721133	39
20.4377725074292	-3.75840754990971	39
20.4596533328392	-3.78556836229098	39
20.481534751315	-3.81276647435514	39
20.5034167628566	-3.84000188610218	39
20.525299367464	-3.86727459753211	39
20.5471825651372	-3.89458460864492	39
20.5690663558762	-3.92193191944063	39
20.590950739681	-3.94931652991921	39
20.6128357165517	-3.97673844008069	39
20.6347212864881	-4.00419764992504	39
20.6566074494904	-4.03169415945229	39
20.6784942055584	-4.05922796866242	39
20.7003815546923	-4.08679907755544	39
20.7222694968919	-4.11440748613134	39
20.7441580321574	-4.14205319439013	39
20.7660471604886	-4.16973620233181	39
20.7879368818857	-4.19745650995637	39
20.8098271963486	-4.22521411726382	39
20.8317181038773	-4.25300902425415	39
20.8536096044718	-4.28084123092737	39
20.8755016981321	-4.30871073728348	39
20.8973943848582	-4.33661754332247	39
20.9192876646501	-4.36456164904435	39
20.9411815375078	-4.39254305444911	39
20.9630760034313	-4.42056175953676	39
20.9849710624206	-4.4486177643073	39
21.0068667144758	-4.47671106876072	39
21.0287629595967	-4.50484167289703	39
21.0506597977835	-4.53300957671622	39
21.072557229036	-4.5612147802183	39
21.0944552533544	-4.58945728340327	39
21.1163538707385	-4.61773708627112	39
21.1382530811885	-4.64605418882186	39
21.1601528847042	-4.67440859105548	39
21.1820532812858	-4.70280029297199	39
21.2039542709332	-4.73122929457139	39
21.2258558536464	-4.75969559585367	39
21.2477580294254	-4.78819919681884	39
21.2696607982702	-4.8167400974669	39
21.2915641601808	-4.84531829779784	39
21.3134681151572	-4.87393379781167	39
21.3353726631994	-4.90258659750838	39
21.3572778043074	-4.93127669688798	39
21.3791835384812	-4.96000409595046	39
21.4010898657209	-4.98876879469583	39
21.4229967860263	-5.01757079312409	39
21.4449042993975	-5.04641009123523	39
21.4668124058346	-5.07528668902926	39
21.4887211053374	-5.10420058650618	39
21.5106303979061	-5.13315178366598	39
21.5325402835406	-5.16214028050867	39
21.5544507622408	-5.19116607703424	39
21.5763618340069	-5.2202291732427	39
21.5982734988388	-5.24932956913404	39
21.6201857567365	-5.27846726470828	39
21.6420986076999	-5.3076422599654	39
21.6640120517292	-5.3368545549054	39
21.6859260888243	-5.36610414952829	39
21.7078407189852	-5.39539104383406	39
21.729755942212	-5.42471523782272	39
21.7516717585045	-5.45407673149428	39
21.7735881678628	-5.48347552484871	39
21.7955051702869	-5.51291161788603	39
21.8174227657769	-5.54238501060623	39
21.8393409543326	-5.57189570300933	39
21.8612597359542	-5.60144369509531	39
21.8831791106415	-5.63102898686417	39
21.9050990783947	-5.66065157831592	39
21.9270196392136	-5.69031146945056	39
21.9489407930984	-5.72000866026808	39
21.970862540049	-5.74974315076849	39
21.9927848800653	-5.77951494095178	39
22.0147078131475	-5.80932403081796	39
22.0366313392955	-5.83917042036703	39
22.0585554585093	-5.86905410959898	39
22.0804801707889	-5.89897509851382	39
22.1024054761343	-5.92893338711155	39
22.1243313745455	-5.95892897539216	39
22.1462578660225	-5.98896186335565	39
22.1681849505654	-6.01903205100204	39
22.190112628174	-6.04913953833131	39
22.2120408988484	-6.07928432534346	39
22.2339697625887	-6.1094664120385	39
22.2558992193947	-6.13968579841643	39
22.2778292692666	-6.16994248447724	39
22.2997599122042	-6.20023647022094	39
22.3216911482077	-6.23056775564753	39
22.3436229772769	-6.260936340757	39
22.365555399412	-6.29134222554936	39
22.3874884146129	-6.3217854100246	39
22.4094220228796	-6.35226589418273	39
22.4313562242121	-6.38278367802375	39
22.4532910186104	-6.41333876154765	39
22.4752264060745	-6.44393114475443	39
22.4971623866044	-6.47456082764411	39
22.5190989602001	-6.50522781021667	39
22.5410361268616	-6.53593209247212	39
22.5629738865889	-6.56667367441045	39
22.584912239382	-6.59745255603166	39
22.606851185241	-6.62826873733577	39
22.6287907241657	-6.65912221832276	39
22.6507308561563	-6.69001299899264	39
22.6573637937546	-6.69917326234224	39
22.6641682096989	-6.70820687786841	39
22.6711416864125	-6.71711063597057	39
22.6782817462525	-6.72588137318586	39
22.6855858523894	-6.7345159733131	39
22.6930514097093	-6.74301136851999	39
22.7006757657351	-6.75136454043306	39
22.7084562115694	-6.75957252121011	39
22.716389982857	-6.76763239459465	39
22.7244742607665	-6.77554129695204	39
22.7327061729926	-6.78329641828693	39
22.7410827947761	-6.79089500324165	39
22.7496011499431	-6.79833435207514	39
22.7582582119626	-6.80561182162218	39
22.7670509050217	-6.81272482623249	39
22.7759761051184	-6.8196708386894	39
22.7850306411716	-6.82644739110778	39
22.7942112961477	-6.83305207581079	39
22.8035148082039	-6.83948254618543	39
22.8129378718464	-6.84573651751619	39
22.8224771391057	-6.85181176779683	39
22.8321292207256	-6.85770613851985	39
22.8418906873674	-6.8634175354434	39
22.8517580708285	-6.86894392933536	39
22.8617278652746	-6.87428335669428	39
22.8717965284851	-6.87943392044706	39
22.8819604831119	-6.88439379062291	39
22.8922161179504	-6.88916120500358	39
22.9025597892223	-6.89373446974943	39
22.9129878218705	-6.89811196000129	39
22.9234965108647	-6.90229212045771	39
22.9340821225177	-6.90627346592757	39
22.944740895812	-6.91005458185781	39
22.9554690437363	-6.91363412483592	39
22.9662627546306	-6.91701082306733	39
22.977118193541	-6.92018347682725	39
22.9880315035817	-6.92315095888689	39
22.9989988073055	-6.92591221491401	39
23.0100162080817	-6.9284662638475	39
23.0210797914802	-6.93081219824592	39
23.0321856266625	-6.93294918460996	39
23.0433297677783	-6.93487646367853	39
23.0545082553674	-6.93659335069857	39
23.0657171177662	-6.93809923566828	39
23.0769523725193	-6.93939358355391	39
23.0882100277943	-6.94047593447982	39
23.0994860837999	-6.94134590389187	39
23.1107765342069	-6.94200318269408	39
23.1220773675722	-6.94244753735842	39
23.1333845687634	-6.9426788100078	39
23.1446941203859	-6.94269691847213	39
23.1560020042097	-6.94250185631758	39
23.1673042025976	-6.94209369284879	39
23.1785966999324	-6.9414725730843	39
23.1898754840435	-6.94063871770501	39
23.2011365476325	-6.93959242297576	39
23.2123758896973	-6.93833406064009	39
23.2235895169532	-6.93686407778814	39
23.2347734452516	-6.93518299669783	39
23.2459237009963	-6.93329141464925	39
23.2570363225543	-6.9311900037125	39
23.2681073616643	-6.92887951050889	39
23.2791328848386	-6.92636075594565	39
23.2901089747614	-6.92363463492427	39
23.3010317316803	-6.92070211602258	39
23.3118972747917	-6.91756424115058	39
23.3227017436198	-6.91422212518027	39
23.3334412993884	-6.91067695554955	39
23.3441121263844	-6.90692999184029	39
23.3547104333139	-6.90298256533086	39
23.3652324546487	-6.89883607852312	39
23.3756744519649	-6.89449200464407	39
23.3860327152704	-6.88995188712247	39
23.3963035643238	-6.88521733904048	39
23.4064833499412	-6.88029004256047	39
23.4165684552932	-6.87517174832743	39
23.42655529719	-6.86986427484692	39
23.4364403273541	-6.86436950783899	39
23.4462200336815	-6.85868939956822	39
23.455890941489	-6.85282596815	39
23.4654496147492	-6.84678129683362	39
23.4748926573109	-6.840557533262	39
23.4842167141061	-6.8341568887087	39
23.4934184723418	-6.82758163729227	39
23.5024946626771	-6.82083411516821	39
23.5114420603848	-6.81391671969902	39
23.5202574864971	-6.80683190860235	39
23.5289378089352	-6.79958219907787	39
23.5374799436217	-6.79217016691284	39
23.5458808555768	-6.784598445567	39
23.5541375599966	-6.77686972523688	39
23.5622471233134	-6.76898675190003	39
23.5702066642378	-6.76095232633933	39
23.5780133547828	-6.75276930314793	39
23.5856644212686	-6.74444058971499	39
23.5931571453076	-6.73596914519276	39
23.6004888647706	-6.72735797944512	39
23.6076569747326	-6.71861015197827	39
23.6146589283983	-6.70972877085365	39
23.6214922380069	-6.70071699158368	39
23.628154475716	-6.69157801601063	39
23.6346432744643	-6.682315091169	39
23.6409563288125	-6.67293150813188	39
23.6470913957624	-6.66343060084165	39
23.653046295554	-6.65381574492542	39
23.6588189124397	-6.64409035649572	39
23.6644071954362	-6.63425789093676	39
23.6698091590532	-6.62432184167671	39
23.6750228839987	-6.61428573894659	39
23.6800465178612	-6.60415314852589	39
23.6848782757673	-6.59392767047574	39
23.6895164410166	-6.58361293785981	39
23.6939593656909	-6.57321261545349	39
23.6982054712404	-6.56273039844179	39
23.7022532490439	-6.55217001110652	39
23.7061012609452	-6.541535205503	39
23.7097481397641	-6.53082976012703	39
23.7131925897819	-6.52005747857238	39
23.7164333872018	-6.50922218817939	39
23.719469380584	-6.49832773867513	39
23.7222994912545	-6.48737800080566	39
23.7249227136885	-6.47637686496069	39
23.7273381158674	-6.4653282397914	39
23.7295448396105	-6.45423605082171	39
23.7315421008792	-6.44310423905354	39
23.7333291900562	-6.43193675956661	39
23.7349054721972	-6.42073758011321	39
23.7362703872566	-6.40951067970846	39
23.7374234502867	-6.39826004721663	39
23.7383642516095	-6.38698967993386	39
23.7390924569629	-6.37570358216799	39
23.7396078076191	-6.36440576381582	39
23.7399101204762	-6.3531002389384	39
23.7399992881242	-6.3417910243349	39
23.739875278882	-6.33048213811541	39
23.7395381368096	-6.31917759827336	39
23.738987981692	-6.30788142125792	39
23.7382250089966	-6.29659762054701	39
23.737249489804	-6.28533020522128	39
23.7360617707116	-6.27408317853975	39
23.7346622737103	-6.26286053651744	39
23.7330514960347	-6.25166626650564	39
23.7312300099864	-6.24050434577516	39
23.7291984627308	-6.2293787401033	39
23.7269575760669	-6.21829340236477	39
23.7245081461712	-6.2072522711273	39
23.7218510433142	-6.19625926925223	39
23.7189872115522	-6.18531830250079	39
23.7159176683908	-6.17443325814636	39
23.7126435044241	-6.16360800359338	39
23.709165882947	-6.15284638500325	39
23.7054860395418	-6.14215222592779	39
23.7016052816395	-6.13152932595083	39
23.6975249880547	-6.12098145933812	39
23.6932466084964	-6.11051237369646	39
23.6887716630524	-6.10012578864213	39
23.6841017416496	-6.08982539447933	39
23.6792385034887	-6.07961485088907	39
23.6741836764553	-6.06949778562886	39
23.6689390565051	-6.05947779324382	39
23.6635065070268	-6.04955843378954	39
23.6578879581793	-6.03974323156718	39
23.6520854062063	-6.03003567387138	39
23.6461009127267	-6.02043920975114	39
23.6399366040028	-6.01095724878449	39
23.6335946701839	-6.001593159867	39
23.6276620874767	-5.99315270691844	39
23.6215717943601	-5.98456959672966	39
23.6139567805838	-5.97383768477033	39
23.6071422687137	-5.96423393212411	39
23.5981909122792	-5.95161871285158	39
23.5908403079319	-5.94125945324295	39
23.5822408620003	-5.92914019997638	39
23.5722674776565	-5.91508465701364	39
23.5607932240761	-5.89891394457392	39
23.5544532955994	-5.88997906348439	39
23.5476901151791	-5.88044769671481	39
23.540487647434	-5.87029724638151	39
23.5328298883717	-5.85950515891337	39
23.5247008897249	-5.84804895935122	39
23.5160847832869	-5.83590628564721	39
23.5069658052468	-5.82305492296428	39
23.4973283205259	-5.80947283797552	39
23.4871568471129	-5.79513821316358	39
23.4764360803996	-5.7800294811201	39
23.4651509175167	-5.76412535884512	39
23.4532864816692	-5.74740488204646	39
23.4408281464726	-5.72984743943915	39
23.4277615602878	-5.71143280704484	39
23.4140726705574	-5.69214118249117	39
23.3997477481413	-5.67195321931126	39
23.3847734116518	-5.65085006124301	39
23.3691366517898	-5.62881337652859	39
23.3528248556806	-5.60582539221382	39
23.3358258312089	-5.58186892844758	39
23.3181278313551	-5.55692743278123	39
23.2997195785305	-5.53098501446796	39
23.2805902889132	-5.50402647876229	39
23.260729696784	-5.47603736121941	39
23.2401280788615	-5.44700396199461	39
23.2187762786381	-5.41691338014268	39
23.1966657307156	-5.38575354791734	39
23.1737884851411	-5.35351326507063	39
23.1501372317421	-5.32018223315229	39
23.1257053244628	-5.28575108980923	39
23.1004868056992	-5.25021144308491	39
23.0744764306353	-5.21355590571872	39
23.0476696915781	-5.17577812944542	39
23.0200628422942	-5.13687283929454	39
22.9916529223308	-5.09683586787082	39
22.9624377787302	-5.05566418595673	39
22.9324160704473	-5.0133559087349	39
22.9015872564155	-4.9699102789568	39
22.8699515814612	-4.92532764708053	39
22.8375100622117	-4.87960945139816	39
22.8042644730025	-4.83275819816317	39
22.7702173317854	-4.78477744171782	39
22.7353718860356	-4.73567176462052	39
22.6997320986598	-4.6854467577733	39
22.6633026339034	-4.63410900054914	39
22.6260888432588	-4.58166604091939	39
22.5880967513721	-4.52812637558119	39
22.5493330419514	-4.47349943008482	39
22.5098050436745	-4.41779553896116	39
22.4695207160959	-4.36102592584901	39
22.4284886355552	-4.30320268362257	39
22.386717981084	-4.24433875451877	39
22.3442185203142	-4.18444791026468	39
22.3010005953851	-4.12354473220497	39
22.2570751088513	-4.0616445914292	39
22.2124535095903	-3.99876362889932	39
22.1671477787102	-3.93491873557698	39
22.1211704154571	-3.870127532551	39
22.0745344231231	-3.80440835116473	39
22.0272532949534	-3.73778021314343	39
21.9793410000544	-3.67026281072173	39
21.9308119693013	-3.60187648677095	39
21.8816810812455	-3.53264221492658	39
21.8319636480221	-3.46258157971557	39
21.7816754012583	-3.39171675668382	39
21.73083247798	-3.32007049252358	39
21.6794514065201	-3.24766608520074	39
21.6275490924262	-3.17452736408237	39
21.5751428043676	-3.10067867006399	39
21.5222501600437	-3.02614483569707	39
21.468889112091	-2.95095116531638	39
21.415077933991	-2.87512341516734	39
21.3608352059781	-2.79868777353352	39
21.3061798009467	-2.72167084086395	39
21.2511308703591	-2.64409960990058	39
21.1957078301533	-2.56600144580561	39
21.1399303466503	-2.48740406628896	39
21.0838183224618	-2.40833552173561	39
21.0273918823982	-2.32882417533302	39
20.9706713593757	-2.24889868319856	39
20.9136772803244	-2.16858797450679	39
20.8564303520955	-2.08792123161705	39
20.7989514473692	-2.00692787020067	39
20.7412615905624	-1.92563751936849	39
20.6833819437362	-1.84408000179817	39
20.6253337925032	-1.76228531386164	39
20.5671385319361	-1.68028360575252	39
20.508817652474	-1.59810516161345	39
20.4503927258313	-1.51578037966354	39
20.3918853909045	-1.43333975232572	39
20.3333173396802	-1.35081384635419	39
20.2747103031426	-1.2682332829618	39
20.2160860371811	-1.1856287179474	39
20.1574663084986	-1.10303082182483	39
20.0988728805281	-1.02047025997308	39
20.0403274993629	-0.937977672823216	39
19.981851879691	-0.855583656054575	39
19.9234676907298	-0.773318740791364	39
19.8651965421595	-0.691213373799055	39
19.8070599700583	-0.609297897680913	39
19.7490794228362	-0.527602531074513	39
19.6912762471694	-0.446157348848184	39
19.6336716739347	-0.364992262297529	39
19.5762868041435	-0.284136999341875	39
19.5191425948766	-0.203621084720785	39
19.4622598452181	-0.123473820190589	39
19.4056591821897	-0.0437242647207778	39
19.3493610466853	0.0355987853094026	39
19.293385679405	0.114466815914562	39
19.2377531067894	0.192851615306577	39
19.1824831269543	0.270725293698209	39
19.1275952956244	0.348060303106521	39
19.0731089120681	0.424829457156425	39
19.0190430050315	0.501005950884234	39
18.9654163186729	0.576563380541088	39
18.9122472984968	0.651475763396561	39
18.8595540772886	0.725717557542073	39
18.8073544610486	0.799263681694489	39
18.7556659149264	0.872089534999595	39
18.7045055491552	0.94417101683557	39
18.653890104986	1.01548454661658	39
18.6038359406222	1.08600708359619	39
18.5543590171534	1.15571614667098	39
18.5054748844903	1.22458983418398	39
18.4571986672984	1.2926068437282	39
18.4095450509327	1.35974649195017	39
18.3625282673719	1.4259887343534	39
18.3161620811526	1.49131418510195	39
18.2704597753037	1.55570413682388	39
18.2254341372808	1.61914058041481	39
18.1810974449002	1.68160622484141	39
18.1374614522734	1.74308451694491	39
18.0945373757414	1.80355966124461	39
18.0523358798091	1.86301663974141	39
18.0108670630791	1.9214412317213	39
17.9701404441867	1.97882003355888	39
17.9301649477338	2.03514047852087	39
17.8909488902231	2.09039085656961	39
17.8524999659927	2.14456033416659	39
17.8148252331503	2.19763897407597	39
17.7779310995072	2.24961775516806	39
17.7418233085132	2.30048859222283	39
17.7065069251903	2.35024435573345	39
17.6719863220673	2.39887889170979	39
17.638265165114	2.44638704148193	39
17.6053463996758	2.49276466150367	39
17.5732322364074	2.53800864315604	39
17.5419241372077	2.5821169325508	39
17.5114228011536	2.62508855033399	39
17.4817281504347	2.66692361148939	39
17.4528393162876	2.70762334514207	39
17.4247546251077	2.74719011411101	39
17.397471591195	2.78562742512059	39
17.3709869303636	2.82293990962556	39
17.3452965836955	2.85913329034956	39
17.3203957418347	2.89421434706389	39
17.2962788692795	2.92819088236607	39
17.2729397286768	2.96107168745862	39
17.250371405115	2.99286650792764	39
17.2285663304176	3.02358600952153	39
17.2075163074366	3.05324174392968	39
17.1872125343454	3.08184611456107	39
17.167645628933	3.10941234232303	39
17.1488056528968	3.13595443139982	39
17.1306821361359	3.16148713503141	39
17.1132641010452	3.18602592129205	39
17.0965400868078	3.20958693886899	39
17.0804981736894	3.23218698284115	39
17.0651260073306	3.25384346045778	39
17.0504108230413	3.27457435691715	39
17.0363394700935	3.29439820114518	39
17.0228984360148	3.3133340315742	39
17.0100738708817	3.3314013619215	39
16.9978516116133	3.34862014696809	39
16.9862172062644	3.36501074833737	39
16.9751559383188	3.38059390027374	39
16.9646528509831	3.39539067542132	39
16.9546927714795	3.40942245060263	39
16.9452603353399	3.42271087259722	39
16.9363400106985	3.43527782392038	39
16.9279161225858	3.44714538860179	39
16.9199728772217	3.4583358179642	39
16.9124943863089	3.4688714964021	39
16.9054646913265	3.47877490716038	39
16.8988677878229	3.48806859811304	39
16.8926876497097	3.4967751475418	39
16.881513602876	3.51251708166542	39
16.871814832526	3.52618064352975	39
16.863464828945	3.53794406349237	39
16.8563390683906	3.54798277318742	39
16.8503157904815	3.55646831044308	39
16.8430905826159	3.56664711016622	39
16.8362506415472	3.57628314544066	39
16.8303494489419	3.58459667990253	39
16.824488284118	3.59285382340573	39
16.8183025885637	3.60156813622201	39
16.8123048075731	3.61001601625538	39
16.8058436024675	3.61910986980862	39
16.7988539247853	3.62893564669482	39
16.7920311388117	3.63851285921994	39
16.7861070034856	3.64681668786125	39
16.7794250220444	3.6561691091436	39
16.7719239074576	3.66665061485857	39
16.7635408700234	3.67834272320578	39
16.7574305980791	3.6868506096345	39
16.7508805716911	3.69595756355272	39
16.7438712675588	3.70568810621796	39
16.7363829657613	3.71606675901031	39
16.7283957697985	3.72711800290751	39
16.7198896266318	3.73886623795998	39
16.7108443467248	3.75133574276589	39
16.701239624084	3.76455063394623	39
16.6910550562999	3.77853482561985	39
16.6802701645871	3.79331198887855	39
16.668864413826	3.80890551126213	39
16.6629222886051	3.81701562822525	39
16.6568172326026	3.82533845623343	39
16.6505466720085	3.83387682093389	39
16.6441080332499	3.84263352265342	39
16.6374987436168	3.85161133513196	39
16.6307162318885	3.86081300425623	39
16.6237579289598	3.87024124679332	39
16.6166212684673	3.87989874912426	39
16.6093036874158	3.88978816597763	39
16.6018026268044	3.89991211916318	39
16.5941155322527	3.91027319630537	39
16.5862398546275	3.92087394957703	39
16.5781730506686	3.9317168944329	39
16.5699125836153	3.94280450834327	39
16.5614559238325	3.95413922952755	39
16.5528005494375	3.96572345568785	39
16.5439439469254	3.97755954274263	39
16.5348836117963	3.98964980356025	39
16.5256170491807	4.00199650669257	39
16.5161417744666	4.01460187510856	39
16.5064553139251	4.02746808492789	39
16.4965552053372	4.04059726415453	39
16.4864389986195	4.05399149141033	39
16.4761042564511	4.06765279466864	39
16.4655485548994	4.08158314998787	39
16.4547694840467	4.09578448024515	39
16.4437646486161	4.11025865386982	39
16.4325316685983	4.12500748357716	39
16.4210681798773	4.14003272510186	39
16.409371834857	4.15533607593169	39
16.3974403030876	4.17091917404109	39
16.3852712718914	4.18678359662472	39
16.3728624469897	4.20293085883113	39
16.3602115531284	4.21936241249627	39
16.3473163347048	4.23607964487715	39
16.3341745563938	4.25308387738542	39
16.3207840037738	4.27037636432095	39
16.3071424839533	4.28795829160543	39
16.2932478261973	4.30583077551599	39
16.2790978825533	4.32399486141876	39
16.2646905284774	4.34245152250249	39
16.2500236634612	4.36120165851213	39
16.2350952116575	4.38024609448245	39
16.2199031225068	4.3995855794716	39
16.2044453713637	4.41922078529475	39
16.1887199601227	4.43915230525763	39
16.1727249178452	4.45938065289019	39
16.156458301385	4.47990626068013	39
16.1399181960153	4.50072947880655	39
16.1231027160543	4.52185057387351	39
16.1060100054921	4.54326972764365	39
16.0886382386163	4.56498703577177	39
16.0709856206391	4.58700250653842	39
16.0530503883227	4.60931605958353	39
16.0348308106062	4.63192752463997	39
16.0163251892317	4.65483664026714	39
15.9975318593704	4.6780430525846	39
15.9784491902492	4.70154631400566	39
15.9590755857765	4.72534588197095	39
15.939409485169	4.74944111768201	39
15.9194493635777	4.77383128483494	39
15.8991937327142	4.79851554835395	39
15.8786411414768	4.82349297312496	39
15.8577901765774	4.84876252272921	39
15.8366394631668	4.87432305817685	39
15.8151876654618	4.90017333664051	39
15.7934334873711	4.92631201018895	39
15.7713756731218	4.95273762452062	39
15.7490130078853	4.97944861769725	39
15.726344318404	5.00644331887745	39
15.7033684736172	5.03371994705033	39
15.6800843852876	5.06127660976907	39
15.6564910086276	5.08911130188452	39
15.6325873429255	5.11722190427881	39
15.6083724321716	5.14560618259892	39
15.5838453656848	5.1742617859903	39
15.5590052787386	5.20318624583045	39
15.5338513531877	5.23237697446253	39
15.5083828180934	5.26183126393055	39
15.4825989502834	5.29154628495892	39
15.456499074509	5.32151908741447	39
15.4300825632483	5.35174660207047	39
15.403348836468	5.38222564252675	39
15.3762973613843	5.41295290713009	39
15.3489276522242	5.44392498089472	39
15.3212392699868	5.47513833742279	39
15.2932318222041	5.50658934082477	39
15.2649049627027	5.53827424764	39
15.2362583913648	5.57018920875706	39
15.2072918538891	5.60233027133424	39
15.1780051415526	5.63469338072006	39
15.1483980909712	5.66727438237365	39
15.1184705838614	5.70006902378528	39
15.0882225468009	5.73307295639675	39
15.0576539509906	5.76628173752189	39
15.0267648120149	5.799690832267	39
14.9955551896037	5.83329561545133	39
14.9640251873931	5.8670913735275	39
14.9321749526867	5.901073306502	39
14.900004676217	5.93523652985559	39
14.8675145919061	5.96957607646383	39
14.8347049766276	6.00408689851749	39
14.8015761499672	6.03876386944302	39
14.7681284739843	6.07360178582299	39
14.7343623529729	6.10859536931659	39
14.7002782332228	6.14373926858004	39
14.6658766027812	6.17902806118707	39
14.6311579912134	6.21445625554939	39
14.5961229693642	6.25001829283714	39
14.5607721491193	6.28570854889931	39
14.5251061831662	6.32152133618425	39
14.4891257647554	6.3574509056601	39
14.4528316274617	6.39349144873527	39
14.4162245449456	6.42963709917887	39
14.3793053307142	6.46588193504116	39
14.3420748378823	6.50221998057406	39
14.304533958934	6.53864520815156	39
14.2666836254835	6.57515154019019	39
14.2285248080368	6.61173285106949	39
14.1900585157522	6.64838296905242	39
14.1512857962021	6.6850956782059	39
14.1122077351339	6.7218647203212	39
14.0728254562312	6.75868379683443	39
14.0331401208751	6.79554657074698	39
13.9931529279056	6.83244666854599	39
13.9528651133821	6.86937768212478	39
13.9122779503454	6.90633317070336	39
13.8713927485785	6.94330666274884	39
13.8302108543676	6.98029165789592	39
13.788733650264	7.01728162886731	39
13.7469625548443	7.05427002339422	39
13.7048990224726	7.09125026613682	39
13.662544543061	7.12821576060467	39
13.6199006418311	7.16515989107719	39
13.576968879075	7.20207602452414	39
13.5337508499168	7.23895751252603	39
13.4902481840735	7.27579769319463	39
13.4464625456164	7.31258989309339	39
13.4023956327323	7.34932742915792	39
13.3580491774843	7.38600361061641	39
13.3134249455736	7.42261174091015	39
13.2685247361003	7.45914511961394	39
13.2233503813247	7.49559704435657	39
13.1779037464285	7.53196081274123	39
13.1321867292761	7.56822972426606	39
13.0862012601755	7.60439708224451	39
13.0399493016398	7.64045619572586	39
12.9934328481483	7.67640038141565	39
12.9466539259076	7.71222296559616	39
12.8996145926131	7.74791728604685	39
12.8523169372097	7.7834766939648	39
12.8047630796535	7.81889455588522	39
12.7569551706725	7.85416425560184	39
12.7088953915284	7.88927919608743	39
12.6605859537772	7.92423280141423	39
12.6120290990309	7.9590185186744	39
12.5632270987181	7.99362981990049	39
12.514182253846	8.02806020398588	39
12.4648968947608	8.06230319860528	39
12.4153733809095	8.09635236213514	39
12.3656141006006	8.13020128557412	39
12.3156214707657	8.16384359446356	39
12.2653979367206	8.19727295080796	39
12.2149459719263	8.23048305499535	39
12.1642680777504	8.26346764771786	39
12.1133667832281	8.29622051189209	39
12.0622446448239	8.32873547457963	39
12.0109042461919	8.36100640890746	39
11.959348197938	8.39302723598846	39
11.9075791373803	8.42479192684183	39
11.8555997283107	8.45629450431357	39
11.8034126607562	8.48752904499693	39
11.7510206507396	8.51848968115286	39
11.6984264400412	8.54917060263047	39
11.6456327959597	8.57956605878751	39
11.5926425110737	8.6096703604108	39
11.5394584030024	8.63947788163669	39
11.4860833141674	8.66898306187153	39
11.4325201115533	8.69818040771213	39
11.3787716864694	8.7270644948662	39
11.3248409543107	8.75562997007281	39
11.2707308543188	8.78387155302288	39
11.2164443493437	8.81178403827959	39
11.1619844256045	8.83936229719887	39
11.1073540924509	8.86660127984984	39
11.0525563821241	8.89349601693528	39
10.9975943495183	8.92004162171209	39
10.9424710719417	8.94623329191171	39
10.8871896488778	8.97206631166066	39
10.8317532017465	8.9975360534009	39
10.7761648736654	9.02263797981035	39
10.7204278292109	9.04736764572332	39
10.6645452541796	9.071720700051	39
10.6085203553492	9.09569288770186	39
10.5523563602397	9.11928005150219	39
10.4960565168751	9.14247813411647	39
10.439624093544	9.16528317996788	39
10.3830623785611	9.18769133715875	39
10.3263746800282	9.20969885939102	39
10.2695643255957	9.23130210788668	39
10.2126346622235	9.25249755330822	39
10.1555890559425	9.27328177767915	39
10.0984308916153	9.29365147630438	39
10.041163572698	9.31360345969072	39
9.98379052100108	9.33313465546733	39
9.92631517645045	9.35224211030617	39
9.86874099684896	9.37092299184247	39
9.81107145763744	9.38917459059518	39
9.7533100516559	9.40699432188742	39
9.69546028890474	9.42437972776697	39
9.63752569630599	9.44132847892667	39
9.57950981746443	9.45783837662494	39
9.52141621242883	9.47390735460618	39
9.46324845745316	9.48953348102129	39
9.40501014475776	9.50471496034808	39
9.34670488229053	9.51945013531172	39
9.28833629348816	9.53373748880525	39
9.2299080170373	9.54757564581	39
9.17142370663579	9.56096337531604	39
9.1128870307538	9.57389959224265	39
9.05430167239079	9.58638335931189	39
8.99567132874727	9.59841388799108	39
8.93699971071506	9.60999053745	39
8.87829054230765	9.6211128128628	39
8.81954756008883	9.63178036369122	39
8.76077451260132	9.64199298196769	39
8.70197515979541	9.65175060057861	39
8.6431532724576	9.66105329154746	39
8.58431263163926	9.66990126431801	39
8.52545702808518	9.67829486403746	39
8.46659026166231	9.68623456983965	39
8.40771614078834	9.69372099312825	39
8.34883848186034	9.70075487585989	39
8.28996110868342	9.70733708882737	39
8.2310878518993	9.71346862994285	39
8.17222254841505	9.719150622521	39
8.11336904083163	9.72438431356217	39
8.05453117687257	9.72917107203561	39
7.99571280881263	9.73351238716262	39
7.93691779290635	9.73740986669974	39
7.87814998881679	9.74086523522187	39
7.81941325904409	9.74388033240555	39
7.76071146835415	9.74645711131209	39
7.70204848320723	9.74859763667068	39
7.64342817118662	9.75030408316168	39
7.58485440042724	9.75157873369975	39
7.52633103904432	9.752423977717	39
7.46786195456198	9.7528423094462	39
7.40945101334192	9.75283632620397	39
7.35110208001204	9.7524087266739	39
7.29281901689503	9.75156230918981	39
7.23460568343708	9.75029997001886	39
7.17646593563646	9.74862470164474	39
7.11840362547218	9.74653959105088	39
7.06042260033263	9.74404781800362	39
7.00252670244418	9.74115265333533	39
6.94471976829986	9.73785745722767	39
6.88700562808799	9.73416567749471	39
6.82938810512077	9.73008084786615	39
6.77187101526298	9.72560658627046	39
6.71445816636056	9.72074659311806	39
6.6571533576693	9.71550464958454	39
6.5999603792834	9.70988461589379	39
6.5428830115642	9.7038904296012	39
6.48592502456873	9.69752610387684	39
6.42909017747842	9.69079572578863	39
6.37238221802765	9.68370345458552	39
6.31580488193248	9.67625351998066	39
6.2593618923192	9.66845022043458	39
6.20305695915305	9.6602979214384	39
6.14689377866677	9.65180105379696	39
6.09087603278929	9.642964111912	39
6.03500738857437	9.63379165206542	39
5.9792914976292	9.62428829070232	39
5.92373199554305	9.61445870271429	39
5.86833250131593	9.60430761972255	39
5.81309661678717	9.59383982836111	39
5.75802792606414	9.58306016855999	39
5.70312999495079	9.57197353182833	39
5.64840637037635	9.56058485953766	39
5.59386057982397	9.54889914120501	39
5.53949613075928	9.53692141277607	39
5.48531651005914	9.52465675490846	39
5.43132518344018	9.51211029125482	39
5.37752559488747	9.49928718674601	39
5.32392116608317	9.48619264587433	39
5.27051529583514	9.47283191097663	39
5.21731135950559	9.45921026051753	39
5.16431270843972	9.44533300737261	39
5.11152266939435	9.43120549711156	39
5.05894454396653	9.41683310628133	39
5.00658160802224	9.40222124068939	39
4.95443711112495	9.38737533368684	39
4.90251427596432	9.37230084445162	39
4.85081629778478	9.35700325627164	39
4.79934634381422	9.34148807482804	39
4.74810755269257	9.32576082647829	39
4.69710303390048	9.30982705653942	39
4.64633586718795	9.29369232757115	39
4.59580910200294	9.27736221765913	39
4.54552575692002	9.26084231869806	39
4.49548881906902	9.24413823467488	39
4.44570124356364	9.22725557995199	39
4.3961659529301	9.21019997755037	39
4.34688583653579	9.19297705743278	39
4.29786375001786	9.17559245478697	39
4.24910251471191	9.1580518083088	39
4.2006049170806	9.14036075848546	39
4.15237370814227	9.12252494587863	39
4.1044116028996	9.10455000940765	39
4.05672127976824	9.08644158463275	39
4.00930538000545	9.06820530203813	39
3.96216650713872	9.04984678531525	39
3.91530722639441	9.0313716496459	39
3.8687300641264	9.01278549998547	39
3.82243750724472	8.99409392934609	39
3.77643200264418	8.97530251707977	39
3.73071595663298	8.95641682716165	39
3.68529173436142	8.93744240647312	39
3.64016165925046	8.91838478308503	39
3.5953280124204	8.89924946454085	39
3.55079303211946	8.88004193613986	39
3.50655891315252	8.86076765922031	39
3.46262780630964	8.84143206944263	39
3.41900181779477	8.82204057507258	39
3.37568300865435	8.80259855526442	39
3.33267339420599	8.78311135834412	39
3.28997494346703	8.76358430009252	39
3.24758957858325	8.74402266202851	39
3.20551917425746	8.7244316896922	39
3.16376555717817	8.70481659092809	39
3.12233050544819	8.6851825341683	39
3.08121574801328	8.66553464671567	39
3.04042296409081	8.645878013027	39
2.99995378259835	8.62621767299621	39
2.95980978158235	8.60655862023748	39
2.91999248764674	8.58690580036851	39
2.88050337538158	8.56726410929359	39
2.84134386679172	8.54763839148689	39
2.80251533072538	8.52803343827555	39
2.76401908230284	8.50845398612291	39
2.72585638234505	8.48890471491164	39
2.68802843680225	8.46939024622699	39
2.65053639618267	8.44991514163989	39
2.61338135498107	8.43048390099018	39
2.57656435110746	8.41110096066975	39
2.54008636531568	8.39177069190576	39
2.50394832063208	8.37249739904379	39
2.46815108178412	8.35328531783102	39
2.43269545462902	8.33413861369941	39
2.39758218558239	8.31506138004887	39
2.36281196104689	8.29605763653047	39
2.32838540684082	8.27713132732956	39
2.29430308762679	8.25828631944902	39
2.26056550634037	8.23952640099238	39
2.22717310361867	8.220855279447	39
2.19412625722903	8.20227657996731	39
2.16142528149763	8.18379384365788	39
2.12907042673812	8.16541052585672	39
2.09706187868027	8.14712999441838	39
2.06539975789862	8.12895552799712	39
2.03408411924204	8.110890314332	39
2.00311495137934	8.09293744875642	39
1.97249217698916	8.07509993395476	39
1.94221565347465	8.05738068073497	39
1.91228517373542	8.03978250891182	39
1.8827004669395	8.02230814819027	39
1.85346119929527	8.00496023904887	39
1.8245669748235	7.98774133362317	39
1.7960173361293	7.97065389658911	39
1.76781176517409	7.95370030604639	39
1.7399496840476	7.93688285440194	39
1.71243045573984	7.92020374925322	39
1.68525338491304	7.90366511427169	39
1.6584177186737	7.88726899008619	39
1.63192264734452	7.87101733516631	39
1.60576730523637	7.85491202670582	39
1.5799507714203	7.83895486150606	39
1.55447207049951	7.8231475568593	39
1.52933017338129	7.80749175143223	39
1.50452399804907	7.79198900614923	39
1.48005241033432	7.77664080507586	39
1.45591422468858	7.76144855630224	39
1.43210820495542	7.74641359282641	39
1.40863306514243	7.73153717343778	39
1.38548747019316	7.71682048360049	39
1.36267003675916	7.7022646363368	39
1.34017933397189	7.68787067311053	39
1.31801388421475	7.67363956471042	39
1.29617216389505	7.65957221213353	39
1.27465260421593	7.64566944746868	39
1.25345359194845	7.63193203477975	39
1.23257347020344	7.61836067098921	39
1.21201053920359	7.60495598676139	39
1.19176305705533	7.59171854738596	39
1.1718292405209	7.57864885366129	39
1.15220726579026	7.56574734277788	39
1.1328952692531	7.5530143892017	39
1.11389134827079	7.54045030555765	39
1.0951935619484	7.52805534351291	39
1.07679993190665	7.51582969466036	39
1.05870844305388	7.50377349140197	39
1.04091704435805	7.49188680783221	39
1.0234236496187	7.48016966062143	39
1.00622613823895	7.46862200989927	39
0.989322355997465	7.45724376013802	39
0.972710115820405	7.44603476103609	39
0.956387198553455	7.43499480840133	39
0.940351353733767	7.42412364503449	39
0.924600300361949	7.41342096161256	39
0.909131727674043	7.40288639757222	39
0.893943295913501	7.39251954199318	39
0.879032637103163	7.38231993448166	39
0.864397355817236	7.37228706605369	39
0.850035029953269	7.36242038001857	39
0.835943211504135	7.35271927286225	39
0.822119427330005	7.34318309513073	39
0.808561179930331	7.33381115231344	39
0.795265948215814	7.32460270572668	39
0.782231188280393	7.31555697339697	39
0.769454334173217	7.30667313094445	39
0.756932798670623	7.29795031246632	39
0.744663974048114	7.28938761142019	39
0.732645232852339	7.28098408150751	39
0.720873928673066	7.27273873755694	39
0.709347396915167	7.26465055640778	39
0.698062955570589	7.25671847779332	39
0.687017905990336	7.24894140522429	39
0.676209533656444	7.24131820687221	39
0.665635108953961	7.23384771645282	39
0.655291887942925	7.22652873410947	39
0.645177113130338	7.2193600272965	39
0.63528801424215	7.21234033166265	39
0.625621808995232	7.20546835193447	39
0.616175703869353	7.19874276279968	39
0.606946894879165	7.19216220979062	39
0.597932568346172	7.1857253101676	39
0.589129901670712	7.1794306538023	39
0.580536064103937	7.17327680406121	39
0.572148217519786	7.16726229868898	39
0.563963517186966	7.16138565069185	39
0.548192147955848	7.15003986045603	39
0.533199095790739	7.13922707620419	39
0.51896144379465	7.12893460150937	39
0.505456243496733	7.11914942893593	39
0.492660539555579	7.10985826830824	39
0.4805513944625	7.10104757497941	39
0.469105913244827	7.09270357809996	39
0.458301268169191	7.08481230888655	39
0.448114723444822	7.07735962889067	39
0.438523659926831	7.07033125826736	39
0.429505599819508	7.06371280404389	39
0.421038231379605	7.05748978838849	39
0.409321394175126	7.04886490965493	39
0.398720168188011	7.0410479152699	39
0.389162108459596	7.03398973317855	39
0.380576235973852	7.02764157727868	39
0.370521137017016	7.02019849710848	39
0.361912188673459	7.01381954980967	39
0.352952961071244	7.00717629912833	39
0.344475805076028	7.00088778566775	39
0.336307342573138	6.99482746691649	39
0.328155182088969	6.98877920367805	39
