1.20515765865591	-15.2213527535673	44.5
1.1921002262679	-15.2194548620137	44.5
1.17906126073989	-15.2174339931718	44.5
1.16604192026819	-15.2152903265469	44.5
1.1530433613059	-15.2130240525518	44.5
1.14006673846019	-15.2106353724902	44.5
1.12711320438973	-15.2081244985383	44.5
1.11418390970232	-15.2054916537266	44.5
1.10128000285266	-15.2027370719195	44.5
1.08840263004038	-15.1998609977948	44.5
1.07555293510818	-15.1968636868223	44.5
1.06273205944027	-15.1937454052402	44.5
1.04994114186096	-15.1905064300325	44.5
1.03718131853351	-15.1871470489037	44.5
1.0244537228592	-15.1836675602533	44.5
1.01175948537667	-15.1800682731498	44.5
0.999099733661496	-15.1763495073025	44.5
0.986475592226023	-15.1725115930338	44.5
0.973888182419488	-15.1685548712494	44.5
0.961338622328412	-15.1644796934082	44.5
0.948828026677284	-15.1602864214911	44.5
0.93635750672955	-15.1559754279687	44.5
0.923928170188894	-15.1515470957685	44.5
0.911541121100857	-15.1470018182404	44.5
0.899197459754763	-15.1423399991223	44.5
0.886898282585984	-15.137562052504	44.5
0.874644682078551	-15.1326684027902	44.5
0.862437746668113	-15.1276594846633	44.5
0.850278560645255	-15.1225357430443	44.5
0.838168204059185	-15.1172976330535	44.5
0.826107752621798	-15.1119456199703	44.5
0.814098277612126	-15.1064801791913	44.5
0.802140845781179	-15.1009017961886	44.5
0.790236519257192	-15.0952109664664	44.5
0.778386355451278	-15.0894081955171	44.5
0.766591406963504	-15.0834939987764	44.5
0.754852721489397	-15.0774689015775	44.5
0.743171341726873	-15.0713334391042	44.5
0.731548305283626	-15.065088156344	44.5
0.719984644584959	-15.0587336080388	44.5
0.708481386782077	-15.0522703586364	44.5
0.69703955366085	-15.0456989822401	44.5
0.685660161551056	-15.0390200625573	44.5
0.674344221236097	-15.0322341928485	44.5
0.663092737863223	-15.0253419758738	44.5
0.651906710854243	-15.0183440238397	44.5
0.640787133816756	-15.0112409583449	44.5
0.629734994455888	-15.0040334103246	44.5
0.618751274486562	-14.996722019995	44.5
0.607836949546295	-14.989307436796	44.5
0.596992989108535	-14.9817903193337	44.5
0.58622035639655	-14.9741713353221	44.5
0.575520008297866	-14.9664511615233	44.5
0.56489289527927	-14.9586304836878	44.5
0.554339961302389	-14.9507099964934	44.5
0.543862143739837	-14.9426904034836	44.5
0.533460373291951	-14.934572417005	44.5
0.52313557390413	-14.9263567581442	44.5
0.512888662684753	-14.9180441566634	44.5
0.502720549823722	-14.9096353509359	44.5
0.492632138511617	-14.9011310878806	44.5
0.48262432485946	-14.8925321228951	44.5
0.472697997819128	-14.8838392197894	44.5
0.462854039104383	-14.8750531507174	44.5
0.453093323112557	-14.8661746961084	44.5
0.443416716846881	-14.8572046445982	44.5
0.433825079839476	-14.8481437929586	44.5
0.424319264074999	-14.8389929460268	44.5
0.414900113914972	-14.829752916634	44.5
0.405568466022772	-14.820424525533	44.5
0.396325149289324	-14.8110086013255	44.5
0.387170984759465	-14.8015059803883	44.5
0.378106785559018	-14.791917506799	44.5
0.369133356822567	-14.7822440322615	44.5
0.360251495621938	-14.7724864160296	44.5
0.351461990895397	-14.7626455248312	44.5
0.342765623377577	-14.7527222327911	44.5
0.334163165530124	-14.7427174213536	44.5
0.325655381473085	-14.7326319792039	44.5
0.317243026917031	-14.7224668021892	44.5
0.308926849095936	-14.7122227932394	44.5
0.300707586700799	-14.7019008622865	44.5
0.29258596981403	-14.6915019261841	44.5
0.284562719844602	-14.6810269086259	44.5
0.276638549463967	-14.6704767400635	44.5
0.268814162542757	-14.6598523576238	44.5
0.261090254088261	-14.649154705026	44.5
0.253467510182687	-14.6383847324974	44.5
0.245946607922224	-14.6275433966892	44.5
0.238528215356898	-14.6166316605916	44.5
0.231212991431231	-14.6056504934481	44.5
0.224001585925709	-14.5946008706694	44.5
0.216894639399065	-14.5834837737469	44.5
0.209892783131384	-14.5723001901655	44.5
0.202996639068025	-14.5610511133156	44.5
0.196206819764377	-14.5497375424054	44.5
0.189523928331451	-14.5383604823716	44.5
0.182948558382305	-14.5269209437905	44.5
0.176481293979317	-14.515419942788	44.5
0.170122709582305	-14.5038585009496	44.5
0.163873369997502	-14.4922376452294	44.5
0.157733830327385	-14.4805584078589	44.5
0.151704635921365	-14.4688218262556	44.5
0.145786322327352	-14.4570289429305	44.5
0.13997941524418	-14.4451808053957	44.5
0.13428443047491	-14.4332784660712	44.5
0.128701873881021	-14.4213229821917	44.5
0.123232241337467	-14.4093154157124	44.5
0.117876018688636	-14.3972568332147	44.5
0.112633681705195	-14.3851483058117	44.5
0.107505696041827	-14.3729909090528	44.5
0.102492517195868	-14.3607857228283	44.5
0.0975945904668494	-14.3485338312734	44.5
0.092812350916945	-14.3362363226719	44.5
0.0881462233323225	-14.3238942893596	44.5
0.0835966221854134	-14.3115088276274	44.5
0.0791639515980986	-14.2990810376235	44.5
0.0748486053058095	-14.2866120232561	44.5
0.0706509666225552	-14.2741028920952	44.5
0.0665714084068756	-14.261554755274	44.5
0.0626102930287189	-14.2489687273908	44.5
0.0587679723372567	-14.2363459264092	44.5
0.0550447876296305	-14.2236874735594	44.5
0.0514410696206324	-14.2109944932385	44.5
0.0479571384133337	-14.1982681129102	44.5
0.0445933034706494	-14.1855094630053	44.5
0.0413498635878478	-14.1727196768209	44.5
0.0382271068660136	-14.1598998904197	44.5
0.0352253106864557	-14.1470512425292	44.5
0.0323447416860667	-14.1341748744407	44.5
0.0295856557336409	-14.1212719299076	44.5
0.0269482979071465	-14.1083435550441	44.5
0.0244329024719545	-14.0953908982232	44.5
0.0220396928600322	-14.0824151099746	44.5
0.0197688816500947	-14.0694173428831	44.5
0.0176206705487241	-14.0563987514854	44.5
0.0155952503724512	-14.0433604921681	44.5
0.0136928010308077	-14.0303037230647	44.5
0.0119134915103438	-14.017229603953	44.5
0.0102574798596196	-14.0041392961518	44.5
0.00872491317516499	-13.991033962418	44.5
0.00731592758841448	-13.9779147668431	44.5
0.00603064825361477	-13.9647828747498	44.5
0.00486918933670766	-13.9516394525889	44.5
0.00383165400519014	-13.9384856678349	44.5
0.00291813441894928	-13.9253226888833	44.5
0.00212871172207718	-13.9121516849457	44.5
0.00146345603566189	-13.8989738259471	44.5
0.000922426451560376	-13.8857902824209	44.5
0.000505671027148269	-13.8726022254059	44.5
0.000213226781052178	-13.8594108263413	44.5
4.51196898612061e-05	-13.8462172569637	44.5
1.36468581879434e-06	-13.833022689202	44.5
8.19656554977843e-05	-13.8198282950742	44.5
0.000286915439454027	-13.8066352465826	44.5
0.000616195832862321	-13.79344471561	44.5
0.00106977758713445	-13.7802578738156	44.5
0.00164762041251598	-13.7670758925311	44.5
0.00234967298166655	-13.7538999426562	44.5
0.00317587293421751	-13.7407311945549	44.5
0.00412614688231172	-13.7275708179516	44.5
0.00520041041712238	-13.714419981827	44.5
0.0063985681163512	-13.7012798543145	44.5
0.0077205135527032	-13.6881516025962	44.5
0.00916612930334137	-13.6750363927992	44.5
0.0107352869603157	-13.6619353898924	44.5
0.0124278471419703	-13.6488497575826	44.5
0.0142436595053232	-13.6357806582113	44.5
0.0161825627594212	-13.6227292526514	44.5
0.0182443846796663	-13.6096967002043	44.5
0.0204289421231139	-13.5966841584967	44.5
0.0227360410447399	-13.5836927833777	44.5
0.0251654765146794	-13.5707237288164	44.5
0.027717032736426	-13.5577781467992	44.5
0.0303904830660027	-13.5448571872275	44.5
0.0331855900320932	-13.5319619978158	44.5
0.0361021053571353	-13.5190937239892	44.5
0.0391397699793739	-13.5062535087823	44.5
0.0422983140758735	-13.4934424927372	44.5
0.0455774570864844	-13.4806618138025	44.5
0.0489769077387636	-13.4679126072319	44.5
0.0524963640738492	-13.4551960054837	44.5
0.0561355134732786	-13.44251313812	44.5
0.0598940326867607	-13.4298651317064	44.5
0.0637715878608871	-13.417253109712	44.5
0.0677678345687862	-13.4046781924094	44.5
0.0718824178407191	-13.3921414967756	44.5
0.0761149721956089	-13.3796441363923	44.5
0.0804651216735039	-13.3671872213474	44.5
0.0849324798689752	-13.354771858136	44.5
0.0895166499654372	-13.3423991495625	44.5
0.0942172247703952	-13.3300701946425	44.5
0.0990337867516162	-13.317786088505	44.5
0.103965908074216	-13.3055479222953	44.5
0.109013150638659	-13.2933567830782	44.5
0.114175066119678	-13.281213753741	44.5
0.119451196006093	-13.2691199128979	44.5
0.12484107164154	-13.2570763347937	44.5
0.130344214266102	-13.2450840892087	44.5
0.135960135058829	-13.2331442413635	44.5
0.141688335181166	-13.2212578518244	44.5
0.147528305821256	-13.2094259764093	44.5
0.153479528239141	-13.1976496660937	44.5
0.159541473812834	-13.1859299669175	44.5
0.165713604085278	-13.1742679198924	44.5
0.171995370812176	-13.1626645609087	44.5
0.178386216010683	-13.1511209206438	44.5
0.184885572008979	-13.1396380244706	44.5
0.191492861496682	-13.1282168923663	44.5
0.198207497576137	-13.116858538822	44.5
0.205028883814541	-13.1055639727523	44.5
0.211956414296929	-13.0943341974058	44.5
0.218989473679986	-13.0831702102762	44.5
0.226127437246711	-13.0720730030132	44.5
0.23336967096191	-13.0610435613351	44.5
0.240715531528507	-13.0500828649406	44.5
0.248164366444694	-13.0391918874221	44.5
0.255715514061882	-13.0283715961792	44.5
0.263368303643479	-13.0176229523329	44.5
0.271122055424464	-13.0069469106396	44.5
0.278976080671773	-12.9963444194073	44.5
0.286929681745469	-12.9858164204105	44.5
0.294982152160717	-12.9753638488069	44.5
0.303132776650534	-12.9649876330544	44.5
0.311380831229325	-12.9546886948284	44.5
0.319725583257192	-12.9444679489403	44.5
0.328166291505009	-12.9343263032557	44.5
0.336702206220264	-12.9242646586142	44.5
0.345332569193658	-12.9142839087494	44.5
0.354056613826449	-12.9043849402091	44.5
0.36287356519855	-12.8945686322769	44.5
0.371782640137358	-12.8848358568942	44.5
0.380783047287326	-12.8751874785822	44.5
0.389873987180249	-12.8656243543657	44.5
0.399054652306279	-12.8561473336967	44.5
0.408324227185659	-12.846757258379	44.5
0.417681888441149	-12.8374549624933	44.5
0.42712680487117	-12.8282412723234	44.5
0.436658137523632	-12.8191170062825	44.5
0.446275039770459	-12.8100829748407	44.5
0.455976657382787	-12.8011399804529	44.5
0.465762128606844	-12.7922888174875	44.5
0.475630584240495	-12.783530272156	44.5
0.485581147710451	-12.7748651224431	44.5
0.495612935150129	-12.7662941380375	44.5
0.505725055478162	-12.7578180802635	44.5
0.515916610477557	-12.7494377020136	44.5
0.526186694875468	-12.7411537476815	44.5
0.536534396423616	-12.7329669530959	44.5
0.546958795979319	-12.7248780454551	44.5
0.557458967587131	-12.7168877432629	44.5
0.568033978561101	-12.708996756264	44.5
0.578682889567606	-12.7012057853815	44.5
0.589404754708796	-12.6935155226544	44.5
0.600198621606618	-12.6859266511765	44.5
0.6110635314874	-12.6784398450351	44.5
0.621998519267024	-12.6710557692516	44.5
0.63300261363665	-12.6637750797223	44.5
0.64407483714899	-12.6565984231603	44.5
0.655214206305128	-12.6495264370376	44.5
0.666419731641889	-12.6425597495289	44.5
0.67769041781972	-12.6356989794556	44.5
0.689025263711106	-12.6289447362312	44.5
0.700423262489498	-12.6222976198064	44.5
0.711883401718738	-12.6157582206166	44.5
0.723404663442996	-12.6093271195291	44.5
0.73498602427719	-12.6030048877914	44.5
0.746626455497885	-12.5967920869807	44.5
0.758324923134673	-12.590689268954	44.5
0.770080388062019	-12.5846969757987	44.5
0.781891806091557	-12.5788157397851	44.5
0.793758128064839	-12.5730460833184	44.5
0.805678299946539	-12.567388518893	44.5
0.817651262918066	-12.5618435490465	44.5
0.829675953471618	-12.556411666315	44.5
0.841751303504655	-12.55109335319	44.5
0.853876240414764	-12.5458890820745	44.5
0.866049687194941	-12.5407993152423	44.5
0.878270562529257	-12.5358245047956	44.5
0.890537780888901	-12.5309650926261	44.5
0.902850252628607	-12.5262215103747	44.5
0.915206884083446	-12.5215941793939	44.5
0.927606577665962	-12.5170835107099	44.5
0.940048231963676	-12.5126899049865	44.5
0.952530741836914	-12.5084137524891	44.5
0.965052998516975	-12.5042554330502	44.5
0.977613889704614	-12.500215316036	44.5
0.990212299668849	-12.4962937603128	44.5
1.00284710934606	-12.492491114216	44.5
1.0155171964394	-12.4888077155186	44.5
1.02822143551847	-12.4852438914014	44.5
1.04095869811929	-12.4817999584237	44.5
1.05372785284457	-12.4784762224958	44.5
1.06652776546413	-12.4752729788509	44.5
1.07935729901573	-12.4721905120198	44.5
1.09221531390603	-12.4692290958049	44.5
1.10510066801178	-12.4663889932564	44.5
1.11801221678134	-12.4636704566486	44.5
1.13094881333629	-12.4610737274576	44.5
1.14390930857332	-12.45859903634	44.5
1.1568925512663	-12.456246603112	44.5
1.16989738816855	-12.4540166367305	44.5
1.18292266411526	-12.451909335274	44.5
1.1959672221261	-12.449924885925	44.5
1.22516290840443	-12.4457690125847	44.5
1.24517024023443	-12.4428923834446	44.5
1.2651796541459	-12.4399722736707	44.5
1.28519115013884	-12.437008683263	44.5
1.30520472821325	-12.4340016122216	44.5
1.32522038836914	-12.4309510605463	44.5
1.34523813060649	-12.4278570282371	44.5
1.36525795492532	-12.4247195152942	44.5
1.38527986132562	-12.4215385217175	44.5
1.40530384980739	-12.418314047507	44.5
1.42532992037064	-12.4150460926626	44.5
1.44535807301535	-12.4117346571845	44.5
1.46538830774154	-12.4083797410725	44.5
1.4854206245492	-12.4049813443268	44.5
1.50545502343833	-12.4015394669472	44.5
1.52549150440893	-12.3980541089338	44.5
1.54553006746101	-12.3945252702866	44.5
1.56557071259455	-12.3909529510056	44.5
1.58561343980957	-12.3873371510908	44.5
1.60565824910606	-12.3836778705422	44.5
1.62570514048402	-12.3799751093598	44.5
1.64575411394346	-12.3762288675435	44.5
1.66580516948436	-12.3724391450935	44.5
1.68585830710674	-12.3686059420097	44.5
1.70591352681059	-12.364729258292	44.5
1.72597082859591	-12.3608090939405	44.5
1.74603021246271	-12.3568454489553	44.5
1.76609167841097	-12.3528383233362	44.5
1.78615522644071	-12.3487877170833	44.5
1.80622085655192	-12.3446936301966	44.5
1.8262885687446	-12.3405560626761	44.5
1.84635836301875	-12.3363750145218	44.5
1.86643023937437	-12.3321504857336	44.5
1.88650419781147	-12.3278824763117	44.5
1.90658023833004	-12.323570986256	44.5
1.92665836093008	-12.3192160155664	44.5
1.94673856561159	-12.3148175642431	44.5
1.96682085237457	-12.3103756322859	44.5
1.98690522121903	-12.3058902196949	44.5
2.00699167214495	-12.3013613264702	44.5
2.02708020515235	-12.2967889526116	44.5
2.04717082024122	-12.2921730981192	44.5
2.06726351741157	-12.287513762993	44.5
2.08735829666338	-12.2828109472329	44.5
2.10745515799667	-12.2780646508391	44.5
2.12755410141142	-12.2732748738115	44.5
2.14765512690765	-12.2684416161501	44.5
2.16775823448536	-12.2635648778548	44.5
2.18786342414453	-12.2586446589258	44.5
2.20797069588517	-12.2536809593629	44.5
2.22808004970729	-12.2486737791662	44.5
2.24819148561088	-12.2436231183357	44.5
2.26830500359594	-12.2385289768715	44.5
2.28842060366247	-12.2333913547734	44.5
2.30853828581048	-12.2282102520415	44.5
2.32865805003996	-12.2229856686757	44.5
2.3487798963509	-12.2177176046762	44.5
2.36890382474332	-12.2124060600429	44.5
2.38902983521722	-12.2070510347758	44.5
2.40915792777258	-12.2016525288748	44.5
2.42928810240942	-12.1962105423401	44.5
2.44942035912772	-12.1907250751715	44.5
2.4695546979275	-12.1851961273691	44.5
2.48969111880875	-12.1796236989329	44.5
2.50982962177148	-12.174007789863	44.5
2.52997020681567	-12.1683484001592	44.5
2.55011287394134	-12.1626455298215	44.5
2.57025762314848	-12.1568991788501	44.5
2.59040445443709	-12.1511093472449	44.5
2.61055336780717	-12.1452760350059	44.5
2.63070436325872	-12.1393992421331	44.5
2.65085744079175	-12.1334789686264	44.5
2.67101260040625	-12.127515214486	44.5
2.69116984210222	-12.1215079797117	44.5
2.71132916587966	-12.1154572643036	44.5
2.73149057173857	-12.1093630682617	44.5
2.75165405967896	-12.1032253915861	44.5
2.77181962970081	-12.0970442342766	44.5
2.79198728180414	-12.0908195963333	44.5
2.81215701598894	-12.0845514777561	44.5
2.83232883225521	-12.0782398785452	44.5
2.85250273060296	-12.0718847987005	44.5
2.87267871103218	-12.065486238222	44.5
2.89285677354286	-12.0590441971096	44.5
2.91303691813502	-12.0525586753635	44.5
2.93321914480865	-12.0460296729835	44.5
2.95340345356376	-12.0394571899697	44.5
2.97358984440033	-12.0328412263222	44.5
2.99377831731838	-12.0261817820408	44.5
3.0139688723179	-12.0194788571256	44.5
3.03416150939889	-12.0127324515766	44.5
3.05435622856135	-12.0059425653938	44.5
3.07455302980529	-11.9991091985771	44.5
3.09475191313069	-11.9922323511267	44.5
3.11495287853757	-11.9853120230425	44.5
3.13515592602592	-11.9783482143244	44.5
3.15536105559574	-11.9713409249726	44.5
3.17556826724704	-11.9642901549869	44.5
3.1957775609798	-11.9571959043674	44.5
3.21598893679404	-11.9500581731142	44.5
3.23620239468975	-11.9428769612271	44.5
3.25641793466693	-11.9356522687062	44.5
3.27663555672558	-11.9283840955515	44.5
3.29685526086571	-11.921072441763	44.5
3.31707704708731	-11.9137173073407	44.5
3.33730091539037	-11.9063186922845	44.5
3.35752686577491	-11.8988765965946	44.5
3.37775489824093	-11.8913910202709	44.5
3.39798501278841	-11.8838619633133	44.5
3.41821720941737	-11.8762894257219	44.5
3.43845148812779	-11.8686734074968	44.5
3.45868784891969	-11.8610139086378	44.5
3.47892629179307	-11.853310929145	44.5
3.49916681674791	-11.8455644690184	44.5
3.51940942378422	-11.837774528258	44.5
3.53965411290201	-11.8299411068638	44.5
3.55990088410127	-11.8220642048358	44.5
3.580149737382	-11.814143822174	44.5
3.6004006727442	-11.8061799588783	44.5
3.62065369018788	-11.7981726149489	44.5
3.64090878971302	-11.7901217903856	44.5
3.66116597131964	-11.7820274851886	44.5
3.68142523500773	-11.7738896993577	44.5
3.70168658077729	-11.765708432893	44.5
3.72195000862833	-11.7574836857946	44.5
3.74221551856083	-11.7492154580623	44.5
3.76248311057481	-11.7409037496962	44.5
3.78275278467026	-11.7325485606962	44.5
3.80302454084718	-11.7241498910625	44.5
3.82329837910557	-11.715707740795	44.5
3.84357429944543	-11.7072221098937	44.5
3.86385230186677	-11.6986929983585	44.5
3.88413238636958	-11.6901204061896	44.5
3.90441455295386	-11.6815043333868	44.5
3.92469880161961	-11.6728447799502	44.5
3.94498513236684	-11.6641417458799	44.5
3.96527354519553	-11.6553952311757	44.5
3.9855640401057	-11.6466052358377	44.5
4.00585661709734	-11.6377717598659	44.5
4.02615127617045	-11.6288948032603	44.5
4.04644801732503	-11.6199743660209	44.5
4.06674684056109	-11.6110104481476	44.5
4.08704774587861	-11.6020030496406	44.5
4.10735073327761	-11.5929521704998	44.5
4.12765580275808	-11.5838578107251	44.5
4.14796295432002	-11.5747199703167	44.5
4.16827218796344	-11.5655386492744	44.5
4.18858350368832	-11.5563138475983	44.5
4.20889690149468	-11.5470455652884	44.5
4.22921238138251	-11.5377338023448	44.5
4.24952994335181	-11.5283785587672	44.5
4.26984958740259	-11.5189798345559	44.5
4.29017131353483	-11.5095376297108	44.5
4.31049512174855	-11.5000519442319	44.5
4.33082101204374	-11.4905227781192	44.5
4.3511489844204	-11.4809501313726	44.5
4.37147903887853	-11.4713340039923	44.5
4.39181117541813	-11.4616743959781	44.5
4.41214539403921	-11.4519713073302	44.5
4.43248169474176	-11.4422247380484	44.5
4.45282007752578	-11.4324346881328	44.5
4.47316054239127	-11.4226011575834	44.5
4.49350308933823	-11.4127241464002	44.5
4.51384771836667	-11.4028036545832	44.5
4.53419442947657	-11.3928396821324	44.5
4.55454322266795	-11.3828322290478	44.5
4.5748940979408	-11.3727812953293	44.5
4.59524705529513	-11.3626868809771	44.5
4.61560209473092	-11.352548985991	44.5
4.63595921624819	-11.3423676103712	44.5
4.65631841984692	-11.3321427541175	44.5
4.67667970552713	-11.32187441723	44.5
4.69704307328882	-11.3115625997088	44.5
4.71740852313197	-11.3012073015537	44.5
4.7377760550566	-11.2908085227648	44.5
4.75814566906269	-11.2803662633421	44.5
4.77851736515026	-11.2698805232856	44.5
4.7988911433193	-11.2593513025952	44.5
4.81926700356982	-11.2487786012711	44.5
4.8396449459018	-11.2381624193132	44.5
4.86002497031526	-11.2275027567214	44.5
4.88040707681018	-11.2167996134958	44.5
4.90079126538659	-11.2060529896365	44.5
4.92117753604446	-11.1952628851433	44.5
4.9415658887838	-11.1844293000163	44.5
4.96195632360462	-11.1735522342555	44.5
4.9823488405069	-11.1626316878609	44.5
5.00274343949066	-11.1516676608325	44.5
5.0231401205559	-11.1406601531703	44.5
5.0435388837026	-11.1296091648743	44.5
5.06393972893077	-11.1185146959445	44.5
5.08434265624042	-11.1073767463808	44.5
5.10474766563154	-11.0961953161834	44.5
5.12515475710413	-11.0849704053521	44.5
5.14556393065819	-11.0737020138871	44.5
5.16597518629372	-11.0623901417882	44.5
5.18638852401073	-11.0510347890555	44.5
5.20680394380921	-11.039635955689	44.5
5.22722144568916	-11.0281936416887	44.5
5.24764102965058	-11.0167078470546	44.5
5.26806269569347	-11.0051785717867	44.5
5.28848644381784	-10.993605815885	44.5
5.30891227402368	-10.9819895793495	44.5
5.32934018631098	-10.9703298621801	44.5
5.34977018067977	-10.958626664377	44.5
5.37020225713002	-10.94687998594	44.5
5.39063641566174	-10.9350898268693	44.5
5.41107265627494	-10.9232561871647	44.5
5.43151097896961	-10.9113790668263	44.5
5.45195138374575	-10.8994584658541	44.5
5.47239387060336	-10.8874943842481	44.5
5.49283843954244	-10.8754868220083	44.5
5.513285090563	-10.8634357791347	44.5
5.53373382366502	-10.8513412556273	44.5
5.55418463884852	-10.839203251486	44.5
5.57463753611349	-10.827021766711	44.5
5.59509251545994	-10.8147968013022	44.5
5.61554957688785	-10.8025283552595	44.5
5.63600872039724	-10.790216428583	44.5
5.6564699459881	-10.7778610212728	44.5
5.67693325366043	-10.7654621333287	44.5
5.69739864341423	-10.7530197647508	44.5
5.7178661152495	-10.7405339155391	44.5
5.73833566916625	-10.7280045856936	44.5
5.75880730516447	-10.7154317752143	44.5
5.77928102324416	-10.7028154841012	44.5
5.79975682340532	-10.6901557123542	44.5
5.82023470564795	-10.6774524599735	44.5
5.84071466997205	-10.664705726959	44.5
5.86119671637763	-10.6519155133106	44.5
5.88168084486468	-10.6390818190285	44.5
5.9021670554332	-10.6262046441125	44.5
5.92265534808319	-10.6132839885627	44.5
5.94314572281466	-10.6003198523791	44.5
5.96363817962759	-10.5873122355617	44.5
5.984132718522	-10.5742611381105	44.5
6.00462933949788	-10.5611665600255	44.5
6.02512804255523	-10.5480285013067	44.5
6.04562882769406	-10.5348469619541	44.5
6.06613169491435	-10.5216219419676	44.5
6.08663664421612	-10.5083534413474	44.5
6.10714367559936	-10.4950414600933	44.5
6.12765278906407	-10.4816859982055	44.5
6.14816398461025	-10.4682870556838	44.5
6.1686772622379	-10.4548446325283	44.5
6.18919262194703	-10.441358728739	44.5
6.20971006373763	-10.4278293443159	44.5
6.2302295876097	-10.414256479259	44.5
6.25075119356324	-10.4006401335683	44.5
6.27127488159825	-10.3869803072438	44.5
6.29180065171474	-10.3732770002855	44.5
6.31232850391269	-10.3595302126933	44.5
6.33285843819212	-10.3457399444674	44.5
6.35339045455302	-10.3319061956076	44.5
6.3739245529954	-10.3180289661141	44.5
6.39446073351924	-10.3041082559867	44.5
6.41499899612456	-10.2901440652255	44.5
6.43553934081135	-10.2761363938305	44.5
6.45608176757961	-10.2620852418017	44.5
6.47662627642934	-10.2479906091392	44.5
6.49717286736054	-10.2338524958427	44.5
6.51772154037322	-10.2196709019125	44.5
6.53827229546737	-10.2054458273485	44.5
6.55882513264298	-10.1911772721507	44.5
6.57938005190008	-10.176865236319	44.5
6.59993705323864	-10.1625097198536	44.5
6.62049613665867	-10.1481107227543	44.5
6.64105730216018	-10.1336682450212	44.5
6.66162054974316	-10.1191822866544	44.5
6.68218587940761	-10.1046528476537	44.5
6.70275329115353	-10.0900799280192	44.5
6.72332278498093	-10.0754635277509	44.5
6.74389436088979	-10.0608036468488	44.5
6.76446801888013	-10.0461002853128	44.5
6.78504375895194	-10.0313534431431	44.5
6.80562158110522	-10.0165631203396	44.5
6.82620148533997	-10.0017293169022	44.5
6.8467834716562	-9.9868520328311	44.5
6.86736754005389	-9.97193126812613	44.5
6.88795369053306	-9.95696702278737	44.5
6.9085419230937	-9.94195929681479	44.5
6.92913223773582	-9.92690809020841	44.5
6.9497246344594	-9.91181340296822	44.5
6.97031911326446	-9.89667523509421	44.5
6.99091567415099	-9.88149358658641	44.5
7.01151431711898	-9.86626845744479	44.5
7.03211504216846	-9.85099984766936	44.5
7.0527178492994	-9.83568775726013	44.5
7.07332273851181	-9.82033218621708	44.5
7.0939297098057	-9.80493313454024	44.5
7.11453876318106	-9.78949060222958	44.5
7.13514989863789	-9.77400458928511	44.5
7.1557631161762	-9.75847509570684	44.5
7.17637841579597	-9.74290212149475	44.5
7.19699579749722	-9.72728566664886	44.5
7.21761526127993	-9.71162573116916	44.5
7.23823680714412	-9.69592231505565	44.5
7.25886043508979	-9.68017541830834	44.5
7.27948614511692	-9.66438504092721	44.5
7.30011393722553	-9.64855118291228	44.5
7.3207438114156	-9.63267384426354	44.5
7.34137576768715	-9.61675302498098	44.5
7.36200980604017	-9.60078872506463	44.5
7.38264592647467	-9.58478094451446	44.5
7.40328412899063	-9.56872968333048	44.5
7.42392441358807	-9.5526349415127	44.5
7.44456678026698	-9.53649671906111	44.5
7.46521122902736	-9.52031501597572	44.5
7.48585775986921	-9.5040898322565	44.5
7.50650637279253	-9.48782116790349	44.5
7.52715706779733	-9.47150902291667	44.5
7.5478098448836	-9.45515339729603	44.5
7.56846470405133	-9.43875429104159	44.5
7.58912164530055	-9.42231170415334	44.5
7.60978066863123	-9.40582563663128	44.5
7.63044177404338	-9.38929608847542	44.5
7.65110496153701	-9.37272305968574	44.5
7.67177023111211	-9.35610655026226	44.5
7.69243758276868	-9.33944656020497	44.5
7.71310701650672	-9.32274308951387	44.5
7.73377853232624	-9.30599613818897	44.5
7.75445213022722	-9.28920570623025	44.5
7.77512781020968	-9.27237179363773	44.5
7.79580557227361	-9.25549440041139	44.5
7.81648541641901	-9.23857352655126	44.5
7.83716734264588	-9.2216091720573	44.5
7.85785135095423	-9.20460133692954	44.5
7.87853744134405	-9.18755002116799	44.5
7.89922561381534	-9.17045522477261	44.5
7.9199158683681	-9.15331694774342	44.5
7.94060820500233	-9.13613519008044	44.5
7.96130262371803	-9.11890995178364	44.5
7.98199912451521	-9.10164123285304	44.5
8.00269770739386	-9.08432903328862	44.5
8.02339837235398	-9.0669733530904	44.5
8.04410111939557	-9.04957419225837	44.5
8.06480594851863	-9.03213155079252	44.5
8.08551285972317	-9.01464542869288	44.5
8.10622185300918	-8.99711582595942	44.5
8.12693292837666	-8.97954274259216	44.5
8.14764608582561	-8.96192617859109	44.5
8.16836132535603	-8.9442661339562	44.5
8.18907864696792	-8.92656260868752	44.5
8.20979805066129	-8.90881560278502	44.5
8.23051953643613	-8.89102511624871	44.5
8.25124310429244	-8.8731911490786	44.5
8.27196875423022	-8.85531370127467	44.5
8.29269648624948	-8.83739277283695	44.5
8.3134263003502	-8.8194283637654	44.5
8.3341581965324	-8.80142047406006	44.5
8.35489217479607	-8.7833691037209	44.5
8.37562823514121	-8.76527425274794	44.5
8.39636637756782	-8.74713592114117	44.5
8.41710660207591	-8.72895410890058	44.5
8.43784890866547	-8.7107288160262	44.5
8.45859329733649	-8.692460042518	44.5
8.47933976808899	-8.67414778837599	44.5
8.50008832092297	-8.65579205360018	44.5
8.52083895583841	-8.63739283819056	44.5
8.54159167283533	-8.61895014214713	44.5
8.56234647191372	-8.60046396546989	44.5
8.58310335307357	-8.58193430815884	44.5
8.60386231631491	-8.56336117021399	44.5
8.62462336163771	-8.54474455163532	44.5
8.64538648904198	-8.52608445242285	44.5
8.66615169852773	-8.50738087257658	44.5
8.68691899009495	-8.48863381209648	44.5
8.70768836374364	-8.46984327098259	44.5
8.7284598194738	-8.45100924923489	44.5
8.74923335728544	-8.43213174685337	44.5
8.77000897717854	-8.41321076383805	44.5
8.79078667915312	-8.39424630018892	44.5
8.81156646320917	-8.37523835590598	44.5
8.83234832934669	-8.35618693098924	44.5
8.85313227756569	-8.33709202543868	44.5
8.87391830786615	-8.31795363925432	44.5
8.89470642024809	-8.29877177243615	44.5
8.9154966147115	-8.27954642498417	44.5
8.93628889125638	-8.26027759689838	44.5
8.95708324988273	-8.24096528817879	44.5
8.97787969059056	-8.22160949882539	44.5
8.99867821337985	-8.20221022883817	44.5
9.01947881825062	-8.18276747821715	44.5
9.04028150520286	-8.16328124696232	44.5
9.06108627423657	-8.14375153507369	44.5
9.08189312535176	-8.12417834255124	44.5
9.10270205854841	-8.10456166939498	44.5
9.12351307382654	-8.08490151560493	44.5
9.14432617118614	-8.06519788118105	44.5
9.16514135062721	-8.04545076612338	44.5
9.18595861214975	-8.02566017043189	44.5
9.20677795575377	-8.00582609410659	44.5
9.22759938143926	-7.98594853714749	44.5
9.24842288920621	-7.96602749955458	44.5
9.26924847905465	-7.94606298132786	44.5
9.29007615098455	-7.92605498246733	44.5
9.31090590499592	-7.90600350297299	44.5
9.33173774108877	-7.88590854284485	44.5
9.35257165926308	-7.8657701020829	44.5
9.37340765951888	-7.84558818068713	44.5
9.39424574185614	-7.82536277865757	44.5
9.41508590627487	-7.80509389599419	44.5
9.43592815277507	-7.784781532697	44.5
9.45677248135675	-7.76442568876601	44.5
9.4776188920199	-7.7440263642012	44.5
9.49846738476452	-7.7235835590026	44.5
9.51931795959061	-7.70309727317017	44.5
9.54017061649818	-7.68256750670395	44.5
9.56102535548721	-7.66199425960391	44.5
9.58188217655772	-7.64137753187007	44.5
9.6027410797097	-7.62071732350242	44.5
9.62360206494315	-7.60001363450095	44.5
9.64446513225808	-7.57926646486569	44.5
9.66533028165447	-7.55847581459661	44.5
9.68619751313234	-7.53764168369372	44.5
9.70706682669168	-7.51676407215703	44.5
9.72793822233249	-7.49584297998653	44.5
9.74881170005477	-7.47487840718222	44.5
9.76968725985853	-7.4538703537441	44.5
9.79056490174375	-7.43281881967217	44.5
9.81144462571045	-7.41172380496644	44.5
9.83232643175862	-7.39058530962689	44.5
9.85321031988826	-7.36940333365354	44.5
9.87409629009938	-7.34817787704638	44.5
9.89498434239196	-7.32690893980541	44.5
9.91587447676602	-7.30559652193064	44.5
9.93676669322155	-7.28424062342205	44.5
9.95766099175855	-7.26284124427966	44.5
9.97855737237702	-7.24139838450346	44.5
9.99945583507697	-7.21991204409345	44.5
10.0203563798584	-7.19838222304963	44.5
10.0412590067213	-7.176808921372	44.5
10.0621637156656	-7.15519213906057	44.5
10.0830705066915	-7.13353187611533	44.5
10.1039793797988	-7.11182813253627	44.5
10.1248903349875	-7.09008090832342	44.5
10.1458033722578	-7.06829020347675	44.5
10.1667184916095	-7.04645601799627	44.5
10.1876356930427	-7.02457835188199	44.5
10.2085549765574	-7.0026572051339	44.5
10.2294763421535	-6.980692577752	44.5
10.2503997898311	-6.95868446973629	44.5
10.2713253195902	-6.93663288108677	44.5
10.2922529314307	-6.91453781180345	44.5
10.3131826253528	-6.89239926188631	44.5
10.3341144013563	-6.87021723133537	44.5
10.3550482594412	-6.84799172015062	44.5
10.3759841996077	-6.82572272833206	44.5
10.3969222218556	-6.80341025587969	44.5
10.417862326185	-6.78105430279352	44.5
10.4388045125958	-6.75865486907353	44.5
10.4597487810881	-6.73621195471974	44.5
10.4806951316619	-6.71372555973214	44.5
10.5016435643172	-6.69119568411074	44.5
10.5225940790539	-6.66862232785552	44.5
10.5435466758722	-6.64600549096649	44.5
10.5645013547718	-6.62334517344366	44.5
10.585458115753	-6.60064137528702	44.5
10.6064169588156	-6.57789409649657	44.5
10.6273778839597	-6.55510333707231	44.5
10.6483408911853	-6.53226909701425	44.5
10.6693059804923	-6.50939137632237	44.5
10.6902731518809	-6.48647017499669	44.5
10.7112424053508	-6.4635054930372	44.5
10.7322137409023	-6.44049733044389	44.5
10.7531871585352	-6.41744568721679	44.5
10.7741626582496	-6.39435056335587	44.5
10.7951402400455	-6.37121195886115	44.5
10.8161199039229	-6.34802987373262	44.5
10.8371016498817	-6.32480430797027	44.5
10.858085477922	-6.30153526157413	44.5
10.8790713880437	-6.27822273454417	44.5
10.900059380247	-6.2548667268804	44.5
10.9210494545317	-6.23146723858283	44.5
10.9420416108978	-6.20802426965145	44.5
10.9630358493455	-6.18453782008626	44.5
10.9840321698746	-6.16100788988726	44.5
11.0050305724852	-6.13743447905445	44.5
11.0260310571773	-6.11381758758784	44.5
11.0470336239508	-6.09015721548741	44.5
11.0680382728058	-6.06645336275318	44.5
11.0890450037423	-6.04270602938514	44.5
11.1100538167602	-6.01891521538329	44.5
11.1310647118597	-5.99508092074764	44.5
11.1520776890406	-5.97120314547817	44.5
11.1730927483029	-5.9472818895749	44.5
11.1941098896468	-5.92331715303781	44.5
11.2151291130721	-5.89930893586693	44.5
11.2361504185789	-5.87525723806223	44.5
11.2571738061671	-5.85116205962372	44.5
11.2781992758369	-5.82702340055141	44.5
11.2992268275881	-5.80284126084528	44.5
11.3202564614207	-5.77861564050535	44.5
11.3412881773349	-5.75434653953161	44.5
11.3623219753305	-5.73003395792406	44.5
11.3833578554076	-5.70567789568271	44.5
11.4043958175661	-5.68127835280755	44.5
11.4254358618062	-5.65683532929857	44.5
11.4464779881277	-5.63234882515579	44.5
11.4675221965306	-5.6078188403792	44.5
11.4885684870151	-5.5832453749688	44.5
11.509616859581	-5.5586284289246	44.5
11.5306673142284	-5.53396800224658	44.5
11.5517198509572	-5.50926409493476	44.5
11.5727744697676	-5.48451670698913	44.5
11.5938311706594	-5.45972583840969	44.5
11.6148899536327	-5.43489148919645	44.5
11.6359508186874	-5.41001365934939	44.5
11.6570137658236	-5.38509234886853	44.5
11.6780787950413	-5.36012755775385	44.5
11.6991459063405	-5.33511928600537	44.5
11.7202150997211	-5.31006753362309	44.5
11.7412863751832	-5.28497230060699	44.5
11.7623597327268	-5.25983358695709	44.5
11.7834351723519	-5.23465139267337	44.5
11.8045126940584	-5.20942571775585	44.5
11.8255922978464	-5.18415656220451	44.5
11.8466739837158	-5.15884392601938	44.5
11.8677577516668	-5.13348780920043	44.5
11.8888436016992	-5.10808821174767	44.5
11.9099315338131	-5.08264513366111	44.5
11.9310215480084	-5.05715857494074	44.5
11.9521136442853	-5.03162853558657	44.5
11.9732078226436	-5.00605501559858	44.5
11.9943040830833	-4.98043801497678	44.5
12.0154024256046	-4.95477753372117	44.5
12.0365028502073	-4.92907357183176	44.5
12.0576053568915	-4.90332612930855	44.5
12.0787099456571	-4.87753520615151	44.5
12.0998166165042	-4.85170080236067	44.5
12.1209253694328	-4.82582291793603	44.5
12.1420362044429	-4.79990155287758	44.5
12.1631491215345	-4.77393670718531	44.5
12.1842641207075	-4.74792838085924	44.5
12.205381201962	-4.72187657389936	44.5
12.2265003652979	-4.69578128630568	44.5
12.2476216107154	-4.66964251807818	44.5
12.2687449382143	-4.64346026921687	44.5
12.2898703477946	-4.61723453972176	44.5
12.3109978394565	-4.59096532959284	44.5
12.3321274131998	-4.56465263883011	44.5
12.3532590690246	-4.53829646743358	44.5
12.3743928069309	-4.51189681540323	44.5
12.3955286269186	-4.48545368273908	44.5
12.4166665289878	-4.45896706944112	44.5
12.4378065131385	-4.43243697550935	44.5
12.4589485793706	-4.40586340094377	44.5
12.4800927276842	-4.37924634574438	44.5
12.5012389580793	-4.35258580991119	44.5
12.5223872705559	-4.32588179344418	44.5
12.5435376651139	-4.29913429634337	44.5
12.5646901417535	-4.27234331860875	44.5
12.5858447004744	-4.24550886024033	44.5
12.6070013412769	-4.21863092123809	44.5
12.6281600641608	-4.19170950160204	44.5
12.6493208691262	-4.16474460133219	44.5
12.6704837561731	-4.13773622042853	44.5
12.6916487253014	-4.11068435889106	44.5
12.7128157765112	-4.08358901671978	44.5
12.7339849098025	-4.0564501939147	44.5
12.7551561251753	-4.0292678904758	44.5
12.7763294226295	-4.0020421064031	44.5
12.7975048021652	-3.97477284169659	44.5
12.8186822637824	-3.94746009635627	44.5
12.839861807481	-3.92010387038214	44.5
12.8610434332611	-3.89270416377421	44.5
12.8822271411227	-3.86526097653246	44.5
12.9034129310658	-3.83777430865691	44.5
12.9246008030903	-3.81024416014755	44.5
12.9457907571963	-3.78267053100438	44.5
12.9669827933838	-3.75505342122741	44.5
12.9881769116527	-3.72739283081662	44.5
13.0093731120031	-3.69968875977203	44.5
13.030571394435	-3.67194120809362	44.5
13.0517717589484	-3.64415017578141	44.5
13.0729742055432	-3.6163156628354	44.5
13.0941787342195	-3.58843766925557	44.5
13.1153853449773	-3.56051619504193	44.5
13.1365940378166	-3.53255124019449	44.5
13.1578048127373	-3.50454280471324	44.5
13.1790176697395	-3.47649088859818	44.5
13.2002326088231	-3.44839549184931	44.5
13.2214496299883	-3.42025661446664	44.5
13.2426687332349	-3.39207425645015	44.5
13.263889918563	-3.36384841779986	44.5
13.2851131859725	-3.33557909851576	44.5
13.3063385354635	-3.30726629859785	44.5
13.327565967036	-3.27891001804613	44.5
13.34879548069	-3.2505102568606	44.5
13.3700270764254	-3.22206701504127	44.5
13.3912607542424	-3.19358029258812	44.5
13.4124965141407	-3.16505008950118	44.5
13.4337343561206	-3.13647640578041	44.5
13.4549742801819	-3.10785924142585	44.5
13.4762162863247	-3.07919859643747	44.5
13.497460374549	-3.05049447081529	44.5
13.5187065448547	-3.0217468645593	44.5
13.539954797242	-2.99295577766949	44.5
13.5612051317106	-2.96412121014588	44.5
13.5824575482608	-2.93524316198847	44.5
13.6037120468924	-2.90632163319724	44.5
13.6249686276055	-2.87735662377221	44.5
13.6462272904001	-2.84834813371337	44.5
13.6674880352761	-2.81929616302072	44.5
13.6887508622337	-2.79020071169426	44.5
13.7100157712726	-2.76106177973399	44.5
13.7312827623931	-2.73187936713992	44.5
13.752551835595	-2.70265347391203	44.5
13.7738229908784	-2.67338410005034	44.5
13.7950962282433	-2.64407124555484	44.5
13.8163715476897	-2.61471491042553	44.5
13.8376489492175	-2.58531509466242	44.5
13.8589284328268	-2.55587179826549	44.5
13.8802099985175	-2.52638502123476	44.5
13.9014936462898	-2.49685476357022	44.5
13.9227793761435	-2.46728102527187	44.5
13.9440671880787	-2.43766380633971	44.5
13.9653570820953	-2.40800310677374	44.5
13.9866490581934	-2.37829892657397	44.5
14.007943116373	-2.34855126574038	44.5
14.0292392566341	-2.318760124273	44.5
14.0505374789766	-2.2889255021718	44.5
14.0718377834006	-2.25904739943679	44.5
14.0931401699061	-2.22912581606797	44.5
14.1144446384931	-2.19916075206535	44.5
14.1357511891615	-2.16915220742892	44.5
14.1570598219114	-2.13910018215868	44.5
14.1783705367428	-2.10900467625462	44.5
14.1996833336556	-2.07886568971677	44.5
14.2209982126499	-2.0486832225451	44.5
14.2423151737257	-2.01845727473963	44.5
14.263634216883	-1.98818784630035	44.5
14.2849553421217	-1.95787493722726	44.5
14.3062785494419	-1.92751854752036	44.5
14.3276038388436	-1.89711867717965	44.5
14.3489312103267	-1.86667532620514	44.5
14.3702606638913	-1.83618849459681	44.5
14.3915921995374	-1.80565818235468	44.5
14.412925817265	-1.77508438947874	44.5
14.434261517074	-1.74446711596899	44.5
14.4555992989645	-1.71380636182544	44.5
14.4769391629365	-1.68310212704807	44.5
14.4982811089899	-1.6523544116369	44.5
14.5196251371249	-1.62156321559192	44.5
14.5409712473412	-1.59072853891313	44.5
14.5623194396391	-1.55985038160053	44.5
14.5836697140184	-1.52892874365413	44.5
14.6050220704792	-1.49796362507391	44.5
14.6263765090215	-1.46695502585989	44.5
14.6477330296453	-1.43590294601206	44.5
14.6690916323505	-1.40480738553042	44.5
14.6904523171372	-1.37366834441497	44.5
14.7118150840054	-1.34248582266571	44.5
14.733179932955	-1.31125982028264	44.5
14.7545468639861	-1.27999033726578	44.5
14.7759158770987	-1.2486773736151	44.5
14.7972869722927	-1.2173209293306	44.5
14.8186601495683	-1.18592100441231	44.5
14.8400354089253	-1.1544775988602	44.5
14.8614127503637	-1.12299071267429	44.5
14.8827921738837	-1.09146034585456	44.5
14.9041736794851	-1.05988649840103	44.5
14.925557267168	-1.0282691703137	44.5
14.9469429369323	-0.99660836159255	44.5
14.9683306887781	-0.964904072237594	44.5
14.9897205227054	-0.933156302248833	44.5
15.0111124387142	-0.901365051626257	44.5
15.0325064368045	-0.869530320369876	44.5
15.0539025169762	-0.837652108479688	44.5
15.0753006792294	-0.805730415955694	44.5
15.096700923564	-0.773765242797889	44.5
15.1181032499801	-0.741756589006272	44.5
15.1395076584777	-0.709704454580852	44.5
15.1609141490568	-0.677608839521625	44.5
15.1823227217174	-0.645469743828585	44.5
15.2037333764594	-0.613287167501738	44.5
15.2251461132829	-0.581061110541086	44.5
15.2465609321878	-0.54879157294662	44.5
15.2679778331743	-0.516478554718351	44.5
15.2893968162422	-0.484122055856272	44.5
15.3108178813915	-0.451722076360383	44.5
15.3322410286224	-0.419278616230685	44.5
15.3536662579347	-0.38679167546718	44.5
15.3750935693285	-0.354261254069868	44.5
15.3965229628038	-0.321687352038751	44.5
15.4179544383605	-0.28906996937382	44.5
15.4393879959987	-0.256409106075083	44.5
15.4608236357184	-0.223704762142539	44.5
15.4822613575195	-0.190956937576182	44.5
15.5037011614022	-0.158165632376019	44.5
15.5251430473663	-0.125330846542049	44.5
15.5465870154118	-0.0924525800742693	44.5
15.5680330655389	-0.0595308329726834	44.5
15.5894811977474	-0.0265656052372876	44.5
15.6109314120374	0.00644310313191454	44.5
15.6323837084088	0.0394952921349265	44.5
15.6538380868618	0.0725909617717484	44.5
15.6752945473961	0.10573011204238	44.5
15.696753090012	0.138912742946815	44.5
15.7182137147094	0.172138854485056	44.5
15.7396764214882	0.20540844665711	44.5
15.7611412103485	0.238721519462974	44.5
15.7826080812902	0.272078072902644	44.5
15.8040770343134	0.305478106976121	44.5
15.8255480694181	0.338921621683408	44.5
15.8470211866043	0.372408617024501	44.5
15.868496385872	0.405939092999407	44.5
15.8899736672211	0.439513049608117	44.5
15.9114530306517	0.473130486850636	44.5
15.9329344761637	0.506791404726965	44.5
15.9544180037573	0.5404958032371	44.5
15.9759036134323	0.574243682381045	44.5
15.9973913051887	0.608035042158797	44.5
16.0188810790267	0.641869882570361	44.5
16.0403729349461	0.675748203615726	44.5
16.061866872947	0.709670005294903	44.5
16.0833628930294	0.743635287607894	44.5
16.1048609951932	0.777644050554684	44.5
16.1263611794385	0.811696294135288	44.5
16.1478634457653	0.845792018349698	44.5
16.1693677941735	0.879931223197921	44.5
16.1908742246633	0.914113908679944	44.5
16.2123827372344	0.94834007479578	44.5
16.2338933318871	0.982609721545423	44.5
16.2554060086213	1.01692284892887	44.5
16.2769207674369	1.05127945694614	44.5
16.2984376083339	1.08567954559721	44.5
16.3199565313125	1.12012311488208	44.5
16.3414775363725	1.15461016480077	44.5
16.363000623514	1.18914069535326	44.5
16.384525792737	1.22371470653957	44.5
16.4060530440414	1.25833219835967	44.5
16.4275823774273	1.29299317081359	44.5
16.4491137928947	1.32769762390132	44.5
16.4706472904436	1.36244555762285	44.5
16.4921828700739	1.3972369719782	44.5
16.5137205317857	1.43207186696735	44.5
16.535260275579	1.46695024259031	44.5
16.5568021014537	1.50187209884707	44.5
16.5783460094099	1.53683743573765	44.5
16.5998919994476	1.57184625326204	44.5
16.6214400715668	1.60689855142023	44.5
16.6429902257674	1.64199433021223	44.5
16.6645424620495	1.67713358963804	44.5
16.6860967804131	1.71231632969766	44.5
16.7076531808581	1.74754255039108	44.5
16.7292116633847	1.78281225171832	44.5
16.7507722279926	1.81812543367936	44.5
16.7723348746821	1.85348209627421	44.5
16.793899603453	1.88888223950287	44.5
16.8154664143054	1.92432586336534	44.5
16.8370353072393	1.95981296786161	44.5
16.8586062822547	1.9953435529917	44.5
16.8801793393515	2.03091761875559	44.5
16.9017544785298	2.06653516515329	44.5
16.9233316997896	2.1021961921848	44.5
16.9449110031308	2.13790069985012	44.5
16.9664923885535	2.17364868814924	44.5
16.9880758560577	2.20944015708217	44.5
17.0096614056433	2.24527510664891	44.5
17.0312490373105	2.28115353684947	44.5
17.0528387510591	2.31707544768383	44.5
17.0744305468891	2.35304083915199	44.5
17.0960244248007	2.38904971125397	44.5
17.1176203847937	2.42510206398975	44.5
17.1392184268682	2.46119789735934	44.5
17.1608185510241	2.49733721136274	44.5
17.1824207572615	2.53352000599995	44.5
17.2040250455804	2.56974628127097	44.5
17.2256314159808	2.60601603717579	44.5
17.2472398684626	2.64232927371442	44.5
17.268850403026	2.67868599088687	44.5
17.2904630196707	2.71508618869311	44.5
17.312077718397	2.75152986713317	44.5
17.3336944992047	2.78801702620704	44.5
17.3553133620939	2.82454766591471	44.5
17.3769343070646	2.8611217862562	44.5
17.3985573341168	2.89773938723149	44.5
17.4201824432504	2.93440046884059	44.5
17.4418096344655	2.97110503108349	44.5
17.463438907762	3.00785307396021	44.5
17.4850702631401	3.04464459747073	44.5
17.5067037005996	3.08147960161507	44.5
17.5283392201405	3.11835808639321	44.5
17.549976821763	3.15528005180516	44.5
17.5716165054669	3.19224549785091	44.5
17.5932582712523	3.22925442453048	44.5
17.6149021191192	3.26630683184385	44.5
17.6365480490675	3.30340271979103	44.5
17.6581960610973	3.34054208837203	44.5
17.6798461552086	3.37772493758682	44.5
17.7014983314013	3.41495126743543	44.5
17.7231525896756	3.45222107791784	44.5
17.7448089300313	3.48953436903407	44.5
17.7664673524684	3.5268911407841	44.5
17.7881278569871	3.56429139316794	44.5
17.8097904435872	3.60173512618559	44.5
17.8314551122687	3.63922233983704	44.5
17.8531218630318	3.67675303412231	44.5
17.8747906958763	3.71432720904139	44.5
17.8964616108023	3.75194486459426	44.5
17.9181346078098	3.78960600078095	44.5
17.9398096868987	3.82731061760145	44.5
17.9614868480691	3.86505871505576	44.5
17.983166091321	3.90285029314387	44.5
18.0048474166544	3.9406853518658	44.5
18.0265308240692	3.97856389122153	44.5
18.0482163135655	4.01648591121106	44.5
18.0699038851433	4.05445141183441	44.5
18.0915935388025	4.09246039309157	44.5
18.1132852745433	4.13051285498253	44.5
18.1349790923654	4.1686087975073	44.5
18.1566749922691	4.20674822066589	44.5
18.1783729742542	4.24493112445827	44.5
18.2000730383208	4.28315750888447	44.5
18.2217751844689	4.32142737394448	44.5
18.2434794126985	4.35974071963829	44.5
18.2651857230095	4.39809754596591	44.5
18.286894115402	4.43649785292734	44.5
18.3086045898759	4.47494164052258	44.5
18.3303171464314	4.51342890875163	44.5
18.3520317850683	4.55195965761448	44.5
18.3737485057867	4.59053388711115	44.5
18.3954673085865	4.62915159724162	44.5
18.4171881934678	4.6678127880059	44.5
18.4389111604306	4.70651745940399	44.5
18.4606362094749	4.74526561143588	44.5
18.4823633406006	4.78405724410159	44.5
18.5040925538078	4.8228923574011	44.5
18.5258238490965	4.86177095133443	44.5
18.5475572264667	4.90069302590155	44.5
18.5692926859183	4.93965858110249	44.5
18.5910302274514	4.97866761693724	44.5
18.612769851066	5.01772013340579	44.5
18.634511556762	5.05681613050816	44.5
18.6562553445395	5.09595560824433	44.5
18.6780012143985	5.13513856661431	44.5
18.6997491663389	5.17436500561809	44.5
18.7214992003609	5.21363492525569	44.5
18.7432513164643	5.2529483255271	44.5
18.7650055146491	5.29230520643231	44.5
18.7867617949155	5.33170556797133	44.5
18.8085201572633	5.37114941014416	44.5
18.8302806016926	5.4106367329508	44.5
18.8520431282033	5.45016753639124	44.5
18.8738077367956	5.48974182046549	44.5
18.8955744274693	5.52935958517356	44.5
18.9173432002245	5.56902083051543	44.5
18.9391140550611	5.60872555649111	44.5
18.9608869919792	5.64847376310059	44.5
18.9826620109788	5.68826545034388	44.5
19.0044391120599	5.72810061822099	44.5
19.0262182952224	5.7679792667319	44.5
19.0479995604664	5.80790139587663	44.5
19.0697829077919	5.84786700565515	44.5
19.0915683371988	5.88787609606749	44.5
19.1133558486873	5.92792866711363	44.5
19.1351454422571	5.96802471879359	44.5
19.1569371179085	6.00816425110735	44.5
19.1787308756413	6.04834726405492	44.5
19.2005267154557	6.0885737576363	44.5
19.2223246373514	6.12884373185148	44.5
19.2441246413287	6.16915718670047	44.5
19.2659267273874	6.20951412218328	44.5
19.2877308955276	6.24991453829989	44.5
19.3095371457493	6.29035843505031	44.5
19.3313454780524	6.33084581243454	44.5
19.353155892437	6.37137667045257	44.5
19.3749683889031	6.41195100910442	44.5
19.3967829674507	6.45256882839007	44.5
19.4185996280797	6.49323012830953	44.5
19.4404183707902	6.5339349088628	44.5
19.4622391955822	6.57468317004987	44.5
19.4840621024556	6.61547491187077	44.5
19.5058870914105	6.65631013432546	44.5
19.5277141624469	6.69718883741396	44.5
19.5495433155648	6.73811102113627	44.5
19.5713745507641	6.77907668549239	44.5
19.5932078680449	6.82008583048232	44.5
19.6150432674072	6.86113845610605	44.5
19.6368807488509	6.9022345623636	44.5
19.6587203123761	6.94337414925495	44.5
19.6805619579828	6.9845572167801	44.5
19.702405685671	7.02578376493908	44.5
19.7242514954406	7.06705379373185	44.5
19.7460993872917	7.10836730315844	44.5
19.7679493612243	7.14972429321883	44.5
19.7898014172383	7.19112476391303	44.5
19.8116555553339	7.23256871524104	44.5
19.8335117755108	7.27405614720286	44.5
19.8553700777693	7.31558705979849	44.5
19.8772304621092	7.35716145302792	44.5
19.8990929285306	7.39877932689117	44.5
19.9209574770335	7.44044068138822	44.5
19.9428241076179	7.48214551651908	44.5
19.9646928202837	7.52389383228375	44.5
19.986563615031	7.56568562868222	44.5
20.0084364918598	7.6075209057145	44.5
20.03031145077	7.6493996633806	44.5
20.0521884917617	7.6913219016805	44.5
20.0740676148349	7.73328762061421	44.5
20.0959488199895	7.77529682018172	44.5
20.1178321072257	7.81734950038305	44.5
20.1397174765433	7.85944566121819	44.5
20.1616049279423	7.90158530268713	44.5
20.1834944614229	7.94376842478988	44.5
20.2053860769849	7.98599502752644	44.5
20.2272797746284	8.02826511089681	44.5
20.2491755543533	8.07057867490099	44.5
20.2710734161598	8.11293571953897	44.5
20.2929733600477	8.15533624481075	44.5
20.314875386017	8.19778025071636	44.5
20.3367794940679	8.24026773725577	44.5
20.3586856842002	8.28279870442898	44.5
20.380593956414	8.32537315223601	44.5
20.4025043107092	8.36799108067684	44.5
20.424416747086	8.41065248975148	44.5
20.4463312655442	8.45335737945994	44.5
20.4682478660838	8.49610574980219	44.5
20.490166548705	8.53889760077826	44.5
20.5120873134076	8.58173293238814	44.5
20.5340101601917	8.62461174463181	44.5
20.5559350890573	8.66753403750931	44.5
20.5778621000043	8.71049981102061	44.5
20.5997911930328	8.75350906516572	44.5
20.6217223681428	8.79656179994463	44.5
20.6436556253342	8.83965801535736	44.5
20.6655909646072	8.88279771140389	44.5
20.6875283859615	8.92598088808423	44.5
20.7094678893974	8.96920754539838	44.5
20.7314094749147	9.01247768334634	44.5
20.7533531425136	9.0557913019281	44.5
20.7752988921938	9.09914840114368	44.5
20.7972467239556	9.14254898099306	44.5
20.8191966377988	9.18599304147625	44.5
20.8411486337235	9.22948058259325	44.5
20.8631027117297	9.27301160434406	44.5
20.8850588718173	9.31658610672868	44.5
20.9070171139864	9.3602040897471	44.5
20.928977438237	9.40386555339933	44.5
20.9509398445691	9.44757049768537	44.5
20.9729043329826	9.49131892260522	44.5
20.9948709034776	9.53511082815888	44.5
21.0168395560541	9.57894621434635	44.5
21.038810290712	9.62282508116762	44.5
21.0607831074514	9.6667474286227	44.5
21.0827580062723	9.71071325671159	44.5
21.1047349871747	9.75472256543429	44.5
21.1267140501585	9.79877535479079	44.5
21.1486951952238	9.8428716247811	44.5
21.1706784223706	9.88701137540523	44.5
21.1926637315988	9.93119460666316	44.5
21.2146511229085	9.97542131855491	44.5
21.2366405962997	10.0196915110805	44.5
21.2586321517724	10.0640051842398	44.5
21.2806257893265	10.108362338033	44.5
21.3026215089621	10.1527629724599	44.5
21.3246193106792	10.1972070875207	44.5
21.3466191944777	10.2416946832153	44.5
21.3686211603578	10.2862257595437	44.5
21.3906252083193	10.3308003165059	44.5
21.4126313383622	10.3754183541019	44.5
21.4346395504867	10.4200798723318	44.5
21.4566498446926	10.4647848711954	44.5
21.4786622209799	10.5095333506928	44.5
21.5006766793488	10.5543253108241	44.5
21.5226932197991	10.5991607515891	44.5
21.5447118423309	10.644039672988	44.5
21.5667325469442	10.6889620750207	44.5
21.5887553336389	10.7339279576871	44.5
21.6107802024151	10.7789373209874	44.5
21.6328071532728	10.8239901649215	44.5
21.654836186212	10.8690864894894	44.5
21.6768673012326	10.9142262946912	44.5
21.6989004983347	10.9594095805267	44.5
21.7209357775183	11.004636346996	44.5
21.7429731387833	11.0499065940991	44.5
21.7650125821298	11.0952203218361	44.5
21.7870541075578	11.1405775302068	44.5
21.8090977150673	11.1859782192114	44.5
21.8311434046582	11.2314223888498	44.5
21.8531911763306	11.276910039122	44.5
21.8752410300845	11.322441170028	44.5
21.8972929659198	11.3680157815677	44.5
21.9193469838366	11.4136338737413	44.5
21.9414030838349	11.4592954465488	44.5
21.9634612659147	11.50500049999	44.5
21.9855215300759	11.550749034065	44.5
22.0075838763186	11.5965410487739	44.5
22.0296483046428	11.6423765441165	44.5
22.0517148150484	11.688255520093	44.5
22.0737834075356	11.7341779767032	44.5
22.0958540821041	11.7801439139473	44.5
22.1179268387542	11.8261533318252	44.5
22.1400016774857	11.8722062303369	44.5
22.1620785982987	11.9183026094823	44.5
22.1841576011932	11.9644424692617	44.5
22.2062386861692	12.0106258096748	44.5
22.2283218532266	12.0568526307217	44.5
22.2331376336012	12.0667373880458	44.5
22.2381080828848	12.0765452829214	44.5
22.2432319746934	12.0862738953973	44.5
22.2485080447833	12.095920825084	44.5
22.2539349913632	12.1054836917458	44.5
22.2595114754153	12.1149601358885	44.5
22.2652361210255	12.1243478193413	44.5
22.2711075157232	12.1336444258338	44.5
22.2771242108296	12.1428476615674	44.5
22.2832847218152	12.1519552557815	44.5
22.2895875286662	12.1609649613135	44.5
22.2960310762591	12.1698745551533	44.5
22.3026137747452	12.1786818389919	44.5
22.309333999942	12.1873846397639	44.5
22.3161900937345	12.1959808101834	44.5
22.3231803644842	12.2044682292739	44.5
22.3303030874463	12.2128448028919	44.5
22.3375565051956	12.2211084642431	44.5
22.3449388280597	12.2292571743927	44.5
22.352448234561	12.2372889227684	44.5
22.3600828718658	12.2452017276565	44.5
22.3678408562415	12.2529936366909	44.5
22.3757202735216	12.2606627273344	44.5
22.3837191795777	12.2682071073538	44.5
22.3918356007996	12.2756249152862	44.5
22.4000675345816	12.2829143208985	44.5
22.4084129498174	12.2900735256389	44.5
22.4168697874006	12.2971007630807	44.5
22.425435960733	12.3039942993584	44.5
22.4341093562397	12.3107524335949	44.5
22.4428878338899	12.3173734983217	44.5
22.4517692277257	12.3238558598903	44.5
22.4607513463961	12.3301979188749	44.5
22.4698319736977	12.3363981104673	44.5
22.4790088691215	12.342454904863	44.5
22.4882797684061	12.3483668076387	44.5
22.4976423840955	12.3541323601207	44.5
22.5070944061047	12.3597501397454	44.5
22.5166335022885	12.3652187604096	44.5
22.5262573190177	12.370536872813	44.5
22.5359634817595	12.375703164791	44.5
22.5457495956636	12.3807163616382	44.5
22.5556132461527	12.3855752264235	44.5
22.5655519995186	12.3902785602946	44.5
22.5755634035228	12.3948252027743	44.5
22.585644988001	12.3992140320465	44.5
22.5957942654732	12.4034439652334	44.5
22.606008731757	12.4075139586622	44.5
22.6162858665856	12.4114230081229	44.5
22.62662313423	12.415170149116	44.5
22.6370179841238	12.4187544570906	44.5
22.6474678514935	12.4221750476724	44.5
22.6579701579907	12.4254310768818	44.5
22.6685223123283	12.4285217413422	44.5
22.6791217109203	12.4314462784785	44.5
22.6897657385235	12.434203966705	44.5
22.7004517688835	12.4367941256032	44.5
22.7111771653821	12.4392161160904	44.5
22.7219392816883	12.4414693405764	44.5
22.7327354624109	12.443553243112	44.5
22.7435630437538	12.4454673095253	44.5
22.7544193541735	12.4472110675492	44.5
22.7653017150376	12.4487840869373	44.5
22.7762074412865	12.4501859795707	44.5
22.7871338420955	12.4514163995535	44.5
22.7980782215387	12.4524750432977	44.5
22.8090378792541	12.4533616495991	44.5
22.8200101111102	12.4540759997006	44.5
22.8309922098731	12.4546179173472	44.5
22.8419814658741	12.4549872688287	44.5
22.8529751676788	12.4551839630132	44.5
22.8639706027557	12.4552079513694	44.5
22.8749650581458	12.4550592279784	44.5
22.8859558211318	12.4547378295356	44.5
22.8969401799073	12.4542438353412	44.5
22.9079154242461	12.4535773672809	44.5
22.918878846171	12.4527385897957	44.5
22.9298277406216	12.4517277098413	44.5
22.9407594061221	12.4505449768374	44.5
22.9516711454475	12.4491906826056	44.5
22.9625602662895	12.4476651612977	44.5
22.9734240819204	12.4459687893132	44.5
22.9842599118564	12.4441019852066	44.5
22.9950650825184	12.4420652095839	44.5
23.0058369278923	12.4398589649889	44.5
23.0165727901865	12.4374837957795	44.5
23.0272700204875	12.4349402879932	44.5
23.0379259794139	12.4322290692024	44.5
23.0485380377673	12.4293508083598	44.5
23.0591035771809	12.4263062156333	44.5
23.0696199907662	12.4230960422304	44.5
23.0800846837553	12.4197210802135	44.5
23.090495074142	12.416182162304	44.5
23.100848593318	12.4124801616768	44.5
23.1111426867076	12.4086159917453	44.5
23.1213748143971	12.4045906059355	44.5
23.1315424517623	12.4004049974512	44.5
23.1416430900906	12.3960601990286	44.5
23.1516742372007	12.3915572826817	44.5
23.1616334180573	12.3868973594378	44.5
23.1715181753814	12.3820815790632	44.5
23.181326070257	12.3771111297796	44.5
23.1910546827329	12.371987237971	44.5
23.2007016124196	12.3667111678811	44.5
23.2102644790814	12.3612842213011	44.5
23.2197409232241	12.3557077372491	44.5
23.2291286066769	12.3499830916389	44.5
23.2384252131694	12.3441116969412	44.5
23.247628448903	12.3380950018348	44.5
23.2567360431171	12.3319344908492	44.5
23.2657457486491	12.3256316839983	44.5
23.2746553424889	12.3191881364053	44.5
23.2834626263275	12.3126054379192	44.5
23.2921654270995	12.3058852127224	44.5
23.300761597519	12.2990291189299	44.5
23.3092490166095	12.2920388481802	44.5
23.3176255902275	12.2849161252181	44.5
23.3258892515787	12.2776627074688	44.5
23.3340379617283	12.2702803846047	44.5
23.342069710104	12.2627709781034	44.5
23.3499825149921	12.2551363407986	44.5
23.3577744240265	12.2473783564229	44.5
23.36544351467	12.2394989391428	44.5
23.3729878946894	12.2315000330867	44.5
23.3804057026218	12.2233836118648	44.5
23.3876951082341	12.2151516780828	44.5
23.3948543129745	12.206806262847	44.5
23.4018815504163	12.1983494252638	44.5
23.408775086694	12.1897832519314	44.5
23.4155332209305	12.1811098564247	44.5
23.4221542856573	12.1723313787745	44.5
23.4286366472259	12.1634499849387	44.5
23.4349787062105	12.1544678662683	44.5
23.4411788978029	12.1453872389667	44.5
23.4472356921986	12.1362103435429	44.5
23.4531475949743	12.1269394442583	44.5
23.4589131474563	12.1175768285689	44.5
23.464530927081	12.1081248065597	44.5
23.4699995477452	12.0985857103759	44.5
23.4753176601486	12.0889618936467	44.5
23.4804839521266	12.0792557309049	44.5
23.4854971489738	12.0694696170008	44.5
23.4903560137591	12.0596059665117	44.5
23.4950593476302	12.0496672131458	44.5
23.4996059901099	12.0396558091416	44.5
23.5039948193821	12.0295742246634	44.5
23.508224752569	12.0194249471912	44.5
23.5122947459978	12.0092104809074	44.5
23.5162037954585	11.9989333460788	44.5
23.5199509364516	11.9885960784344	44.5
23.5235352444262	11.9782012285406	44.5
23.526955835008	11.9677513611709	44.5
23.5302118642173	11.9572490546737	44.5
23.5333025286778	11.9466969003361	44.5
23.5362270658141	11.9360975017441	44.5
23.5389847540406	11.9254534741409	44.5
23.5415749129388	11.9147674437809	44.5
23.543996903426	11.9040420472823	44.5
23.546250127912	11.8932799309761	44.5
23.5483340304476	11.8824837502535	44.5
23.5502480968609	11.8716561689106	44.5
23.5519918548848	11.8607998584909	44.5
23.5535648742729	11.8499174976268	44.5
23.5549667669063	11.8390117713779	44.5
23.5561971868891	11.8280853705689	44.5
23.5572558306333	11.8171409911257	44.5
23.5581424369347	11.8061813334103	44.5
23.5588567870362	11.7952091015542	44.5
23.5593987046828	11.7842270027913	44.5
23.5597680561643	11.7732377467903	44.5
23.5599647503488	11.7622440449856	44.5
23.559988738705	11.7512486099087	44.5
23.559840015314	11.7402541545186	44.5
23.5595186168712	11.7292633915326	44.5
23.5590246226768	11.7182790327571	44.5
23.5583581546165	11.7073037884183	44.5
23.5575193771313	11.6963403664934	44.5
23.5565084971769	11.6853914720428	44.5
23.555325764173	11.6744598065423	44.5
23.5539714699412	11.6635480672169	44.5
23.5524459486333	11.6526589463749	44.5
23.5507495766488	11.641795130744	44.5
23.5488827725422	11.630959300808	44.5
23.5468459969195	11.620154130146	44.5
23.5446397523245	11.6093822847721	44.5
23.5422645831151	11.5986464224779	44.5
23.5397210753288	11.5879491921769	44.5
23.537009856538	11.5772932332505	44.5
23.5341315956954	11.5666811748971	44.5
23.5310870029689	11.5561156354835	44.5
23.527876829566	11.5455992218982	44.5
23.5245018675491	11.535134528909	44.5
23.5209629496396	11.5247241385224	44.5
23.5172609490124	11.5143706193464	44.5
23.5133967790809	11.5040765259568	44.5
23.5093713932711	11.4938443982673	44.5
23.5051857847868	11.4836767609021	44.5
23.5008409863642	11.4735761225738	44.5
23.4963380700173	11.4635449754637	44.5
23.4917307821149	11.4536960478354	44.5
23.4869906992762	11.4437649493717	44.5
23.4818665510517	11.4330291834728	44.5
23.4765045468479	11.4217950795611	44.5
23.4711495514857	11.4105756632654	44.5
23.4668310745158	11.4015278915887	44.5
23.4618390800652	11.3910690166373	44.5
23.456107019557	11.379059612392	44.5
23.4495664299208	11.3653562422345	44.5
23.4421472063558	11.349812030482	44.5
23.4337778750946	11.3322772339218	44.5
23.4292142763243	11.3227159281457	44.5
23.4243858661669	11.3125998133458	44.5
23.4192834468448	11.3019096196393	44.5
23.4138977861629	11.2906260050854	44.5
23.4082196260328	11.2787295735459	44.5
23.4022396909966	11.2662008925458	44.5
23.3959486967507	11.2530205111333	44.5
23.3893373586697	11.2391689777408	44.5
23.3823964003304	11.2246268580451	44.5
23.3751165620351	11.2093747528277	44.5
23.3674886093364	11.1933933158354	44.5
23.3595033415601	11.1766632716411	44.5
23.3511516003297	11.1591654335037	44.5
23.3424242780902	11.1408807212286	44.5
23.3333123266315	11.1217901790288	44.5
23.3238067656127	11.1018749933846	44.5
23.3138986910859	11.0811165109044	44.5
23.3035792840201	11.0594962561851	44.5
23.2928398188246	11.0369959496728	44.5
23.2816716718736	11.0135975255228	44.5
23.2700663300294	10.9892831494603	44.5
23.2580153991667	10.9640352366411	44.5
23.2455106126963	10.9378364695113	44.5
23.2325438400888	10.9106698156689	44.5
23.2191070953989	10.8825185457231	44.5
23.2051925457887	10.8533662511555	44.5
23.190792520052	10.8231968621804	44.5
23.175899517138	10.791994665605	44.5
23.1605062146751	10.7597443226902	44.5
23.1446054774949	10.7264308870109	44.5
23.1281903661558	10.6920398223164	44.5
23.1112541454673	10.6565570203909	44.5
23.0937902930134	10.619968818914	44.5
23.0757925076769	10.5822620193211	44.5
23.0572547181627	10.5434239046641	44.5
23.0381710915223	10.5034422574714	44.5
23.0185360416771	10.4623053776086	44.5
22.9983442379428	10.4200021001392	44.5
22.9775906135526	10.3765218131845	44.5
22.9562703741817	10.3318544757847	44.5
22.9343790064707	10.2859906357588	44.5
22.9119122865499	10.2389214475653	44.5
22.8888662885628	10.1906386901628	44.5
22.8652373931898	10.1411347848702	44.5
22.8410222961728	10.0904028132273	44.5
22.8162180168383	10.0384365348551	44.5
22.7908219066215	9.98523040531656	44.5
22.7648316575904	9.9307795939767	44.5
22.7382453109695	9.87508000186335	44.5
22.7110612656566	9.81812827951335	44.5
22.6832782857131	9.75992184266546	44.5
22.6548955015994	9.70045887484657	44.5
22.6259124059041	9.63973831841626	44.5
22.5963288484112	9.57775986422386	44.5
22.5661450311649	9.51452394126191	44.5
22.5353615035353	9.45003170631957	44.5
22.5039791572837	9.38428503363632	44.5
22.4719992216277	9.31728650455529	44.5
22.4394232583064	9.24903939717681	44.5
22.4062531566461	9.179547676012	44.5
22.3724911286253	9.10881598163611	44.5
22.33813970394	9.03684962034219	44.5
22.3032017250691	8.96365455379448	44.5
22.2676803423396	8.88923738868193	44.5
22.2315790089922	8.81360536637179	44.5
22.1949014762459	8.73676635256295	44.5
22.1576517883643	8.6587288269396	44.5
22.1198342777198	8.5795018728247	44.5
22.0814535598598	8.49909516683338	44.5
22.0425145285715	8.41751896852651	44.5
22.0030223509474	8.3347841100643	44.5
21.9629824624505	8.25090198585961	44.5
21.9224005619795	8.16588454223163	44.5
21.8812826069345	8.07974426705926	44.5
21.8396348082818	7.99249417943465	44.5
21.7974636256195	7.90414781931678	44.5
21.7547757622427	7.8147192371848	44.5
21.7115781602088	7.72422298369172	44.5
21.6678779954028	7.63267409931775	44.5
21.6236826726027	7.54008810402389	44.5
21.5789998205445	7.44648098690546	44.5
21.533837286988	7.35186919584547	44.5
21.4882031337815	7.25626962716831	44.5
21.4421056319277	7.15969961529311	44.5
21.3955532566482	7.06217692238727	44.5
21.3485546824499	6.96371972801996	44.5
21.3011187781892	6.86434661881574	44.5
21.2532546021381	6.76407657810783	44.5
21.2049713970489	6.66292897559189	44.5
21.15627858522	6.56092355697927	44.5
21.1071857635608	6.45808043365062	44.5
21.0577026986575	6.35442007230952	44.5
21.0078393218375	6.2499632846357	44.5
20.9576057242357	6.14473121693884	44.5
20.9070121518594	6.03874533981184	44.5
20.8560690006532	5.93202743778441	44.5
20.8047868115649	5.82459959897666	44.5
20.7531762656105	5.7164842047525	44.5
20.7012481789396	5.60770391937309	44.5
20.6490134979005	5.49828167965052	44.5
20.5964832941058	5.38824068460115	44.5
20.5436687594975	5.27760438509913	44.5
20.4905812014121	5.16639647353008	44.5
20.4372320376466	5.05464087344431	44.5
20.3836327915229	4.94236172921061	44.5
20.3297950869537	4.82958339566951	44.5
20.2757306435075	4.71633042778688	44.5
20.2214512714744	4.60262757030757	44.5
20.1669688669304	4.4884997474086	44.5
20.112295406804	4.37397205235303	44.5
20.0574429439401	4.25906973714314	44.5
20.0024236021666	4.14381820217409	44.5
19.9472495713588	4.02824298588746	44.5
19.891933102505	3.91236975442472	44.5
19.8364865027719	3.79622429128056	44.5
19.7809221305699	3.67983248695671	44.5
19.7252523906179	3.56322032861519	44.5
19.6694897290093	3.44641388973186	44.5
19.613646628277	3.32943931975009	44.5
19.5577356024585	3.21232283373396	44.5
19.5017691921616	3.09509070202212	44.5
19.4457599596291	2.97776923988097	44.5
19.3897204838049	2.86038479715831	44.5
19.3336633553987	2.74296374793694	44.5
19.2776011719514	2.62553248018794	44.5
19.2215465329008	2.50811738542695	44.5
19.1655120346499	2.39074484838426	44.5
19.1095102656359	2.27344123668662	44.5
19.0535538014009	2.15623289054045	44.5
18.9976551996613	2.03914611241515	44.5
18.941826995378	1.92220715672592	44.5
18.8860816958262	1.80544221951733	44.5
18.8304317756657	1.68887742814611	44.5
18.7748896720102	1.57253883096447	44.5
18.7194677794978	1.45645238700338	44.5
18.6641784453608	1.34064395565546	44.5
18.6090339644956	1.22513928635841	44.5
18.5540465745324	1.10996400827792	44.5
18.4992284509057	0.995143619991065	44.5
18.4445917019236	0.880703479169277	44.5
18.3901483638384	0.766668792261548	44.5
18.335910395916	0.653064604177708	44.5
18.2818896755061	0.539915787971481	44.5
18.228097993112	0.427247034523592	44.5
18.1745470474608	0.315082842224985	44.5
18.1212484405731	0.203447506660105	44.5
18.068213672833	0.0923651102897836	44.5
18.015454138058	-0.0181404878652884	44.5
17.9629811185691	-0.128045662541687	44.5
17.9108057802607	-0.237327032549956	44.5
17.8589391676703	-0.345961471091357	44.5
17.8073921990488	-0.453926116074946	44.5
17.7561756614303	-0.56119838043416	44.5
17.7053002057017	-0.667755962443913	44.5
17.6547763416734	-0.773576856037167	44.5
17.6046144331484	-0.878639361122048	44.5
17.554824692993	-0.982922093898409	44.5
17.505417178206	-1.08640399717495	44.5
17.4564017849894	-1.1890643506858	44.5
17.4077882438177	-1.29088278140756	44.5
17.3595861145083	-1.39183927387608	44.5
17.3118047812911	-1.49191418050317	44.5
17.2644534478787	-1.5910882318937	44.5
17.2175411325361	-1.68934254716215	44.5
17.171076663151	-1.78665864424973	44.5
17.1250686723033	-1.88301845024098	44.5
17.0795255923354	-1.97840431168079	44.5
17.034455650422	-2.07279900489117	44.5
16.9898668636399	-2.16618574628801	44.5
16.9457670340384	-2.25854820269812	44.5
16.9021637437086	-2.34987050167583	44.5
16.8590643498539	-2.44013724182008	44.5
16.8164759798596	-2.529333503091	44.5
16.774405526363	-2.61744485712704	44.5
16.7328596423233	-2.7044573775615	44.5
16.6918447360915	-2.79035765033965	44.5
16.6513669664806	-2.87513278403537	44.5
16.611432237835	-2.9587704201681	44.5
16.5720461951009	-3.04125874351971	44.5
16.5332142188964	-3.12258649245117	44.5
16.4949414205807	-3.2027429692196	44.5
16.4572326373247	-3.28171805029492	44.5
16.4200924271809	-3.35950219667687	44.5
16.3835250641529	-3.43608646421178	44.5
16.3475345332658	-3.5114625139093	44.5
16.312124525636	-3.5856226222594	44.5
16.277298433541	-3.65855969154917	44.5
16.2430593454894	-3.73026726017957	44.5
16.2094100412911	-3.80073951298243	44.5
16.1763529871269	-3.86997129153715	44.5
16.1438903306186	-3.93795810448759	44.5
16.1120238958989	-4.00469613785896	44.5
16.0807551786815	-4.07018226537454	44.5
16.0500853413307	-4.13441405877267	44.5
16.0200152079316	-4.19738979812351	44.5
15.9905452593602	-4.25910848214582	44.5
15.9616756283529	-4.31956983852399	44.5
15.9334060945767	-4.37877433422461	44.5
15.9057360796993	-4.43672318581363	44.5
15.8786646424708	-4.49341836974731	44.5
15.8521904750699	-4.54886263001858	44.5
15.8263119060298	-4.60305947202659	44.5
15.8010269082372	-4.65601314582734	44.5
15.7763331074446	-4.7077286283087	44.5
15.7522277907834	-4.75821160536417	44.5
15.7287079152773	-4.80746845406676	44.5
15.7057701163551	-4.85550622484274	44.5
15.6834107163637	-4.9023326236454	44.5
15.6616257330817	-4.94795599412882	44.5
15.6404108882318	-4.99238529982174	44.5
15.6197616159945	-5.03563010630121	44.5
15.5996730715211	-5.07770056336651	44.5
15.5801401394464	-5.11860738721283	44.5
15.5611574424022	-5.15836184260509	44.5
15.5427193495303	-5.19697572505176	44.5
15.5248199849956	-5.23446134297857	44.5
15.5074532364991	-5.27083149990236	44.5
15.4906127637911	-5.30609947660481	44.5
15.4742920071843	-5.34027901330626	44.5
15.4584841960668	-5.37338429183949	44.5
15.4431823574155	-5.40542991782347	44.5
15.4283793243087	-5.43643090283718	44.5
15.4140677444397	-5.46640264659339	44.5
15.4002400886294	-5.49536091911243	44.5
15.38688865934	-5.52332184289596	44.5
15.3740055991876	-5.55030187510078	44.5
15.3615828994556	-5.57631778971259	44.5
15.3496124086074	-5.60138665971981	44.5
15.3380858408001	-5.62552583928733	44.5
15.3269947843971	-5.64875294593029	44.5
15.3163307104814	-5.6710858426879	44.5
15.3060849813688	-5.69254262029716	44.5
15.2962488591207	-5.71314157936672	44.5
15.2868135140574	-5.73290121255059	44.5
15.2777700332713	-5.75184018672199	44.5
15.2691094291399	-5.76997732514709	44.5
15.2608226478386	-5.78733158965878	44.5
15.2529005778545	-5.80392206283053	44.5
15.2453340584986	-5.81976793015006	44.5
15.2381138884198	-5.83488846219321	44.5
15.2312308341173	-5.84930299679771	44.5
15.2246756384542	-5.86303092123694	44.5
15.2184390291701	-5.87609165439371	44.5
15.2125117273948	-5.88850462893407	44.5
15.2068844561607	-5.90028927348107	44.5
15.2015479489168	-5.91146499478856	44.5
15.1964929580407	-5.92205115991496	44.5
15.1917102633527	-5.93206707839706	44.5
15.1871906806282	-5.94153198442377	44.5
15.1789043450277	-5.95888521217012	44.5
15.1715615200487	-5.97426253231198	44.5
15.1650908946254	-5.98781328756371	44.5
15.1594225502353	-5.99968390375709	44.5
15.1544882333191	-6.01001731940243	44.5
15.148318589614	-6.02293774355787	44.5
15.1434376070658	-6.03315945911305	44.5
15.1385890584862	-6.04331324945801	44.5
15.1340134536505	-6.05289544237744	44.5
15.1296946913696	-6.06193975773055	44.5
15.1253382465656	-6.07106251107517	44.5
15.1208105684049	-6.08053488577053	44.5
15.1155541085525	-6.09150973336571	44.5
15.1109187278505	-6.10116583003703	44.5
15.1052117095256	-6.113025998385	44.5
15.1001371382213	-6.12354640471022	44.5
15.0943078825458	-6.1356030507105	44.5
15.087655289118	-6.14932720566024	44.5
15.0827280873765	-6.15946861806534	44.5
15.0773823858066	-6.17044985579137	44.5
15.0715966034875	-6.18231071434878	44.5
15.0653488909102	-6.19509104500042	44.5
15.0586171555744	-6.20883067842069	44.5
15.0513790875856	-6.22356934835465	44.5
15.0436121852521	-6.23934661527714	44.5
15.0352937806818	-6.25620179005197	44.5
15.0264010653791	-6.27417385759097	44.5
15.0217321814013	-6.28359080101751	44.5
15.0169111158422	-6.29330140051322	44.5
15.0119349894939	-6.30331040352255	44.5
15.00680091916	-6.31362252280405	44.5
15.001506018456	-6.32424243404473	44.5
14.9960473986088	-6.33517477347434	44.5
14.9904221692567	-6.34642413547979	44.5
14.9846274392494	-6.35799507021949	44.5
14.978660317448	-6.36989208123765	44.5
14.9725179135244	-6.38211962307867	44.5
14.9661973387618	-6.39468209890147	44.5
14.9596957068544	-6.40758385809386	44.5
14.9530101347072	-6.42082919388687	44.5
14.9461377432359	-6.43442234096908	44.5
14.939075658167	-6.448367473101	44.5
14.9318210108376	-6.46266870072942	44.5
14.9243709389952	-6.47733006860173	44.5
14.9167225875977	-6.49235555338027	44.5
14.9088731096133	-6.50774906125672	44.5
14.9008196668206	-6.52351442556638	44.5
14.892559430608	-6.53965540440258	44.5
14.8840895827742	-6.55617567823101	44.5
14.8754073163276	-6.57307884750403	44.5
14.8665098362865	-6.59036843027508	44.5
14.8573943604792	-6.60804785981297	44.5
14.8480581203431	-6.62612048221629	44.5
14.8384983617257	-6.64458955402768	44.5
14.8287123456836	-6.66345823984824	44.5
14.8186973492829	-6.68272960995187	44.5
14.8084506663988	-6.7024066378996	44.5
14.797969608516	-6.72249219815393	44.5
14.7872515055279	-6.7429890636932	44.5
14.776293706537	-6.76389990362593	44.5
14.7650935806549	-6.78522728080517	44.5
14.7536485178017	-6.80697364944285	44.5
14.7419559295062	-6.82914135272412	44.5
14.7300132497062	-6.85173262042168	44.5
14.7178179355474	-6.87474956651018	44.5
14.7053674681844	-6.89819418678052	44.5
14.6926593535798	-6.92206835645423	44.5
14.6796911233047	-6.94637382779777	44.5
14.6664603353381	-6.97111222773696	44.5
14.6529645748671	-6.99628505547123	44.5
14.6392014550867	-7.02189368008804	44.5
14.6251686179999	-7.04793933817722	44.5
14.6108637352173	-7.07442313144526	44.5
14.5962845087571	-7.10134602432974	44.5
14.5814286718452	-7.1287088416136	44.5
14.5662939897149	-7.15651226603958	44.5
14.5508782604069	-7.18475683592446	44.5
14.5351793155691	-7.21344294277348	44.5
14.5191950212567	-7.24257082889468	44.5
14.5029232787318	-7.27214058501323	44.5
14.4863620252637	-7.30215214788578	44.5
14.4695092349285	-7.33260529791483	44.5
14.452362919409	-7.36349965676302	44.5
14.4349211287948	-7.39483468496757	44.5
14.4171819523822	-7.42660967955456	44.5
14.3991435194739	-7.45882377165326	44.5
14.380804000179	-7.49147592411057	44.5
14.3621616062131	-7.52456492910527	44.5
14.3432145916977	-7.55808940576241	44.5
14.3239612539609	-7.59204779776768	44.5
14.3043999343363	-7.62643837098171	44.5
14.284529018964	-7.66125921105445	44.5
14.2643469395895	-7.69650822103952	44.5
14.2438521743629	-7.73218311901821	44.5
14.2230432485405	-7.7682814363651	44.5
14.2019187347754	-7.80480051874688	44.5
14.1804772531435	-7.84173752888414	44.5
14.1587174711479	-7.87908944945374	44.5
14.136638103723	-7.91685308599125	44.5
14.1142379132392	-7.95502506979327	44.5
14.0915157095074	-7.99360186081996	44.5
14.0684703497831	-8.03257975059732	44.5
14.0451007387714	-8.0719548651197	44.5
14.0214058286307	-8.11172316775213	44.5
13.997384618978	-8.15188046213279	44.5
13.9730361568925	-8.19242239507535	44.5
13.9483595369207	-8.23334445947144	44.5
13.9233539010805	-8.27464199719301	44.5
13.8980184388656	-8.31631020199476	44.5
13.8723523872502	-8.35834412241654	44.5
13.8463550306932	-8.40073866468576	44.5
13.8200257011427	-8.4434885956198	44.5
13.7933637780407	-8.4865885455284	44.5
13.766368688327	-8.53003301111606	44.5
13.7390399064442	-8.5738163583845	44.5
13.7113769543417	-8.617932825535	44.5
13.6833794014805	-8.66237652587085	44.5
13.6550468648374	-8.70714145069974	44.5
13.6263790089095	-8.75222147223615	44.5
13.5973755457186	-8.7976103465038	44.5
13.5680362348159	-8.84330171623804	44.5
13.5383608832861	-8.8892891137882	44.5
13.5083493457519	-8.93556596402009	44.5
13.4780015243785	-8.98212558721834	44.5
13.4473173688784	-9.02896120198884	44.5
13.416296876515	-9.0760659281611	44.5
13.3849400921079	-9.12343278969074	44.5
13.3532471080368	-9.17105471756181	44.5
13.3212180642462	-9.21892455268924	44.5
13.2888531482497	-9.26703504882125	44.5
13.2561525951346	-9.31537887544173	44.5
13.223116687566	-9.36394862067268	44.5
13.1897457557918	-9.41273679417658	44.5
13.1560401776466	-9.46173583005882	44.5
13.1220003785563	-9.51093808977011	44.5
13.0876268315428	-9.56033586500887	44.5
13.0529200572282	-9.60992138062365	44.5
13.0178806238391	-9.65968679751553	44.5
12.9825091472113	-9.70962421554049	44.5
12.9468062907944	-9.75972567641194	44.5
12.9107727656556	-9.80998316660293	44.5
12.8744093304848	-9.86038862024876	44.5
12.8377167915987	-9.91093392204925	44.5
12.8006960029454	-9.96161091017118	44.5
12.7633478661086	-10.0124113791507	44.5
12.7256733303123	-10.0633270827958	44.5
12.6876733924251	-10.1143497370887	44.5
12.6493490969648	-10.1654710230879	44.5
12.6107015361026	-10.2166825898314	44.5
12.5717318496675	-10.2679760572381	44.5
12.5324412251514	-10.3193430190111	44.5
12.4928308977124	-10.3707750455396	44.5
12.4529021501805	-10.4222636868014	44.5
12.4126563130609	-10.4738004752652	44.5
12.3720947645393	-10.5253769287934	44.5
12.3312189304858	-10.5769845535441	44.5
12.2900302844597	-10.6286148468736	44.5
12.2485303477137	-10.6802593002391	44.5
12.2067206891984	-10.7319094021005	44.5
12.1646029255669	-10.7835566408236	44.5
12.1221787211788	-10.8351925075816	44.5
12.0794497881053	-10.8868084992584	44.5
12.036417886133	-10.9383961213504	44.5
11.9930848227688	-10.9899468908691	44.5
11.9494524532441	-11.0414523392435	44.5
11.9055226805193	-11.0929040152226	44.5
11.8612974552883	-11.1442934877776	44.5
11.8167787759828	-11.1956123490044	44.5
11.7719686887767	-11.2468522170263	44.5
11.7268692875911	-11.2980047388959	44.5
11.6814827140978	-11.3490615934976	44.5
11.6358111577245	-11.4000144944506	44.5
11.589856855659	-11.4508551930103	44.5
11.5436220928536	-11.5015754809718	44.5
11.4971092020295	-11.5521671935714	44.5
11.4503205636813	-11.6026222123895	44.5
11.4032586060815	-11.6529324682529	44.5
11.355925805285	-11.7030899441371	44.5
11.3083246851331	-11.7530866780689	44.5
11.2604578172586	-11.8029147660287	44.5
11.2123278210897	-11.8525663648528	44.5
11.1639373638547	-11.902033695136	44.5
11.1152891605865	-11.9513090441339	44.5
11.0663859741267	-12.0003847686653	44.5
11.0172306151305	-12.0492532980147	44.5
10.9678259420707	-12.0979071368345	44.5
10.9181748612425	-12.1463388680477	44.5
10.8682803267678	-12.1945411557501	44.5
10.8181453405994	-12.2425067481127	44.5
10.7677729525259	-12.2902284802842	44.5
10.7171662601759	-12.3376992772935	44.5
10.6663284090223	-12.3849121569517	44.5
10.6152625923869	-12.4318602327551	44.5
10.5639720514451	-12.478536716787	44.5
10.5124600752297	-12.5249349226206	44.5
10.4607300006359	-12.5710482682211	44.5
10.4087852124256	-12.6168702788483	44.5
10.3566291432316	-12.6623945899588	44.5
10.3042652735623	-12.7076149501085	44.5
10.2516971318063	-12.7525252238553	44.5
10.1989282942363	-12.7971193946609	44.5
10.1459623850139	-12.8413915677938	44.5
10.0928030761942	-12.8853359732312	44.5
10.0394540877298	-12.9289469685619	44.5
9.98591918747554	-12.9722190418883	44.5
9.93220219119292	-13.015146814729	44.5
9.87830696255445	-13.0577250449212	44.5
9.82423741314812	-13.0999486295231	44.5
9.76999750248189	-13.1418126077162	44.5
9.71559123798805	-13.1833121637079	44.5
9.66102267502771	-13.2244426296337	44.5
9.60629591689526	-13.2651994884598	44.5
9.55141511482274	-13.3055783768854	44.5
9.49638446798436	-13.345575088245	44.5
9.44120822350088	-13.385185575411	44.5
9.38589067644407	-13.4244059536961	44.5
9.33043616984116	-13.4632325037556	44.5
9.27484909467927	-13.5016616744898	44.5
9.21913388990356	-13.5396900859223	44.5
9.16329504219087	-13.5773145312183	44.5
9.10733708503424	-13.6145319760617	44.5
9.05126459750034	-13.6513395567801	44.5
8.99508220296999	-13.6877345784038	44.5
8.93879456787881	-13.723714512726	44.5
8.88240640045776	-13.7592769963625	44.5
8.82592244947374	-13.7944198288114	44.5
8.76934750297017	-13.829140970513	44.5
8.71268638700759	-13.8634385409095	44.5
8.65594396440422	-13.8973108165049	44.5
8.59912513347659	-13.9307562289247	44.5
8.54223482678006	-13.9637733629757	44.5
8.48527800984947	-13.9963609547056	44.5
8.42825967993967	-14.0285178894632	44.5
8.37118486476617	-14.0602431999579	44.5
8.31405862124565	-14.0915360643194	44.5
8.25688603423658	-14.1223958041577	44.5
8.19967221527985	-14.1528218826229	44.5
8.14242230133925	-14.1828139024648	44.5
8.08514145354218	-14.2123716040928	44.5
8.02783485592013	-14.2414948636355	44.5
7.97050771414932	-14.2701836910008	44.5
7.91316525429129	-14.2984382279357	44.5
7.85581272153343	-14.3262587460855	44.5
7.79845537892965	-14.3536456450543	44.5
7.74109850614088	-14.3805994504645	44.5
7.68374739817571	-14.4071208120163	44.5
7.62640736413097	-14.4332105015481	44.5
7.56908372593228	-14.4588694110956	44.5
7.51178181707468	-14.4840985509522	44.5
7.45450698136318	-14.5088990477284	44.5
7.39726457165338	-14.5332721424117	44.5
7.34005994859201	-14.5572191884262	44.5
7.28289847935757	-14.5807416496929	44.5
7.22578553640084	-14.603841098689	44.5
7.16872649618557	-14.6265192145077	44.5
7.11172673792896	-14.6487777809182	44.5
7.0547916423423	-14.6706186844256	44.5
6.99792659037157	-14.6920439123303	44.5
6.94113696193798	-14.7130555507878	44.5
6.88442813467858	-14.733655782869	44.5
6.82780548268685	-14.7538468866195	44.5
6.77127437525326	-14.7736312331195	44.5
6.71484017560589	-14.7930112845437	44.5
6.65850823965099	-14.8119895922208	44.5
6.60228391471359	-14.8305687946937	44.5
6.54617253827803	-14.8487516157789	44.5
6.49017943672862	-14.8665408626267	44.5
6.43430992409017	-14.8839394237804	44.5
6.37856930076861	-14.9009502672367	44.5
6.32296285229154	-14.917576438505	44.5
6.26749584804884	-14.9338210586676	44.5
6.21217354003326	-14.9496873224392	44.5
6.15700116158098	-14.9651784962266	44.5
6.10198392611222	-14.9802979161889	44.5
6.04712702587181	-14.9950489862969	44.5
5.99243563066977	-15.0094351763929	44.5
5.93791488662195	-15.0234600202509	44.5
5.88356991489051	-15.0371271136358	44.5
5.8294058104246	-15.0504401123637	44.5
5.77542764070091	-15.0634027303612	44.5
5.72164044446425	-15.0760187377257	44.5
5.66804923046815	-15.0882919587848	44.5
5.61465897621542	-15.1002262701562	44.5
5.56147462669876	-15.1118255988076	44.5
5.50850109314136	-15.1230939201162	44.5
5.45574325173742	-15.1340352559288	44.5
5.40320594239281	-15.1446536726214	44.5
5.35089396746561	-15.1549532791592	44.5
5.29881209050672	-15.164938225156	44.5
5.24696503500041	-15.1746126989342	44.5
5.19535748310494	-15.1839809255847	44.5
5.14399407439316	-15.1930471650267	44.5
5.09287940459303	-15.201815710067	44.5
5.04201802432825	-15.2102908844606	44.5
4.99141443785886	-15.2184770409696	44.5
4.9410731018218	-15.2263785594237	44.5
4.89099842397148	-15.2339998447796	44.5
4.8411947619204	-15.2413453251809	44.5
4.79166642187973	-15.2484194500178	44.5
4.74241765739986	-15.2552266879871	44.5
4.69345266811104	-15.2617715251517	44.5
4.6447755984639	-15.2680584630006	44.5
4.59639053647011	-15.2740920165087	44.5
4.5483015124429	-15.2798767121963	44.5
4.50051249773768	-15.2854170861892	44.5
4.45302740349261	-15.2907176822782	44.5
4.4058500793692	-15.2957830499795	44.5
4.3589843122929	-15.3006177425934	44.5
4.31243382519364	-15.3052263152653	44.5
4.26620227574647	-15.3096133230445	44.5
4.22029325511212	-15.3137833189445	44.5
4.17471028667758	-15.3177408520029	44.5
4.12945682479671	-15.3214904653406	44.5
4.08453625353079	-15.3250366942223	44.5
4.03995188538913	-15.3283840641155	44.5
3.99570696006965	-15.3315370887512	44.5
3.95180464319946	-15.3345002681829	44.5
3.90824802507546	-15.3372780868467	44.5
3.86504011940491	-15.3398750116211	44.5
3.82218386204601	-15.3422954898869	44.5
3.7796821097485	-15.3445439475866	44.5
3.73753763889426	-15.3466247872846	44.5
3.69575314423784	-15.3485423862267	44.5
3.65433123764709	-15.3503010944001	44.5
3.61327444684377	-15.351905232593	44.5
3.57258521414406	-15.3533590904544	44.5
3.5322658951992	-15.3546669245542	44.5
3.49231875773606	-15.3558329564424	44.5
3.45274598029774	-15.3568613707095	44.5
3.41354965098412	-15.3577563130459	44.5
3.37473176619248	-15.3585218883017	44.5
3.33629422935807	-15.3591621585468	44.5
3.29823884969471	-15.3596811411302	44.5
3.26056734093533	-15.3600828067401	44.5
3.22328132007262	-15.3603710774638	44.5
3.18638230609957	-15.3605498248472	44.5
3.14987171875007	-15.3606228679547	44.5
3.11375087723949	-15.3605939714289	44.5
3.07802099900526	-15.3604668435507	44.5
3.0426831984475	-15.3602451342985	44.5
3.00773848566953	-15.3599324334088	44.5
2.97318776521851	-15.359532268435	44.5
2.93903183482601	-15.3590481028082	44.5
2.9052713841786	-15.3584833339255	44.5
2.87190699432916	-15.3578412918638	44.5
2.8389391385419	-15.3571252394922	44.5
2.80636818363473	-15.3563383730673	44.5
2.77419439133693	-15.3554838228458	44.5
2.74241791964704	-15.3545646536955	44.5
2.71103882419055	-15.3535838657071	44.5
2.68005705957775	-15.3525443948056	44.5
2.64947248076149	-15.3514491133622	44.5
2.61928484439493	-15.3503008308053	44.5
2.58949381018939	-15.3491022942328	44.5
2.56009894227208	-15.3478561890231	44.5
2.53109971054389	-15.3465651394469	44.5
2.5024954920372	-15.3452317092788	44.5
2.47428557227364	-15.3438584024087	44.5
2.44646914662188	-15.3424476634537	44.5
2.41904532165539	-15.3410018783693	44.5
2.39201311651027	-15.3395233750612	44.5
2.36537146424299	-15.3380144239968	44.5
2.3391192131882	-15.3364772388169	44.5
2.31325512831649	-15.3349139769471	44.5
2.2877778925922	-15.3333267402093	44.5
2.26268610833118	-15.3317175754336	44.5
2.23797829855857	-15.3300884750697	44.5
2.21365290836662	-15.3284413777982	44.5
2.18970830627241	-15.3267781691428	44.5
2.16614278557571	-15.3251006820813	44.5
2.14295456571669	-15.3234106976574	44.5
2.12014179363375	-15.3217099455922	44.5
2.09770254512128	-15.320000104896	44.5
2.07563482618746	-15.3182828044795	44.5
2.05393657441203	-15.3165596237658	44.5
2.03260566030408	-15.3148320933016	44.5
2.01163988865981	-15.3131016953689	44.5
1.99103699992035	-15.3113698645968	44.5
1.97079467152953	-15.3096379885726	44.5
1.95091051929165	-15.3079074084538	44.5
1.93138209872926	-15.3061794195795	44.5
1.91220690644098	-15.304455272082	44.5
1.89338238145922	-15.3027361714984	44.5
1.87490590660803	-15.3010232793822	44.5
1.85677480986084	-15.2993177139145	44.5
1.83898636569826	-15.2976205505162	44.5
1.82153779646585	-15.2959328224592	44.5
1.80442627373192	-15.294255521478	44.5
1.7876489196453	-15.2925895983813	44.5
1.77120280829312	-15.2909359636636	44.5
1.7550849670586	-15.2892954881169	44.5
1.73929237797885	-15.2876690034418	44.5
1.72382197910261	-15.2860573028596	44.5
1.70867066584808	-15.2844611417239	44.5
1.69383529236067	-15.2828812381315	44.5
1.67931267287078	-15.2813182735348	44.5
1.66509958305163	-15.2797728933527	44.5
1.65119276137698	-15.2782457075829	44.5
1.63758891047895	-15.2767372914125	44.5
1.6242846985058	-15.2752481858306	44.5
1.61127676047971	-15.2737788982391	44.5
1.59856169965455	-15.2723299030647	44.5
1.58613608887368	-15.2709016423703	44.5
1.57399647192773	-15.2694945264667	44.5
1.56213936491237	-15.268108934524	44.5
1.55056125758611	-15.2667452151832	44.5
1.53925861472808	-15.2654036871679	44.5
1.52822787749579	-15.264084639896	44.5
1.51746546478294	-15.2627883340908	44.5
1.50696777457721	-15.2615150023931	44.5
1.496731185318	-15.2602648499723	44.5
1.48675205725425	-15.2590380551383	44.5
1.46755154290327	-15.2566551208421	44.5
1.44933680130211	-15.2543671120318	44.5
1.43207819807922	-15.2521745506219	44.5
1.41574593816266	-15.2500775874847	44.5
1.40031010922918	-15.2480760220202	44.5
1.38574072515324	-15.2461693217269	44.5
1.37200776945608	-15.2443566417718	44.5
1.35908123875479	-15.2426368445611	44.5
1.34693118621132	-15.2410085193104	44.5
1.33552776498157	-15.2394700016149	44.5
1.32484127166441	-15.23801939302	44.5
1.31484218975077	-15.2366545805916	44.5
1.30106847344584	-15.2347631328747	44.5
1.28867796315072	-15.2330509847492	44.5
1.27757473492958	-15.2315088891337	44.5
1.26766491079162	-15.2301270085191	44.5
1.25615044989901	-15.2285159125492	44.5
1.24419470091073	-15.2268385460337	44.5
1.23291591042141	-15.22525391286	44.5
1.2220913554985	-15.2237326294562	44.5
1.21187500938659	-15.222296815646	44.5
