1.20515765865591	-17.1047199614847	19
1.1921002262679	-17.1028220699311	19
1.17906126073989	-17.1008012010892	19
1.16604192026819	-17.0986575344643	19
1.1530433613059	-17.0963912604692	19
1.14006673846019	-17.0940025804076	19
1.12711320438973	-17.0914917064557	19
1.11418390970232	-17.0888588616439	19
1.10128000285266	-17.0861042798368	19
1.08840263004038	-17.0832282057122	19
1.07555293510818	-17.0802308947397	19
1.06273205944027	-17.0771126131576	19
1.04994114186096	-17.0738736379499	19
1.03718131853351	-17.0705142568211	19
1.0244537228592	-17.0670347681707	19
1.01175948537667	-17.0634354810671	19
0.999099733661496	-17.0597167152199	19
0.986475592226023	-17.0558788009511	19
0.973888182419488	-17.0519220791668	19
0.961338622328412	-17.0478469013256	19
0.948828026677284	-17.0436536294085	19
0.93635750672955	-17.0393426358861	19
0.923928170188894	-17.0349143036858	19
0.911541121100857	-17.0303690261578	19
0.899197459754763	-17.0257072070397	19
0.886898282585984	-17.0209292604213	19
0.874644682078551	-17.0160356107076	19
0.862437746668113	-17.0110266925807	19
0.850278560645255	-17.0059029509617	19
0.838168204059185	-17.0006648409709	19
0.826107752621798	-16.9953128278877	19
0.814098277612126	-16.9898473871087	19
0.802140845781179	-16.984269004106	19
0.790236519257192	-16.9785781743838	19
0.778386355451278	-16.9727754034345	19
0.766591406963504	-16.9668612066938	19
0.754852721489397	-16.9608361094949	19
0.743171341726873	-16.9547006470216	19
0.731548305283626	-16.9484553642613	19
0.719984644584959	-16.9421008159562	19
0.708481386782077	-16.9356375665538	19
0.69703955366085	-16.9290661901574	19
0.685660161551056	-16.9223872704747	19
0.674344221236097	-16.9156014007659	19
0.663092737863223	-16.9087091837912	19
0.651906710854243	-16.9017112317571	19
0.640787133816756	-16.8946081662622	19
0.629734994455888	-16.887400618242	19
0.618751274486562	-16.8800892279123	19
0.607836949546295	-16.8726746447133	19
0.596992989108535	-16.8651575272511	19
0.58622035639655	-16.8575385432395	19
0.575520008297866	-16.8498183694407	19
0.56489289527927	-16.8419976916052	19
0.554339961302389	-16.8340772044108	19
0.543862143739837	-16.826057611401	19
0.533460373291951	-16.8179396249224	19
0.52313557390413	-16.8097239660616	19
0.512888662684753	-16.8014113645807	19
0.502720549823722	-16.7930025588533	19
0.492632138511617	-16.7844982957979	19
0.48262432485946	-16.7758993308125	19
0.472697997819128	-16.7672064277068	19
0.462854039104383	-16.7584203586347	19
0.453093323112557	-16.7495419040258	19
0.443416716846881	-16.7405718525156	19
0.433825079839476	-16.7315110008759	19
0.424319264074999	-16.7223601539442	19
0.414900113914972	-16.7131201245514	19
0.405568466022772	-16.7037917334504	19
0.396325149289324	-16.6943758092429	19
0.387170984759465	-16.6848731883056	19
0.378106785559018	-16.6752847147164	19
0.369133356822567	-16.6656112401789	19
0.360251495621938	-16.6558536239469	19
0.351461990895397	-16.6460127327485	19
0.342765623377577	-16.6360894407085	19
0.334163165530124	-16.626084629271	19
0.325655381473085	-16.6159991871213	19
0.317243026917031	-16.6058340101066	19
0.308926849095936	-16.5955900011567	19
0.300707586700799	-16.5852680702038	19
0.29258596981403	-16.5748691341015	19
0.284562719844602	-16.5643941165432	19
0.276638549463967	-16.5538439479808	19
0.268814162542757	-16.5432195655412	19
0.261090254088261	-16.5325219129434	19
0.253467510182687	-16.5217519404148	19
0.245946607922224	-16.5109106046066	19
0.238528215356898	-16.499998868509	19
0.231212991431231	-16.4890177013655	19
0.224001585925709	-16.4779680785868	19
0.216894639399065	-16.4668509816643	19
0.209892783131384	-16.4556673980828	19
0.202996639068025	-16.444418321233	19
0.196206819764377	-16.4331047503227	19
0.189523928331451	-16.421727690289	19
0.182948558382305	-16.4102881517078	19
0.176481293979317	-16.3987871507054	19
0.170122709582305	-16.387225708867	19
0.163873369997502	-16.3756048531467	19
0.157733830327385	-16.3639256157763	19
0.151704635921365	-16.352189034173	19
0.145786322327352	-16.3403961508479	19
0.13997941524418	-16.328548013313	19
0.13428443047491	-16.3166456739886	19
0.128701873881021	-16.3046901901091	19
0.123232241337467	-16.2926826236298	19
0.117876018688636	-16.2806240411321	19
0.112633681705195	-16.2685155137291	19
0.107505696041827	-16.2563581169702	19
0.102492517195868	-16.2441529307457	19
0.0975945904668494	-16.2319010391908	19
0.092812350916945	-16.2196035305893	19
0.0881462233323225	-16.207261497277	19
0.0835966221854134	-16.1948760355448	19
0.0791639515980986	-16.1824482455409	19
0.0748486053058095	-16.1699792311735	19
0.0706509666225552	-16.1574701000125	19
0.0665714084068756	-16.1449219631914	19
0.0626102930287189	-16.1323359353082	19
0.0587679723372567	-16.1197131343266	19
0.0550447876296305	-16.1070546814768	19
0.0514410696206324	-16.0943617011559	19
0.0479571384133337	-16.0816353208276	19
0.0445933034706494	-16.0688766709227	19
0.0413498635878478	-16.0560868847383	19
0.0382271068660136	-16.0432670983371	19
0.0352253106864557	-16.0304184504466	19
0.0323447416860667	-16.0175420823581	19
0.0295856557336409	-16.004639137825	19
0.0269482979071465	-15.9917107629615	19
0.0244329024719545	-15.9787581061405	19
0.0220396928600322	-15.965782317892	19
0.0197688816500947	-15.9527845508005	19
0.0176206705487241	-15.9397659594028	19
0.0155952503724512	-15.9267277000854	19
0.0136928010308077	-15.913670930982	19
0.0119134915103438	-15.9005968118703	19
0.0102574798596196	-15.8875065040692	19
0.00872491317516499	-15.8744011703354	19
0.00731592758841448	-15.8612819747604	19
0.00603064825361477	-15.8481500826672	19
0.00486918933670766	-15.8350066605062	19
0.00383165400519014	-15.8218528757523	19
0.00291813441894928	-15.8086898968006	19
0.00212871172207718	-15.7955188928631	19
0.00146345603566189	-15.7823410338645	19
0.000922426451560376	-15.7691574903383	19
0.000505671027148269	-15.7559694333232	19
0.000213226781052178	-15.7427780342587	19
4.51196898612061e-05	-15.7295844648811	19
1.36468581879434e-06	-15.7163898971194	19
8.19656554977843e-05	-15.7031955029916	19
0.000286915439454027	-15.6900024545	19
0.000616195832862321	-15.6768119235273	19
0.00106977758713445	-15.663625081733	19
0.00164762041251598	-15.6504431004485	19
0.00234967298166655	-15.6372671505735	19
0.00317587293421751	-15.6240984024722	19
0.00412614688231172	-15.610938025869	19
0.00520041041712238	-15.5977871897444	19
0.0063985681163512	-15.5846470622319	19
0.0077205135527032	-15.5715188105136	19
0.00916612930334137	-15.5584036007166	19
0.0107352869603157	-15.5453025978098	19
0.0124278471419703	-15.5322169655	19
0.0142436595053232	-15.5191478661286	19
0.0161825627594212	-15.5060964605688	19
0.0182443846796663	-15.4930639081217	19
0.0204289421231139	-15.4800513664141	19
0.0227360410447399	-15.4670599912951	19
0.0251654765146794	-15.4540909367337	19
0.027717032736426	-15.4411453547165	19
0.0303904830660027	-15.4282243951449	19
0.0331855900320932	-15.4153292057332	19
0.0361021053571353	-15.4024609319066	19
0.0391397699793739	-15.3896207166997	19
0.0422983140758735	-15.3768097006546	19
0.0455774570864844	-15.3640290217199	19
0.0489769077387636	-15.3512798151493	19
0.0524963640738492	-15.3385632134011	19
0.0561355134732786	-15.3258803460374	19
0.0598940326867607	-15.3132323396238	19
0.0637715878608871	-15.3006203176293	19
0.0677678345687862	-15.2880454003268	19
0.0718824178407191	-15.2755087046929	19
0.0761149721956089	-15.2630113443097	19
0.0804651216735039	-15.2505544292647	19
0.0849324798689752	-15.2381390660534	19
0.0895166499654372	-15.2257663574799	19
0.0942172247703952	-15.2134374025599	19
0.0990337867516162	-15.2011532964224	19
0.103965908074216	-15.1889151302127	19
0.109013150638659	-15.1767239909955	19
0.114175066119678	-15.1645809616583	19
0.119451196006093	-15.1524871208152	19
0.12484107164154	-15.1404435427111	19
0.130344214266102	-15.1284512971261	19
0.135960135058829	-15.1165114492809	19
0.141688335181166	-15.1046250597418	19
0.147528305821256	-15.0927931843266	19
0.153479528239141	-15.081016874011	19
0.159541473812834	-15.0692971748349	19
0.165713604085278	-15.0576351278098	19
0.171995370812176	-15.046031768826	19
0.178386216010683	-15.0344881285611	19
0.184885572008979	-15.0230052323879	19
0.191492861496682	-15.0115841002837	19
0.198207497576137	-15.0002257467394	19
0.205028883814541	-14.9889311806697	19
0.211956414296929	-14.9777014053232	19
0.218989473679986	-14.9665374181936	19
0.226127437246711	-14.9554402109306	19
0.23336967096191	-14.9444107692525	19
0.240715531528507	-14.933450072858	19
0.248164366444694	-14.9225590953395	19
0.255715514061882	-14.9117388040966	19
0.263368303643479	-14.9009901602502	19
0.271122055424464	-14.890314118557	19
0.278976080671773	-14.8797116273247	19
0.286929681745469	-14.8691836283278	19
0.294982152160717	-14.8587310567243	19
0.303132776650534	-14.8483548409717	19
0.311380831229325	-14.8380559027458	19
0.319725583257192	-14.8278351568576	19
0.328166291505009	-14.817693511173	19
0.336702206220264	-14.8076318665316	19
0.345332569193658	-14.7976511166668	19
0.354056613826449	-14.7877521481265	19
0.36287356519855	-14.7779358401943	19
0.371782640137358	-14.7682030648115	19
0.380783047287326	-14.7585546864995	19
0.389873987180249	-14.748991562283	19
0.399054652306279	-14.7395145416141	19
0.408324227185659	-14.7301244662963	19
0.417681888441149	-14.7208221704107	19
0.42712680487117	-14.7116084802408	19
0.436658137523632	-14.7024842141999	19
0.446275039770459	-14.6934501827581	19
0.455976657382787	-14.6845071883703	19
0.465762128606844	-14.6756560254049	19
0.475630584240495	-14.6668974800734	19
0.485581147710451	-14.6582323303605	19
0.495612935150129	-14.6496613459548	19
0.505725055478162	-14.6411852881808	19
0.515916610477557	-14.632804909931	19
0.526186694875468	-14.6245209555989	19
0.536534396423616	-14.6163341610132	19
0.546958795979319	-14.6082452533725	19
0.557458967587131	-14.6002549511803	19
0.568033978561101	-14.5923639641814	19
0.578682889567606	-14.5845729932988	19
0.589404754708796	-14.5768827305718	19
0.600198621606618	-14.5692938590939	19
0.6110635314874	-14.5618070529524	19
0.621998519267024	-14.5544229771689	19
0.63300261363665	-14.5471422876397	19
0.64407483714899	-14.5399656310777	19
0.655214206305128	-14.5328936449549	19
0.666419731641889	-14.5259269574462	19
0.67769041781972	-14.519066187373	19
0.689025263711106	-14.5123119441485	19
0.700423262489498	-14.5056648277238	19
0.711883401718738	-14.499125428534	19
0.723404663442996	-14.4926943274465	19
0.73498602427719	-14.4863720957088	19
0.746626455497885	-14.4801592948981	19
0.758324923134673	-14.4740564768714	19
0.770080388062019	-14.4680641837161	19
0.781891806091557	-14.4621829477024	19
0.793758128064839	-14.4564132912358	19
0.805678299946539	-14.4507557268104	19
0.817651262918066	-14.4452107569638	19
0.829675953471618	-14.4397788742324	19
0.841751303504655	-14.4344605611073	19
0.853876240414764	-14.4292562899919	19
0.866049687194941	-14.4241665231596	19
0.878270562529257	-14.419191712713	19
0.890537780888901	-14.4143323005435	19
0.902850252628607	-14.4095887182921	19
0.915206884083446	-14.4049613873113	19
0.927606577665962	-14.4004507186273	19
0.940048231963676	-14.3960571129039	19
0.952530741836914	-14.3917809604064	19
0.965052998516975	-14.3876226409676	19
0.977613889704614	-14.3835825239533	19
0.990212299668849	-14.3796609682302	19
1.00284710934606	-14.3758583221334	19
1.0155171964394	-14.372174923436	19
1.02822143551847	-14.3686110993187	19
1.04095869811929	-14.3651671663411	19
1.05372785284457	-14.3618434304132	19
1.06652776546413	-14.3586401867683	19
1.07935729901573	-14.3555577199372	19
1.09221531390603	-14.3525963037223	19
1.10510066801178	-14.3497562011738	19
1.11801221678134	-14.347037664566	19
1.13094881333629	-14.344440935375	19
1.14390930857332	-14.3419662442573	19
1.1568925512663	-14.3396138110294	19
1.16989738816855	-14.3373838446479	19
1.18292266411526	-14.3352765431913	19
1.1959672221261	-14.3332920938424	19
1.23655076730496	-14.3275321414818	19
1.26792302793786	-14.3230474162868	19
1.29927444055461	-14.3185151934233	19
1.3306050051552	-14.3139354728913	19
1.36191472173964	-14.3093082546908	19
1.39320359030793	-14.3046335388218	19
1.42447161086007	-14.2999113252843	19
1.45571878339605	-14.2951416140783	19
1.48694510791589	-14.2903244052037	19
1.51815058441957	-14.2854596986607	19
1.54933521290709	-14.2805474944492	19
1.58049899337847	-14.2755877925691	19
1.61164192583369	-14.2705805930206	19
1.64276401027276	-14.2655258958035	19
1.67386524669568	-14.260423700918	19
1.70494563510245	-14.2552740083639	19
1.73600517549306	-14.2500768181413	19
1.76704386786752	-14.2448321302503	19
1.79806171222583	-14.2395399446907	19
1.82905870856799	-14.2342002614626	19
1.86003485689399	-14.228813080566	19
1.89099015720384	-14.2233784020009	19
1.92192460949754	-14.2178962257673	19
1.95283821377509	-14.2123665518652	19
1.98373097003649	-14.2067893802946	19
2.01460287828173	-14.2011647110555	19
2.04545393851082	-14.1954925441479	19
2.07628415072376	-14.1897728795718	19
2.10709351492054	-14.1840057173272	19
2.13788203110118	-14.1781910574141	19
2.16864969926566	-14.1723288998324	19
2.19939651941398	-14.1664192445823	19
2.23012249154616	-14.1604620916636	19
2.26082761566218	-14.1544574410765	19
2.29151189176206	-14.1484052928208	19
2.32217531984577	-14.1423056468967	19
2.35281789991334	-14.136158503304	19
2.38343963196476	-14.1299638620429	19
2.41404051600002	-14.1237217231132	19
2.44462055201913	-14.117432086515	19
2.47517974002208	-14.1110949522483	19
2.50571808000889	-14.1047103203131	19
2.53623557197954	-14.0982781907095	19
2.56673221593404	-14.0917985634373	19
2.59720801187239	-14.0852714384966	19
2.62766295979459	-14.0786968158874	19
2.65809705970063	-14.0720746956097	19
2.68851031159052	-14.0654050776634	19
2.71890271546426	-14.0586879620487	19
2.74927427132184	-14.0519233487655	19
2.77962497916328	-14.0451112378138	19
2.80995483898856	-14.0382516291935	19
2.84026385079769	-14.0313445229048	19
2.87055201459066	-14.0243899189476	19
2.90081933036749	-14.0173878173218	19
2.93106579812816	-14.0103382180276	19
2.96129141787268	-14.0032411210648	19
2.99149618960105	-13.9960965264335	19
3.02168011331326	-13.9889044341338	19
3.05184318900932	-13.9816648441655	19
3.08198541668923	-13.9743777565287	19
3.11210679635299	-13.9670431712234	19
3.1422073280006	-13.9596610882497	19
3.17228701163205	-13.9522315076074	19
3.20234584724735	-13.9447544292966	19
3.2323838348465	-13.9372298533173	19
3.2624009744295	-13.9296577796695	19
3.29239726599634	-13.9220382083532	19
3.32237270954703	-13.9143711393684	19
3.35232730508157	-13.906656572715	19
3.38226105259996	-13.8988945083932	19
3.41217395210219	-13.8910849464029	19
3.44206600358827	-13.883227886744	19
3.4719372070582	-13.8753233294167	19
3.50178756251198	-13.8673712744209	19
3.53161706994961	-13.8593717217565	19
3.56142572937108	-13.8513246714237	19
3.5912135407764	-13.8432301234223	19
3.62098050416557	-13.8350880777524	19
3.65072661953858	-13.8268985344141	19
3.68045188689544	-13.8186614934072	19
3.71015630623615	-13.8103769547318	19
3.73983987756071	-13.802044918388	19
3.76950260086912	-13.7936653843756	19
3.79914447616137	-13.7852383526947	19
3.82876550343747	-13.7767638233453	19
3.85836568269742	-13.7682417963274	19
3.88794501394122	-13.759672271641	19
3.91750349716886	-13.7510552492861	19
3.94704113238036	-13.7423907292627	19
3.9765579195757	-13.7336787115707	19
4.00605385875488	-13.7249191962103	19
4.03552894991792	-13.7161121831814	19
4.0649831930648	-13.707257672484	19
4.09441658819553	-13.698355664118	19
4.12382913531011	-13.6894061580836	19
4.15322083440853	-13.6804091543806	19
4.18259168549081	-13.6713646530092	19
4.21194168855693	-13.6622726539692	19
4.2412708436069	-13.6531331572608	19
4.27057915064071	-13.6439461628838	19
4.29986660965838	-13.6347116708383	19
4.32913322065989	-13.6254296811243	19
4.35837898364525	-13.6161001937419	19
4.38760389861445	-13.6067232086909	19
4.41680796556751	-13.5972987259714	19
4.44599118450441	-13.5878267455834	19
4.47515355542516	-13.5783072675269	19
4.50429507832976	-13.5687402918019	19
4.5334157532182	-13.5591258184084	19
4.56251558009049	-13.5494638473463	19
4.59159455894663	-13.5397543786158	19
4.62065268978662	-13.5299974122168	19
4.64968997261046	-13.5201929481493	19
4.67870640741814	-13.5103409864132	19
4.70770199420967	-13.5004415270087	19
4.73667673298505	-13.4904945699357	19
4.76563062374428	-13.4805001151941	19
4.79456366648735	-13.4704581627841	19
4.82347586121427	-13.4603687127055	19
4.85236720792504	-13.4502317649584	19
4.88123770661966	-13.4400473195429	19
4.91008735729812	-13.4298153764588	19
4.93891615996043	-13.4195359357062	19
4.96772411460659	-13.4092089972852	19
4.9965112212366	-13.3988345611956	19
5.02527747985046	-13.3884126274375	19
5.05402289044816	-13.3779431960109	19
5.08274745302971	-13.3674262669158	19
5.11145116759511	-13.3568618401522	19
5.14013403414435	-13.3462499157201	19
5.16879605267744	-13.3355904936194	19
5.19743722319438	-13.3248835738503	19
5.22605754569517	-13.3141291564127	19
5.25465702017981	-13.3033272413066	19
5.28323564664829	-13.2924778285319	19
5.31179342510062	-13.2815809180888	19
5.3403303555368	-13.2706365099772	19
5.36884643795683	-13.259644604197	19
5.3973416723607	-13.2486052007484	19
5.42581605874843	-13.2375182996312	19
5.45426959712	-13.2263839008455	19
5.48270228747541	-13.2152020043914	19
5.51111412981468	-13.2039726102687	19
5.53950512413779	-13.1926957184775	19
5.56787527044475	-13.1813713290178	19
5.59622456873556	-13.1699994418896	19
5.62455301901021	-13.158580057093	19
5.65286062126872	-13.1471131746278	19
5.68114737551107	-13.1355987944941	19
5.70941328173727	-13.1240369166918	19
5.73765833994731	-13.1124275412211	19
5.76588255014121	-13.1007706680819	19
5.79408591231895	-13.0890662972742	19
5.82226842648054	-13.077314428798	19
5.85043009262597	-13.0655150626532	19
5.87857091075526	-13.05366819884	19
5.90669088086839	-13.0417738373583	19
5.93479000296537	-13.029831978208	19
5.9628682770462	-13.0178426213893	19
5.99092570311087	-13.005805766902	19
6.01896228115939	-12.9937214147463	19
6.04697801119176	-12.981589564922	19
6.07497289320798	-12.9694102174292	19
6.10294692720805	-12.957183372268	19
6.13090011319196	-12.9449090294382	19
6.15883245115972	-12.9325871889399	19
6.18674394111133	-12.9202178507731	19
6.21463458304679	-12.9078010149378	19
6.24250437696609	-12.895336681434	19
6.27035332286924	-12.8828248502617	19
6.29818142075624	-12.8702655214209	19
6.32598867062709	-12.8576586949116	19
6.35377507248178	-12.8450043707338	19
6.38154062632032	-12.8323025488875	19
6.40928533214271	-12.8195532293726	19
6.43700918994895	-12.8067564121893	19
6.46471219973904	-12.7939120973375	19
6.49239436151297	-12.7810202848171	19
6.52005567527075	-12.7680809746283	19
6.54769614101238	-12.755094166771	19
6.57531575873785	-12.7420598612451	19
6.60291452844718	-12.7289780580507	19
6.63049245014035	-12.7158487571879	19
6.65804952381737	-12.7026719586565	19
6.68558574947823	-12.6894476624566	19
6.71310112712294	-12.6761758685883	19
6.74059565675151	-12.6628565770514	19
6.76806933836391	-12.649489787846	19
6.79552217196017	-12.6360755009721	19
6.82295415754028	-12.6226137164297	19
6.85036529510423	-12.6091044342188	19
6.87775558465203	-12.5955476543394	19
6.90512502618367	-12.5819433767915	19
6.93247361969917	-12.5682916015751	19
6.95980136519851	-12.5545923286901	19
6.9871082626817	-12.5408455581367	19
7.01439431214874	-12.5270512899148	19
7.04165951359962	-12.5132095240243	19
7.06890386703436	-12.4993202604654	19
7.09612737245294	-12.485383499238	19
7.12333002985537	-12.471399240342	19
7.15051183924164	-12.4573674837776	19
7.17767280061177	-12.4432882295446	19
7.20481291396574	-12.4291614776431	19
7.23193217930356	-12.4149872280732	19
7.25903059662522	-12.4007654808347	19
7.28610816593074	-12.3864962359277	19
7.3131648872201	-12.3721794933522	19
7.34020076049331	-12.3578152531082	19
7.36721578575037	-12.3434035151958	19
7.39420996299127	-12.3289442796148	19
7.42118329221603	-12.3144375463653	19
7.44813577342463	-12.2998833154472	19
7.47506740661707	-12.2852815868607	19
7.50197819179337	-12.2706323606057	19
7.52886812895351	-12.2559356366822	19
7.5557372180975	-12.2411914150902	19
7.58258545922534	-12.2263996958296	19
7.60941285233703	-12.2115604789006	19
7.63621939743256	-12.1966737643031	19
7.66300509451194	-12.181739552037	19
7.68976994357517	-12.1667578421025	19
7.71651394462225	-12.1517286344994	19
7.74323709765317	-12.1366519292279	19
7.76993940266795	-12.1215277262878	19
7.79662085966657	-12.1063560256792	19
7.82328146864903	-12.0911368274022	19
7.84992122961535	-12.0758701314566	19
7.87654014256551	-12.0605559378425	19
7.90313820749952	-12.0451942465599	19
7.92971542441738	-12.0297850576088	19
7.95627179331908	-12.0143283709892	19
7.98280731420464	-11.9988241867011	19
8.00932198707404	-11.9832725047445	19
8.03581581192729	-11.9676733251194	19
8.06228878876438	-11.9520266478258	19
8.08874091758533	-11.9363324728637	19
8.11517219839012	-11.920590800233	19
8.14158263117876	-11.9048016299339	19
8.16797221595124	-11.8889649619663	19
8.19434095270758	-11.8730807963301	19
8.22068884144776	-11.8571491330255	19
8.24701588217179	-11.8411699720523	19
8.27332207487967	-11.8251433134107	19
8.29960741957139	-11.8090691571005	19
8.32587191624696	-11.7929475031218	19
8.35211556490638	-11.7767783514747	19
8.37833836554965	-11.760561702159	19
8.40454031817677	-11.7442975551748	19
8.43072142278773	-11.7279859105221	19
8.45688167938254	-11.711626768201	19
8.4830210879612	-11.6952201282113	19
8.50913964852371	-11.6787659905531	19
8.53523736107006	-11.6622643552264	19
8.56131422560026	-11.6457152222311	19
8.58737024211431	-11.6291185915674	19
8.61340541061221	-11.6124744632352	19
8.63941973109395	-11.5957828372345	19
8.66541320355954	-11.5790437135653	19
8.69138582800898	-11.5622570922275	19
8.71733760444227	-11.5454229732213	19
8.74326853285941	-11.5285413565466	19
8.76917861326039	-11.5116122422033	19
8.79506784564522	-11.4946356301916	19
8.8209362300139	-11.4776115205113	19
8.84678376636642	-11.4605399131625	19
8.8726104547028	-11.4434208081453	19
8.89841629502301	-11.4262542054595	19
8.92420128732708	-11.4090401051052	19
8.949965431615	-11.3917785070825	19
8.97570872788676	-11.3744694113912	19
9.00143117614238	-11.3571128180314	19
9.02713277638183	-11.3397087270031	19
9.05281352860514	-11.3222571383063	19
9.0784734328123	-11.304758051941	19
9.1041124890033	-11.2872114679072	19
9.12973069717815	-11.2696173862049	19
9.15532805733684	-11.2519758068341	19
9.18090456947939	-11.2342867297947	19
9.20646023360578	-11.2165501550869	19
9.23199504971602	-11.1987660827106	19
9.25750901781011	-11.1809345126657	19
9.28300213788804	-11.1630554449524	19
9.30847440994983	-11.1451288795705	19
9.33392583399546	-11.1271548165202	19
9.35935641002494	-11.1091332558013	19
9.38476613803826	-11.091064197414	19
9.41015501803544	-11.0729476413581	19
9.43552305001646	-11.0547835876337	19
9.46087023398133	-11.0365720362409	19
9.48619656993005	-11.0183129871795	19
9.51150205786261	-11.0000064404496	19
9.53678669777902	-10.9816523960512	19
9.56205048967928	-10.9632508539843	19
9.58729343356339	-10.9448018142489	19
9.61251552943134	-10.926305276845	19
9.63771677728315	-10.9077612417726	19
9.6628971771188	-10.8891697090317	19
9.68805672893829	-10.8705306786223	19
9.71319543274164	-10.8518441505444	19
9.73831328852883	-10.8331101247979	19
9.76341029629987	-10.814328601383	19
9.78848645605476	-10.7954995802996	19
9.8135417677935	-10.7766230615476	19
9.83857623151608	-10.7576990451272	19
9.86358984722251	-10.7387275310382	19
9.88858261491279	-10.7197085192808	19
9.91355453458692	-10.7006420098548	19
9.93850560624489	-10.6815280027603	19
9.96343582988672	-10.6623664979974	19
9.98834520551238	-10.6431574955659	19
10.0132337331219	-10.6239009954659	19
10.0381014127153	-10.6045969976974	19
10.0629482442925	-10.5852455022604	19
10.0877742278535	-10.5658465091549	19
10.1125793633984	-10.5464000183809	19
10.1373636509272	-10.5269060299384	19
10.1621270904398	-10.5073645438274	19
10.1868696819363	-10.4877755600479	19
10.2115914254166	-10.4681390785999	19
10.2362923208807	-10.4484550994834	19
10.2609723683287	-10.4287236226983	19
10.2856315677605	-10.4089446482448	19
10.3102699191762	-10.3891181761228	19
10.3348874225758	-10.3692442063322	19
10.3594840779591	-10.3493227388732	19
10.3840598853264	-10.3293537737456	19
10.4086148446775	-10.3093373109496	19
10.4331489560124	-10.289273350485	19
10.4576622193312	-10.269161892352	19
10.4821546346338	-10.2490029365504	19
10.5066262019203	-10.2287964830803	19
10.5310769211906	-10.2085425319417	19
10.5555067924447	-10.1882410831346	19
10.5799158156828	-10.1678921366591	19
10.6043039909046	-10.147495692515	19
10.6286713181103	-10.1270517507024	19
10.6530177972999	-10.1065603112213	19
10.6773434284733	-10.0860213740716	19
10.7016482116305	-10.0654349392535	19
10.7259321467716	-10.0448010067669	19
10.7501952338966	-10.0241195766118	19
10.7744374730054	-10.0033906487882	19
10.798658864098	-9.98261422329603	19
10.8228594071745	-9.96179030013539	19
10.8470391022348	-9.94091887930625	19
10.871197949279	-9.9199999608086	19
10.8953359483071	-9.89903354464245	19
10.9194530993189	-9.8780196308078	19
10.9435494023147	-9.85695821930463	19
10.9676248572942	-9.83584931013296	19
10.9916794642577	-9.8146929032928	19
11.0157132232049	-9.79348899878412	19
11.0397261341361	-9.77223759660694	19
11.063718197051	-9.75093869676125	19
11.0876894119498	-9.72959229924706	19
11.1116397788325	-9.70819840406437	19
11.135569297699	-9.68675701121317	19
11.1594779685494	-9.66526812069346	19
11.1833657913836	-9.64373173250525	19
11.2072327662016	-9.62214784664853	19
11.2310788930035	-9.60051646312332	19
11.2549041717893	-9.57883758192959	19
11.2787086025589	-9.55711120306737	19
11.3024921853123	-9.53533732653663	19
11.3262549200496	-9.51351595233739	19
11.3499968067707	-9.49164708046965	19
11.3737178454757	-9.4697307109334	19
11.3974180361646	-9.44776684372865	19
11.4210973788372	-9.4257554788554	19
11.4447558734938	-9.40369661631363	19
11.4683935201341	-9.38159025610336	19
11.4920103187584	-9.35943639822459	19
11.5156062693664	-9.33723504267732	19
11.5391813719584	-9.31498618946154	19
11.5627356265341	-9.29268983857725	19
11.5862690330937	-9.27034599002446	19
11.6097815916372	-9.24795464380317	19
11.6332733021645	-9.22551579991337	19
11.6567441646757	-9.20302945835506	19
11.6801941791707	-9.18049561912825	19
11.7036233456495	-9.15791428223293	19
11.7270316641122	-9.13528544766912	19
11.7504191345588	-9.11260911543679	19
11.7737857569892	-9.08988528553597	19
11.7971315314034	-9.06711395796663	19
11.8204564578015	-9.04429513272879	19
11.8437605361834	-9.02142880982245	19
11.8670437665492	-8.9985149892476	19
11.8903061488989	-8.97555367100425	19
11.9135476832323	-8.95254485509238	19
11.9367683695497	-8.92948854151203	19
11.9599682078508	-8.90638473026316	19
11.9831471981359	-8.88323342134578	19
12.0063053404047	-8.86003461475991	19
12.0294426346575	-8.83678831050553	19
12.052559080894	-8.81349450858264	19
12.0756546791144	-8.79015320899125	19
12.0987294293187	-8.76676441173135	19
12.1217833315068	-8.74332811680296	19
12.1448163856788	-8.71984432420605	19
12.1678285918346	-8.69631303394064	19
12.1908199499742	-8.67273424600673	19
12.2137904600977	-8.6491079604043	19
12.2367401222051	-8.62543417713338	19
12.2596689362963	-8.60171289619394	19
12.2825769023713	-8.57794411758601	19
12.3054640204302	-8.55412784130958	19
12.3283302904729	-8.53026406736463	19
12.3511757124995	-8.50635279575119	19
12.37400028651	-8.48239402646923	19
12.3968040125043	-8.45838775951878	19
12.4195868904824	-8.43433399489981	19
12.4423489204444	-8.41023273261234	19
12.4650901023902	-8.38608397265638	19
12.4878104363199	-8.36188771503189	19
12.5105099222334	-8.33764395973891	19
12.5331885601307	-8.31335270677743	19
12.555846350012	-8.28901395614743	19
12.578483291877	-8.26462770784894	19
12.6010993857259	-8.24019396188194	19
12.6236946315587	-8.21571271824643	19
12.6462690293753	-8.19118397694243	19
12.6688225791758	-8.1666077379699	19
12.6913552809601	-8.14198400132889	19
12.7138671347282	-8.11731276701936	19
12.7363581404802	-8.09259403504133	19
12.758828298216	-8.0678278053948	19
12.7812776079357	-8.04301407807975	19
12.8037060696393	-8.01815285309622	19
12.8261136833267	-7.99324413044416	19
12.8485004489979	-7.96828791012361	19
12.870866366653	-7.94328419213455	19
12.8932114362919	-7.91823297647699	19
12.9155356579147	-7.89313426315093	19
12.9378390315213	-7.86798805215635	19
12.9601215571118	-7.84279434349327	19
12.9823832346861	-7.81755313716169	19
13.0046240642443	-7.7922644331616	19
13.0268440457863	-7.76692823149302	19
13.0490431793122	-7.74154453215592	19
13.0712214648219	-7.71611333515031	19
13.0933789023154	-7.69063464047621	19
13.1155154917928	-7.66510844813359	19
13.1376312332541	-7.63953475812248	19
13.1597261266992	-7.61391357044286	19
13.1818001721281	-7.58824488509473	19
13.2038533695409	-7.5625287020781	19
13.2258857189376	-7.53676502139297	19
13.2478972203181	-7.51095384303934	19
13.2698878736824	-7.48509516701719	19
13.2918576790306	-7.45918899332654	19
13.3138066363626	-7.43323532196739	19
13.3357347456785	-7.40723415293973	19
13.3576420069783	-7.38118548624357	19
13.3795284202618	-7.35508932187889	19
13.4013939855293	-7.32894565984572	19
13.4232387027805	-7.30275450014404	19
13.4450625720157	-7.27651584277386	19
13.4668655932346	-7.25022968773518	19
13.4886477664374	-7.22389603502798	19
13.5104090916241	-7.19751488465229	19
13.5321495687946	-7.17108623660808	19
13.553869197949	-7.14461009089537	19
13.5755679790872	-7.11808644751417	19
13.5972459122092	-7.09151530646445	19
13.6189029973151	-7.06489666774623	19
13.6405392344049	-7.03823053135951	19
13.6621546234785	-7.01151689730427	19
13.6837491645359	-6.98475576558054	19
13.7053228575772	-6.9579471361883	19
13.7268757026024	-6.93109100912755	19
13.7484076996114	-6.90418738439831	19
13.7699188486042	-6.87723626200054	19
13.7914091495809	-6.8502376419343	19
13.8128786025414	-6.82319152419953	19
13.8343272074858	-6.79609790879626	19
13.855754964414	-6.76895679572448	19
13.8771618733261	-6.7417681849842	19
13.898547934222	-6.71453207657543	19
13.9199131471018	-6.68724847049813	19
13.9412575119654	-6.65991736675234	19
13.9625810288129	-6.63253876533805	19
13.9838836976442	-6.60511266625524	19
14.0051655184593	-6.57763906950393	19
14.0264264912583	-6.55011797508412	19
14.0476666160412	-6.52254938299581	19
14.0688858928079	-6.49493329323899	19
14.0900843215585	-6.46726970581366	19
14.1112619022929	-6.43955862071983	19
14.1324186350111	-6.4118000379575	19
14.1535545197132	-6.38399395752666	19
14.1746695563991	-6.35614037942731	19
14.1957637450689	-6.32823930365945	19
14.2168370857226	-6.30029073022311	19
14.23788957836	-6.27229465911824	19
14.2589212229814	-6.24425109034488	19
14.2799320195866	-6.21616002390301	19
14.3009219681756	-6.18802145979264	19
14.3218910687485	-6.15983539801376	19
14.3428393213052	-6.13160183856638	19
14.3637667258458	-6.10332078145049	19
14.3846732823702	-6.0749922266661	19
14.4055589908784	-6.0466161742132	19
14.4264238513706	-6.0181926240918	19
14.4472678638465	-5.98972157630189	19
14.4680910283063	-5.96120303084348	19
14.48889334475	-5.93263698771656	19
14.5096748131775	-5.90402344692114	19
14.5304354335888	-5.87536240845721	19
14.551175205984	-5.84665387232478	19
14.5718941303631	-5.81789783852384	19
14.592592206726	-5.78909430705441	19
14.6132694350727	-5.76024327791646	19
14.6339258154033	-5.73134475111001	19
14.6545613477177	-5.70239872663505	19
14.675176032016	-5.67340520449159	19
14.6957698682982	-5.64436418467963	19
14.7163428565641	-5.61527566719916	19
14.736894996814	-5.58613965205019	19
14.7574262890476	-5.55695613923271	19
14.7779367332652	-5.52772512874673	19
14.7984263294665	-5.49844662059224	19
14.8188950776518	-5.46912061476924	19
14.8393429778208	-5.43974711127774	19
14.8597700299737	-5.41032611011774	19
14.8801762341105	-5.38085761128923	19
14.9005615902311	-5.35134161479222	19
14.9209260983356	-5.3217781206267	19
14.9412697584239	-5.29216712879268	19
14.961592570496	-5.26250863929016	19
14.981894534552	-5.23280265211913	19
15.0021756505919	-5.20304916727959	19
15.0224359186156	-5.17324818477154	19
15.0426753386231	-5.143399704595	19
15.0628939106145	-5.11350372674995	19
15.0830916345897	-5.0835602512364	19
15.1032685105488	-5.05356927805433	19
15.1234245384918	-5.02353080720377	19
15.1435597184185	-4.9934448386847	19
15.1636740503292	-4.96331137249713	19
15.1837675342236	-4.93313040864105	19
15.203840170102	-4.90290194711647	19
15.2238919579641	-4.87262598792337	19
15.2439228978102	-4.84230253106178	19
15.26393298964	-4.81193157653168	19
15.2839222334537	-4.78151312433308	19
15.3038906292513	-4.75104717446597	19
15.3238381770327	-4.72053372693036	19
15.343764876798	-4.68997278172624	19
15.3636707285471	-4.65936433885362	19
15.38355573228	-4.62870839831249	19
15.4034198879968	-4.59800496010286	19
15.4232631956975	-4.56725402422472	19
15.443085655382	-4.53645559067808	19
15.4628872670503	-4.50560965946293	19
15.4826680307025	-4.47471623057928	19
15.5024279463385	-4.44377530402713	19
15.5221670139584	-4.41278687980646	19
15.5418852335622	-4.3817509579173	19
15.5615826051497	-4.35066753835963	19
15.5812591287212	-4.31953662113346	19
15.6009148042764	-4.28835820623878	19
15.6205496318156	-4.25713229367559	19
15.6401636113385	-4.22585888344391	19
15.6597567428454	-4.19453797554371	19
15.679329026336	-4.16316956997502	19
15.6988804618105	-4.13175366673781	19
15.7184110492689	-4.1002902658321	19
15.7379207887111	-4.06877936725789	19
15.7574096801372	-4.03722097101517	19
15.7768777235471	-4.00561507710395	19
15.7963249189408	-3.97396168552422	19
15.8157512663184	-3.94226079627599	19
15.8351567656799	-3.91051240935925	19
15.8545414170252	-3.87871652477401	19
15.8739052203543	-3.84687314252027	19
15.8932481756673	-3.81498226259801	19
15.9125702829642	-3.78304388500725	19
15.9318715422448	-3.751058009748	19
15.9511519535094	-3.71902463682023	19
15.9704115167578	-3.68694376622396	19
15.98965023199	-3.65481539795918	19
16.0088680992061	-3.6226395320259	19
16.028065118406	-3.59041616842412	19
16.0472412895898	-3.55814530715383	19
16.0663966127574	-3.52582694821504	19
16.0855310879089	-3.49346109160773	19
16.1046447150442	-3.46104773733193	19
16.1237374941633	-3.42858688538762	19
16.1428094252663	-3.39607853577481	19
16.1618605083532	-3.36352268849349	19
16.1808907434239	-3.33091934354367	19
16.1999001304785	-3.29826850092534	19
16.2188886695169	-3.26557016063851	19
16.2378563605391	-3.23282432268317	19
16.2568032035452	-3.20003098705933	19
16.2757291985352	-3.16719015376698	19
16.2946343455089	-3.13430182280613	19
16.3135186444666	-3.10136599417677	19
16.3323820954081	-3.06838266787891	19
16.3512246983334	-3.03535184391255	19
16.3700464532426	-3.00227352227767	19
16.3888473601356	-2.9691477029743	19
16.4076274190125	-2.93597438600242	19
16.4263866298732	-2.90275357136204	19
16.4451249927178	-2.86948525905314	19
16.4638425075462	-2.83616944907575	19
16.4825391743585	-2.80280614142985	19
16.5012149931546	-2.76939533611545	19
16.5198699639346	-2.73593703313254	19
16.5385040866984	-2.70243123248112	19
16.557117361446	-2.66887793416121	19
16.5757097881775	-2.63527713817278	19
16.5942813668929	-2.60162884451585	19
16.6128320975921	-2.56793305319042	19
16.6313619802752	-2.53418976419648	19
16.6498710149421	-2.50039897753404	19
16.6683592015928	-2.46656069320309	19
16.6868265402274	-2.43267491120364	19
16.7052730308458	-2.39874163153569	19
16.7236986734481	-2.36476085419922	19
16.7421034680343	-2.33073257919425	19
16.7604874146042	-2.29665680652079	19
16.7788505131581	-2.26253353617881	19
16.7971927636957	-2.22836276816833	19
16.8155141662173	-2.19414450248934	19
16.8338147207226	-2.15987873914185	19
16.8520944272119	-2.12556547812586	19
16.8703532856849	-2.09120471944136	19
16.8885912961418	-2.05679646308835	19
16.9068084585826	-2.02234070906684	19
16.9250047730072	-1.98783745737683	19
16.9431802394157	-1.95328670801831	19
16.961334857808	-1.91868846099129	19
16.9794686281842	-1.88404271629576	19
16.9975815505442	-1.84934947393172	19
17.015673624888	-1.81460873389918	19
17.0337448512157	-1.77982049619814	19
17.0517952295272	-1.7449847608286	19
17.0698247598226	-1.71010152779055	19
17.0878334421019	-1.67517079708399	19
17.105821276365	-1.64019256870893	19
17.1237882626119	-1.60516684266536	19
17.1417344008427	-1.57009361895329	19
17.1596596910573	-1.53497289757271	19
17.1775641332558	-1.49980467852363	19
17.1954477274381	-1.46458896180604	19
17.2133104736043	-1.42932574741995	19
17.2311523717543	-1.39401503536536	19
17.2489734218882	-1.35865682564226	19
17.2667736240059	-1.32325111825065	19
17.2845529781075	-1.28779791319054	19
17.3023114841929	-1.25229721046193	19
17.3200491422621	-1.21674901006481	19
17.3377659523153	-1.18115331199918	19
17.3554619143522	-1.14551011626506	19
17.373137028373	-1.10981942286242	19
17.3907912943777	-1.07408123179128	19
17.4084247123662	-1.03829554305164	19
17.4260372823385	-1.00246235664349	19
17.4436290042947	-0.966581672566839	19
17.4611998782347	-0.930653490821683	19
17.4787499041586	-0.894677811408023	19
17.4962790820664	-0.858654634325855	19
17.513787411958	-0.822583959575176	19
17.5312748938334	-0.786465787156004	19
17.5487415276927	-0.750300117068321	19
17.5661873135358	-0.71408694931214	19
17.5836122513628	-0.677826283887448	19
17.6010163411736	-0.641518120794245	19
17.6183995829683	-0.605162460032549	19
17.6357619767468	-0.568759301602345	19
17.6531035225091	-0.532308645503633	19
17.6704242202554	-0.495810491736421	19
17.6877240699854	-0.459264840300698	19
17.7050030716993	-0.422671691196477	19
17.7222612253971	-0.386031044423746	19
17.7394985310787	-0.34934289998251	19
17.7567149887441	-0.312607257872777	19
17.7739105983934	-0.275824118094526	19
17.7910853600266	-0.238993480647782	19
17.8082392736436	-0.202115345532526	19
17.8253723392444	-0.16518971274877	19
17.8424845568291	-0.12821658229651	19
17.8595759263977	-0.0911959541757383	19
17.87664644795	-0.0541278283864663	19
17.8936961214863	-0.0170122049286903	19
17.9107249470064	0.0201509161975864	19
17.9277329245103	0.0573615349923742	19
17.9447200539981	0.0946196514556696	19
17.9616863354697	0.131925265587462	19
17.9786317689251	0.169278377387762	19
17.9955563543645	0.20667898685657	19
18.0124600917876	0.244127093993882	19
18.0293429811946	0.281622698799698	19
18.0462050225855	0.319165801274018	19
18.0630462159602	0.356756401416842	19
18.0798665613188	0.39439449922817	19
18.0966660586612	0.432080094708006	19
18.1134447079874	0.469813187856346	19
18.1302025092975	0.50759377867319	19
18.1469394625915	0.545421867158538	19
18.1636555678693	0.58329745331239	19
18.1803508251309	0.621220537134747	19
18.1970252343764	0.659191118625614	19
18.2136787956057	0.697209197784982	19
18.2303115088189	0.735274774612854	19
18.246923374016	0.773387849109227	19
18.2635143911968	0.811548421274111	19
18.2800845603616	0.849756491107499	19
18.2966338815102	0.888012058609391	19
18.3131623546426	0.926315123779787	19
18.3296699797588	0.964665686618687	19
18.346156756859	1.0030637471261	19
18.3626226859429	1.04150930530201	19
18.3790677670107	1.08000236114642	19
18.3954920000624	1.11854291465934	19
18.4118953850979	1.15713096584076	19
18.4282779221173	1.1957665146907	19
18.4446396111205	1.23444956120913	19
18.4609804521075	1.27318010539607	19
18.4773004450784	1.31195814725152	19
18.4935995900332	1.35078368677546	19
18.5098778869718	1.38965672396792	19
18.5261353358942	1.42857725882888	19
18.5423719368005	1.46754529135834	19
18.5585876896907	1.50656082155631	19
18.5747825945646	1.54562384942278	19
18.5909566514225	1.58473437495776	19
18.6071098602642	1.62389239816124	19
18.6232422210897	1.66309791903323	19
18.6393537338991	1.70235093757372	19
18.6554443986923	1.74165145378272	19
18.6715142154694	1.78099946766022	19
18.6875631842303	1.82039497920623	19
18.703591304975	1.85983798842074	19
18.7195985777037	1.89932849530375	19
18.7355850024161	1.93886649985527	19
18.7515505791124	1.9784520020753	19
18.7674953077926	2.01808500196383	19
18.7834191884566	2.05776549952087	19
18.7993222211044	2.0974934947464	19
18.8152044057361	2.13726898764045	19
18.8310657423517	2.177091978203	19
18.8469062309511	2.21696246643405	19
18.8627258715343	2.25688045233361	19
18.8785246641014	2.29684593590167	19
18.8943026086524	2.33685891713824	19
18.9100597051872	2.37691939604332	19
18.9257959537058	2.41702737261689	19
18.9415113542083	2.45718284685898	19
18.9572059066946	2.49738581876957	19
18.9728796111648	2.53763628834866	19
18.9885324676188	2.57793425559626	19
19.0041644760567	2.61827972051236	19
19.0197756364784	2.65867268309697	19
19.035365948884	2.69911314335008	19
19.0509354132734	2.73960110127169	19
19.0664840296466	2.78013655686181	19
19.0820117980038	2.82071951012044	19
19.0975187183447	2.86134996104757	19
19.1130047906695	2.90202790964321	19
19.1284700149782	2.94275335590734	19
19.1439143912707	2.98352629983999	19
19.159337919547	3.02434674144114	19
19.1747405998072	3.0652146807108	19
19.1901224320513	3.10613011764895	19
19.2054834162792	3.14709305225562	19
19.2208235524909	3.18810348453079	19
19.2361428406865	3.22916141447446	19
19.2514412808659	3.27026684208664	19
19.2667188730292	3.31141976736732	19
19.2819756171763	3.35262019031651	19
19.2972115133073	3.39386811093421	19
19.3124265614221	3.4351635292204	19
19.3276207615208	3.4765064451751	19
19.3427941136033	3.51789685879831	19
19.3579466176697	3.55933477009002	19
19.3730782737199	3.60082017905024	19
19.388189081754	3.64235308567896	19
19.4032790417719	3.68393348997619	19
19.4183481537736	3.72556139194192	19
19.4333964177593	3.76723679157616	19
19.4484238337287	3.8089596888789	19
19.463430401682	3.85073008385014	19
19.4784161216192	3.89254797648989	19
19.4933809935402	3.93441336679814	19
19.508325017445	3.97632625477491	19
19.5232481933337	4.01828664042017	19
19.5381505212062	4.06029452373394	19
19.5530320010626	4.10234990471621	19
19.5678926329029	4.14445278336699	19
19.5827324167269	4.18660315968628	19
19.5975513525349	4.22880103367407	19
19.6123494403267	4.27104640533036	19
19.6271266801023	4.31333927465515	19
19.6418830718618	4.35567964164846	19
19.6566186156051	4.39806750631027	19
19.6713333113322	4.44050286864058	19
19.6860271590433	4.48298572863939	19
19.7007001587381	4.52551608630672	19
19.7153523104168	4.56809394164254	19
19.7299836140794	4.61071929464688	19
19.7445940697258	4.65339214531971	19
19.7591836773561	4.69611249366105	19
19.7737524369702	4.7388803396709	19
19.7883003485681	4.78169568334924	19
19.8028274121499	4.8245585246961	19
19.8173336277156	4.86746886371147	19
19.8318189952651	4.91042670039533	19
19.8462835147984	4.9534320347477	19
19.8607271863156	4.99648486676857	19
19.8751500098166	5.03958519645795	19
19.8895519853015	5.08273302381584	19
19.9039331127702	5.12592834884222	19
19.9182933922228	5.16917117153712	19
19.9326328236592	5.21246149190051	19
19.9469514070795	5.25579930993242	19
19.9612491424836	5.29918462563283	19
19.9755260298716	5.34261743900174	19
19.9897820692434	5.38609775003916	19
20.0040172605991	5.42962555874508	19
20.0182316039386	5.47320086511951	19
20.032425099262	5.51682366916244	19
20.0465977465692	5.56049397087387	19
20.0607495458602	5.60421177025381	19
20.0748804971351	5.64797706730226	19
20.0889906003939	5.69178986201921	19
20.1030798556365	5.73565015440467	19
20.1171482628629	5.77955794445863	19
20.1311958220732	5.82351323218109	19
20.1452225332674	5.86751601757206	19
20.1592283964454	5.91156630063154	19
20.1732134116072	5.95566408135952	19
20.1871775787529	5.999809359756	19
20.2011208978824	6.04400213582099	19
20.2150433689958	6.08824240955448	19
20.228944992093	6.13253018095649	19
20.2428257671741	6.17686545002699	19
20.256685694239	6.221248216766	19
20.2705247732878	6.26567848117351	19
20.2843430043204	6.31015624324953	19
20.2981403873369	6.35468150299405	19
20.3119169223372	6.39925426040708	19
20.3256726093213	6.44387451548861	19
20.3394074482893	6.48854226823865	19
20.3531214392412	6.53325751865719	19
20.3668145821769	6.57802026674424	19
20.3804868770965	6.62283051249979	19
20.3941383239999	6.66768825592384	19
20.4077689228871	6.7125934970164	19
20.4213786737582	6.75754623577747	19
20.4349675766131	6.80254647220704	19
20.4485356314519	6.84759420630511	19
20.4620828382746	6.89268943807169	19
20.4756091970811	6.93783216750678	19
20.4891147078714	6.98302239461037	19
20.5025993706456	7.02826011938246	19
20.5160631854036	7.07354534182306	19
20.5295061521455	7.11887806193216	19
20.5429282708712	7.16425827970977	19
20.5563295415808	7.20968599515589	19
20.5697099642742	7.25516120827051	19
20.5830695389515	7.30068391905363	19
20.5964082656126	7.34625412750525	19
20.6097261442575	7.39187183362539	19
20.6230231748863	7.43753703741402	19
20.636299357499	7.48324973887117	19
20.6495546920955	7.52900993799681	19
20.6627891786759	7.57481763479097	19
20.6760028172401	7.62067282925362	19
20.6891956077881	7.66657552138479	19
20.70236755032	7.71252571118445	19
20.7155186448357	7.75852339865262	19
20.7286488913353	7.8045685837893	19
20.7417582898188	7.85066126659447	19
20.7548468402861	7.89680144706816	19
20.7679145427372	7.94298912521035	19
20.7809613971722	7.98922430102105	19
20.793987403591	8.03550697450024	19
20.8069925619937	8.08183714564795	19
20.8199768723802	8.12821481446416	19
20.8329403347506	8.17463998094888	19
20.8458829491048	8.22111264510209	19
20.8588047154429	8.26763280692381	19
20.8717056337648	8.31420046641404	19
20.8845857040705	8.36081562357278	19
20.8974449263601	8.40747827840001	19
20.9102833006336	8.45418843089575	19
20.9231008268909	8.50094608106	19
20.9358975051321	8.54775122889275	19
20.9486733353571	8.59460387439401	19
20.9614283175659	8.64150401756377	19
20.9741624517586	8.68845165840204	19
20.9868757379351	8.73544679690881	19
20.9995681760955	8.78248943308408	19
21.0122397662398	8.82957956692787	19
21.0248905083679	8.87671719844015	19
21.0375204024798	8.92390232762094	19
21.0501294485756	8.97113495447024	19
21.0627176466552	9.01841507898803	19
21.0752849967187	9.06574270117434	19
21.087831498766	9.11311782102915	19
21.1003571527972	9.16054043855247	19
21.1128619588122	9.20801055374428	19
21.1253459168111	9.25552816660461	19
21.1378090267938	9.30309327713343	19
21.1502512887603	9.35070588533077	19
21.1626727027108	9.39836599119661	19
21.175073268645	9.44607359473095	19
21.1874529865631	9.4938286959338	19
21.1998118564651	9.54163129480515	19
21.2121498783509	9.589481391345	19
21.2244670522205	9.63737898555337	19
21.236763378074	9.68532407743023	19
21.2490388559114	9.73331666697561	19
21.2612934857326	9.78135675418948	19
21.2735272675376	9.82944433907186	19
21.2857402013265	9.87757942162275	19
21.2979322870992	9.92576200184214	19
21.3101035248558	9.97399207973004	19
21.3222539145962	10.0222696552864	19
21.3343834563205	10.0705947285113	19
21.3464921500286	10.1189672994048	19
21.3585799957206	10.1673873679667	19
21.3706469933964	10.2158549341971	19
21.3826931430561	10.264369998096	19
21.3947184446996	10.3129325596634	19
21.406722898327	10.3615426188994	19
21.4187065039382	10.4102001758038	19
21.4306692615332	10.4589052303768	19
21.4426111711121	10.5076577826182	19
21.4545322326749	10.5564578325282	19
21.4664324462215	10.6053053801066	19
21.4783118117519	10.6542004253536	19
21.4901703292662	10.703142968269	19
21.5020079987644	10.752133008853	19
21.5138248202464	10.8011705471055	19
21.5256207937122	10.8502555830265	19
21.5373959191619	10.899388116616	19
21.5491501965954	10.9485681478739	19
21.5608836260128	10.9977956768004	19
21.5725962074141	11.0470707033954	19
21.5842879407991	11.0963932276589	19
21.5959588261681	11.145763249591	19
21.6076088635208	11.1951807691915	19
21.6192380528575	11.2446457864605	19
21.6308463941779	11.294158301398	19
21.6424338874822	11.343718314004	19
21.6540005327704	11.3933258242786	19
21.6655463300424	11.4429808322216	19
21.6770712792983	11.4926833378332	19
21.688575380538	11.5424333411132	19
21.7000586337615	11.5922308420618	19
21.7115210389689	11.6420758406788	19
21.7229625961602	11.6919683369644	19
21.7343833053353	11.7419083309184	19
21.7457831664942	11.791895822541	19
21.757162179637	11.8419308118321	19
21.7685203447637	11.8920132987917	19
21.7798576618742	11.9421432834198	19
21.7911741309685	11.9923207657164	19
21.8024697520467	12.0425457456815	19
21.8137445251087	12.0928182233151	19
21.8249984501546	12.1431381986172	19
21.8362315271843	12.1935056715878	19
21.8474437561979	12.2439206422269	19
21.8586351371953	12.2943831105345	19
21.8698056701766	12.3448930765106	19
21.8809553551417	12.3954505401553	19
21.8920841920907	12.4460555014684	19
21.9031921810235	12.49670796045	19
21.9142793219401	12.5474079171002	19
21.9253456148406	12.5981553714188	19
21.936391059725	12.648950323406	19
21.9474156565932	12.6997927730616	19
21.9584194054452	12.7506827203858	19
21.9694023062811	12.8016201653785	19
21.9803643591009	12.8526051080396	19
21.9913055639045	12.9036375483693	19
22.0022259206919	12.9547174863675	19
22.0131254294632	13.0058449220342	19
22.0240040902183	13.0570198553694	19
22.0348619029573	13.1082422863731	19
22.0456988676802	13.1595122150453	19
22.0565149843868	13.210829641386	19
22.0673102530774	13.2621945653952	19
22.0780846737517	13.3136069870729	19
22.08883824641	13.3650669064191	19
22.099570971052	13.4165743234339	19
22.110282847678	13.4681292381171	19
22.1209738762877	13.5197316504688	19
22.1316440568813	13.5713815604891	19
22.1422933894588	13.6230789681778	19
22.1529218740201	13.6748238735351	19
22.1635295105653	13.7266162765608	19
22.1741162990943	13.7784561772551	19
22.1763978935147	13.7892123147994	19
22.178848156526	13.7999312876583	19
22.1814664835623	13.8106104510854	19
22.1842522285907	13.821247170157	19
22.1872047042703	13.8318388204219	19
22.1903231821218	13.8423827885489	19
22.1936068927076	13.8528764729715	19
22.1970550258212	13.8633172845302	19
22.2006667306872	13.8737026471109	19
22.2044411161717	13.8840299982809	19
22.2083772510013	13.8942967899207	19
22.2124741639939	13.9045004888531	19
22.2167308442974	13.9146385774682	19
22.2211462416396	13.9247085543442	19
22.2257192665873	13.934707934865	19
22.230448790815	13.9446342518331	19
22.2353336473834	13.9544850560784	19
22.2403726310272	13.9642579170623	19
22.2455644984526	13.9739504234775	19
22.2509079686441	13.9835601838432	19
22.2564017231802	13.9930848270947	19
22.2620444065594	14.0025220031689	19
22.2678346265338	14.0118693835838	19
22.2737709544533	14.0211246620132	19
22.2798519256179	14.0302855548554	19
22.2860760396389	14.0393498017975	19
22.2924417608093	14.0483151663719	19
22.2989475184827	14.0571794365093	19
22.3055917074607	14.0659404250835	19
22.3123726883891	14.0745959704517	19
22.3192887881623	14.0831439369877	19
22.3263383003362	14.0915822156085	19
22.3335194855491	14.0999087242952	19
22.3408305719511	14.1081214086065	19
22.3482697556409	14.1162182421852	19
22.3558352011114	14.1241972272589	19
22.363525041702	14.1320563951324	19
22.3713373800596	14.1397938066736	19
22.3792702886067	14.147407552792	19
22.3873218100168	14.1548957549097	19
22.3954899576974	14.1622565654249	19
22.4037727162803	14.1694881681677	19
22.4121680421189	14.1765887788483	19
22.4206738637919	14.1835566454973	19
22.4292880826153	14.1903900488979	19
22.4380085731595	14.19708730301	19
22.4468331837738	14.2036467553864	19
22.4557597371177	14.2100667875804	19
22.4647860306976	14.216345815545	19
22.4739098374108	14.2224822900241	19
22.4831289060944	14.2284746969345	19
22.4924409620812	14.2343215577394	19
22.5018437077607	14.2400214298134	19
22.5113348231461	14.2455729067983	19
22.5209119664467	14.2509746189502	19
22.5305727746457	14.2562252334776	19
22.5403148640832	14.2613234548698	19
22.5501358310444	14.266268025217	19
22.5600332523528	14.2710577245205	19
22.5700046859676	14.2756913709936	19
22.5800476715869	14.2801678213534	19
22.5901597312542	14.2844859711027	19
22.6003383699701	14.2886447548028	19
22.6105810763078	14.2926431463359	19
22.6208853230328	14.2964801591588	19
22.6312485677264	14.300154846546	19
22.641668253413	14.3036663018233	19
22.6521418091911	14.3070136585917	19
22.6626666508675	14.3101960909411	19
22.6732401815951	14.3132128136538	19
22.6838597925134	14.3160630823987	19
22.6945228633922	14.3187461939145	19
22.7052267632783	14.3212614861838	19
22.7159688511447	14.3236083385957	19
22.7267464765419	14.3257861720995	19
22.7375569802521	14.3277944493474	19
22.7483976949453	14.3296326748271	19
22.7592659458373	14.3313003949839	19
22.7701590513498	14.3327971983328	19
22.7810743237721	14.3341227155599	19
22.792009069924	14.3352766196139	19
22.8029605918206	14.336258625786	19
22.8139261873376	14.337068491781	19
22.8249031508784	14.3377060177765	19
22.8358887740417	14.3381710464726	19
22.8468803462891	14.3384634631303	19
22.8578751556148	14.3385831956003	19
22.8688704892141	14.3385302143403	19
22.8798636341528	14.3383045324227	19
22.8908518780371	14.3379062055311	19
22.9018325096821	14.3373353319467	19
22.9128028197813	14.3365920525241	19
22.9237601015748	14.3356765506562	19
22.9347016515173	14.3345890522295	19
22.9456247699451	14.333329825568	19
22.9565267617421	14.331899181367	19
22.9674049370051	14.3302974726165	19
22.9782566117069	14.3285250945142	19
22.9890791083594	14.3265824843679	19
22.9998697566733	14.3244701214875	19
23.0106258942177	14.3221885270671	19
23.0213448670765	14.3197382640558	19
23.0320240305036	14.3171199370195	19
23.0426607495753	14.3143341919911	19
23.0532523998402	14.3113817163115	19
23.0637963679671	14.3082632384599	19
23.0742900523897	14.3049795278742	19
23.0847308639484	14.3015313947606	19
23.0951162265291	14.2979196898946	19
23.1054435776991	14.2941453044101	19
23.1157103693389	14.2902091695804	19
23.1259140682713	14.2861122565879	19
23.1360521568864	14.2818555762844	19
23.1461221337624	14.2774401789422	19
23.1561215142832	14.2728671539945	19
23.1660478312514	14.2681376297668	19
23.1758986354966	14.2632527731984	19
23.1856714964805	14.2582137895546	19
23.1953640028957	14.2530219221291	19
23.2049737632614	14.2476784519377	19
23.214498406513	14.2421846974015	19
23.2239355825872	14.2365420140224	19
23.2332829630021	14.230751794048	19
23.2425382414314	14.2248154661285	19
23.2516991342737	14.2187344949639	19
23.2607633812157	14.2125103809429	19
23.2697287457902	14.2061446597724	19
23.2785930159275	14.1996389020991	19
23.2873540045017	14.1929947131211	19
23.29600954987	14.1862137321927	19
23.3045575164059	14.1792976324195	19
23.3129957950267	14.1722481202456	19
23.3213223037135	14.1650669350327	19
23.3295349880247	14.1577558486307	19
23.3376318216034	14.1503166649409	19
23.3456108066771	14.1427512194704	19
23.3534699745506	14.1350613788798	19
23.3612073860918	14.1272490405222	19
23.3688211322102	14.1193161319751	19
23.376309334328	14.111264610565	19
23.3836701448431	14.1030964628844	19
23.3909017475859	14.0948137043014	19
23.3980023582665	14.0864183784629	19
23.4049702249155	14.0779125567898	19
23.4118036283161	14.0692983379664	19
23.4185008824282	14.0605778474223	19
23.4250603348046	14.051753236808	19
23.4314803669986	14.0428266834641	19
23.4377593949632	14.0338003898841	19
23.4438958694424	14.024676583171	19
23.4498882763527	14.0154575144873	19
23.4557351371576	14.0061454585006	19
23.4614350092316	13.9967427128211	19
23.4669864862165	13.9872515974357	19
23.4723881983684	13.9776744541351	19
23.4776388128958	13.9680136459361	19
23.482737034288	13.9582715564986	19
23.4876816046352	13.9484505895373	19
23.4924713039387	13.938553168229	19
23.4971049504118	13.9285817346142	19
23.5015814007716	13.9185387489949	19
23.505899550521	13.9084266893276	19
23.510058334221	13.8982480506117	19
23.5140567257541	13.888005344274	19
23.517893738577	13.877701097549	19
23.5215684259642	13.8673378528554	19
23.5250798812415	13.8569181671688	19
23.52842723801	13.8464446113907	19
23.5316096703593	13.8359197697142	19
23.534626393072	13.8253462389866	19
23.5374766618169	13.8147266280684	19
23.5401597733328	13.8040635571896	19
23.542675065602	13.7933596573035	19
23.5450219180139	13.7826175694371	19
23.5471997515177	13.7718399440399	19
23.5492080287656	13.7610294403297	19
23.5510462542453	13.7501887256365	19
23.5527139744021	13.7393204747445	19
23.554210777751	13.728427369232	19
23.5555362949782	13.7175120968097	19
23.5566901990321	13.7065773506578	19
23.5576722052042	13.6956258287612	19
23.5584820711992	13.6846602332442	19
23.5591195971947	13.6736832697033	19
23.5595846258908	13.6626976465401	19
23.5598770425485	13.6517060742926	19
23.5599967750185	13.640711264967	19
23.5599437937585	13.6297159313677	19
23.5597181118409	13.6187227864289	19
23.5593197849493	13.6077345425447	19
23.5587489113649	13.5967539108997	19
23.5580056319423	13.5857836008005	19
23.5570901300744	13.574826319007	19
23.5560026316477	13.5638847690645	19
23.5547434049862	13.5529616506367	19
23.5533127607852	13.5420596588396	19
23.5517110520347	13.5311814835767	19
23.5499386739324	13.5203298088748	19
23.5479960637861	13.5095073122224	19
23.5459081023368	13.4988363753269	19
23.5430695937242	13.4849046738194	19
23.538901480474	13.464447162542	19
23.5355499835289	13.4479977279808	19
23.531102122403	13.4261673061966	19
23.5253592393888	13.3979809254156	19
23.5181194502416	13.3624478019903	19
23.5091816918861	13.3185812110505	19
23.4983497701231	13.2654183571535	19
23.4854364073363	13.2020402449358	19
23.4702672901992	13.127591549763	19
23.452685117382	13.0413004883806	19
23.4325536472578	12.9424986895654	19
23.4097617456099	12.8306410647754	19
23.3842274333386	12.7053256788013	19
23.3559019021088	12.5663134629638	19
23.3247723913574	12.4135423360127	19
23.290861578963	12.2471242022932	19
23.2542253206597	12.0673338399645	19
23.2149503049805	11.8745973743537	19
23.1731517082002	11.6694807513057	19
23.1289708492786	11.4526782105357	19
23.0825728448035	11.2250007589794	19
23.0341442639339	10.9873646441445	19
22.9838907833428	10.7407798274616	19
22.9320348421603	10.4863384576356	19
22.8788132969167	10.2252033439964	19
22.8244750764856	9.9585964298505	19
22.7692788370269	9.68778726583199	19
22.7134906169298	9.41408148325323	19
22.6573814917557	9.1388092674566	19
22.6012252292332	8.86331383156319	19
22.5452959466222	8.5889399085132	19
22.4898657764541	8.31702230775307	19
22.4352025368206	8.04887450702869	19
22.3815674019458	7.78577724637324	19
22.3292125727602	7.52896712209537	19
22.2783789474726	7.27962518076804	19
22.2292937921438	7.0388655132161	19
22.182168411259	6.80772384850563	19
22.1371958183008	6.58714614793115	19
22.0945484063226	6.37797719900485	19
22.0543756185207	6.18094920944426	19
22.0168016188079	5.99667040116109	19
21.9819229623862	5.82561360424932	19
21.9498062663194	5.66810485097337	19
21.9204858801068	5.52431196975682	19
21.8939615695181	5.39423324416476	19
21.8701970101162	5.27769003969972	19
21.8491215932095	5.17433566294215	19
21.8306342914141	5.08367431367175	19
21.8146076802276	5.00508080151175	19
21.8008919596464	4.93782026278781	19
21.789318975783	4.88106787738672	19
21.7797062424838	4.83392858561519	19
21.7718609629461	4.79545680505865	19
21.7655840513356	4.76467614744001	19
21.7606741544039	4.74059913547845	19
21.7569316731058	4.72224691974816	19
21.7541627842167	4.70866899553715	19
21.7508234995748	4.69229402754681	19
21.7487891721387	4.68231823233171	19
21.7467838626253	4.67248806795513	19
21.7445317353324	4.66147923361663	19
21.7424356011957	4.65127073217758	19
21.7401406184964	4.64013326143473	19
21.7378831545629	4.6292149128948	19
21.7351995389454	4.61627933130807	19
21.7328771200924	4.60512038394045	19
21.7302648817465	4.59260557686179	19
21.7273401445223	4.57863674531841	19
21.7252052037177	4.56846715949719	19
21.7229139278763	4.55757704893728	19
21.7204591113023	4.54593620562368	19
21.7178334266446	4.53351419172207	19
21.7150294281708	4.520280368306	19
21.7120395550414	4.50620392408393	19
21.7088561345838	4.49125390412646	19
21.7054713855663	4.47539923859338	19
21.701877421472	4.45860877146086	19
21.6980662537733	4.44085128924858	19
21.6940297952052	4.42209554974683	19
21.6897598630399	4.40231031074367	19
21.6875347619585	4.39202187280679	19
21.6852481823607	4.38146435875206	19
21.6828990760147	4.37063387609492	19
21.6804863893359	4.359526537737	19
21.6780090634896	4.34813846286383	19
21.6754660344929	4.33646577784263	19
21.6728562333178	4.32450461711995	19
21.6701785859924	4.31225112411943	19
21.6674320137043	4.29970145213954	19
21.6646154329021	4.28685176525128	19
21.6617277553982	4.27369823919589	19
21.6587678884709	4.26023706228263	19
21.6557347349668	4.24646443628644	19
21.6526271934031	4.23237657734568	19
21.6494441580698	4.21796971685986	19
21.6461845191321	4.20324010238739	19
21.6428471627328	4.18818399854324	19
21.6394309710947	4.17279768789675	19
21.6359348226223	4.15707747186923	19
21.6323575920049	4.14101967163182	19
21.6286981503186	4.12462062900311	19
21.6249553651283	4.10787670734691	19
21.6211281005907	4.09078429246999	19
21.6172152175557	4.07333979351972	19
21.6132155736697	4.05553964388191	19
21.6091280234773	4.03738030207843	19
21.6049514185236	4.01885825266498	19
21.6006846074568	3.99997000712885	19
21.5963264361304	3.98071210478654	19
21.5918757477054	3.96108111368159	19
21.5873313827529	3.94107363148224	19
21.5826921793559	3.92068628637917	19
21.5779569732121	3.89991573798322	19
21.5731245977363	3.87875867822313	19
21.568193884162	3.85721183224323	19
21.5631636616446	3.83527195930118	19
21.5580327573629	3.81293585366574	19
21.5527999966221	3.79020034551437	19
21.5474642029557	3.76706230183112	19
21.5420241982279	3.74351862730418	19
21.5364788027359	3.71956626522375	19
21.5308268353126	3.69520219837966	19
21.525067113428	3.67042344995915	19
21.5191984532926	3.64522708444457	19
21.513219669959	3.61961020851111	19
21.5071295774242	3.59356997192451	19
21.5009269887324	3.56710356843882	19
21.494610716077	3.54020823669409	19
21.4881795709029	3.51288126111407	19
21.4816323640088	3.48511997280399	19
21.4749679056497	3.45692175044827	19
21.468185005639	3.42828402120818	19
21.461282473451	3.39920426161967	19
21.4542591183229	3.36967999849097	19
21.4471137493577	3.33970880980044	19
21.4398451756257	3.30928832559421	19
21.4324522062677	3.2784162288839	19
21.4249336505965	3.24709025654439	19
21.4172883181998	3.21530820021151	19
21.4095150190423	3.18306790717979	19
21.4016125635678	3.15036728130013	19
21.393579762802	3.1172042838776	19
21.3854154284544	3.08357693456906	19
21.3771183730207	3.04948331228104	19
21.3686874098852	3.01492155606727	19
21.3601213534233	2.97988986602656	19
21.3514190191032	2.94438650420043	19
21.3425792235889	2.90840979547089	19
21.3336007848421	2.87195812845813	19
21.3244825222247	2.83502995641824	19
21.3152232566009	2.79762379814095	19
21.3058218104398	2.75973823884737	19
21.2962770079176	2.72137193108766	19
21.2865876750198	2.6825235956388	19
21.2767526396436	2.6431920224023	19
21.2667707317003	2.60337607130187	19
21.2566407832173	2.56307467318128	19
21.2463616284409	2.52228683070194	19
21.2359321039383	2.48101161924068	19
21.2253510486998	2.43924818778746	19
21.2146173042415	2.39699575984314	19
21.2037297147072	2.35425363431716	19
21.1926871269711	2.31102118642524	19
21.1814883907398	2.26729786858715	19
21.1701323586548	2.22308321132442	19
21.1586178863945	2.17837682415805	19
21.1469438327772	2.13317839650625	19
21.1351090598627	2.08748769858217	19
21.1231124330548	2.04130458229155	19
21.1109528212039	1.99462898213058	19
21.098629096709	1.94746091608347	19
21.0861401356203	1.89980048652029	19
21.0734848177411	1.85164788109463	19
21.0606620267305	1.80300337364137	19
21.0476706502055	1.75386732507433	19
21.0345095798435	1.70424018428407	19
21.0211777114844	1.65412248903559	19
21.0076739452329	1.60351486686601	19
20.9939971855612	1.55241803598234	19
20.9801463414107	1.5008328061592	19
20.9661203262951	1.44876007963654	19
20.9519180584017	1.39620085201732	19
20.9375384606948	1.34315621316529	19
20.9229804610172	1.28962734810271	19
20.9082429921928	1.23561553790802	19
20.8933249921289	1.18112216061362	19
20.8782254039192	1.12614869207098	19
20.8629431759515	1.07069670627398	19
20.8474772620277	1.01476787465673	19
20.8318266214862	0.958363965092701	19
20.8159902193242	0.901486840886953	19
20.7999670263211	0.844138459768512	19
20.7837560191603	0.78632087288252	19
20.7673561805522	0.728036223782595	19
20.7507664993571	0.669286747423055	19
20.7339859707073	0.610074769151218	19
20.7170135961301	0.55040270369965	19
20.6998483836703	0.490273054178449	19
20.6824893480131	0.429688411067545	19
20.6649355106062	0.36865145120888	19
20.6471858997828	0.307164936798806	19
20.6292395508844	0.245231714380253	19
20.611095506383	0.18285471383507	19
20.592752816004	0.120036947376231	19
20.5742105368489	0.0567815085401904	19
20.5554677335176	-0.00690842882094245	19
20.5365234782314	-0.0710296115470541	19
20.5173768509555	-0.135578708177775	19
20.4980269395217	-0.20055230996023	19
20.4784728397508	-0.26594693185676	19
20.4587136555753	-0.33175901355261	19
20.4387484991626	-0.397984920463717	19
20.4185764910367	-0.464620944744425	19
20.3981967602014	-0.531663306295137	19
20.3776084442631	-0.599108153770189	19
20.3568106895529	-0.666951565585428	19
20.3358026512495	-0.735189550926037	19
20.3145834935022	-0.803818050754224	19
20.2931523895526	-0.87283293881697	19
20.2715085218585	-0.942230022653721	19
20.2496510822152	-1.01200504460418	19
20.2275792718793	-1.08215368281596	19
20.2052923016904	-1.15267155225237	19
20.1827893921946	-1.22355420570013	19
20.1600697737663	-1.29479713477707	19
20.1371326867314	-1.36639577093989	19
20.1139773814898	-1.43834548649188	19
20.090603118638	-1.51064159559065	19
20.0670091690916	-1.58327935525584	19
20.0431948142082	-1.65625396637689	19
20.0191593459098	-1.72956057472071	19
19.9949020668058	-1.80319427193947	19
19.970422290315	-1.87715009657827	19
19.9457193407888	-1.95142303508291	19
19.9207925536338	-2.02600802280761	19
19.895641275434	-2.10089994502271	19
19.8702648640739	-2.17609363792246	19
19.8446626888608	-2.25158388963267	19
19.8188341306478	-2.3273654412185	19
19.7927785819561	-2.40343298769216	19
19.7664954470978	-2.47978117902064	19
19.7399841422984	-2.55640462113345	19
19.7132440958196	-2.63329787693032	19
19.6862747480819	-2.71045546728899	19
19.6590755517872	-2.78787187207286	19
19.6316459720413	-2.86554153113877	19
19.6039854864768	-2.94345884534469	19
19.5760935853757	-3.02161817755752	19
19.5479697717917	-3.10001385366072	19
19.5196135616733	-3.17864016356215	19
19.491024483986	-3.25749136220165	19
19.4622020808354	-3.33656167055893	19
19.4331459075894	-3.41584527666117	19
19.403855533001	-3.49533633659087	19
19.3743305393311	-3.57502897549342	19
19.3445705224709	-3.65491728858499	19
19.3145750920646	-3.73499534216015	19
19.2843438716322	-3.81525717459966	19
19.2538764986918	-3.89569679737813	19
19.2231726248826	-3.97630819607184	19
19.1922319160872	-4.05708533136638	19
19.1610540525546	-4.13802214006446	19
19.1296387290225	-4.21911253609354	19
19.0979856548402	-4.30035041151367	19
19.0660945540909	-4.38172963752511	19
19.0339651657147	-4.46324406547615	19
19.0015972436311	-4.5448875278708	19
18.9689905568614	-4.62665383937647	19
18.9361448896519	-4.70853679783181	19
18.9030600415959	-4.79053018525431	19
18.8697358277568	-4.87262776884814	19
18.8361720787903	-4.95482330201181	19
18.8023686410677	-5.03711052534593	19
18.7683253767977	-5.11948316766088	19
18.7340421641497	-5.20193494698468	19
18.6995188973762	-5.2844595715705	19
18.6647554869353	-5.36705074090462	19
18.6297518596137	-5.44970214671399	19
18.5945079586488	-5.53240747397404	19
18.5590237438519	-5.61516040191638	19
18.5232991917305	-5.69795460503653	19
18.4873342956108	-5.78078375410164	19
18.4511290657609	-5.86364151715826	19
18.4146835295129	-5.94652156054003	19
18.3779977313856	-6.02941754987541	19
18.3410717332075	-6.11232315109542	19
18.303905614239	-6.19523203144136	19
18.2664994712954	-6.27813786047252	19
18.2288534188691	-6.361034311074	19
18.1909675892526	-6.44391506046429	19
18.1528421326612	-6.52677379120312	19
18.1144772173553	-6.60960419219914	19
18.0758730297632	-6.69239995971765	19
18.0370297746038	-6.77515479838831	19
17.9979476750091	-6.85786242221292	19
17.9586269726469	-6.94051655557312	19
17.9190679278435	-7.02311093423809	19
17.8792708197063	-7.10563930637233	19
17.8392359462464	-7.18809543354334	19
17.7989636245011	-7.27047309172939	19
17.7584541906568	-7.35276607232721	19
17.7177080001716	-7.43496818315977	19
17.6767254278977	-7.51707324948395	19
17.6355068682043	-7.59907511499829	19
17.5940527351	-7.68096764285073	19
17.5523634623558	-7.76274471664636	19
17.5104395036271	-7.84440024145505	19
17.4682813325771	-7.92592814481933	19
17.425889442999	-8.00732237776196	19
17.3832643489384	-8.0885769157938	19
17.3404065848167	-8.16968575992142	19
17.2973167055529	-8.25064293765491	19
17.2539952866867	-8.33144250401555	19
17.2104429245012	-8.4120785425436	19
17.1666602361452	-8.492545166306	19
17.1226478597561	-8.57283651890404	19
17.0784064545823	-8.65294677548119	19
17.0339367011063	-8.73287014373076	19
16.9892393011667	-8.81260086490368	19
16.9443149780813	-8.89213321481613	19
16.8991644767695	-8.97146150485739	19
16.8537885638752	-9.05058008299749	19
16.8081880278891	-9.12948333479499	19
16.7623636792716	-9.20816568440464	19
16.7163163505752	-9.28662159558517	19
16.6700468965674	-9.36484557270698	19
16.6235561943531	-9.4428321617599	19
16.5768451434974	-9.52057595136091	19
16.5299146661482	-9.59807157376183	19
16.4827657071587	-9.6753137058571	19
16.4353992342103	-9.75229707019149	19
16.3878162379348	-9.82901643596781	19
16.3400177320377	-9.90546662005467	19
16.2920047534202	-9.98164248799417	19
16.2437783623021	-10.0575389550097	19
16.1953396423444	-10.1331509870135	19
16.1466897007721	-10.2084736016147	19
16.0978296684966	-10.2835018691267	19
16.0487607002384	-10.358230913575	19
15.9994839746498	-10.4326559137053	19
15.9500006944375	-10.5067721039905	19
15.9003120864852	-10.580574775639	19
15.8504194019762	-10.6540592776025	19
15.8003239165164	-10.7272210175831	19
15.7500269302562	-10.8000554630416	19
15.699529768014	-10.8725581422052	19
15.648833779398	-10.9447246450749	19
15.5979403389297	-11.0165506244334	19
15.5468508461657	-11.0880317968529	19
15.4955667258208	-11.1591639437027	19
15.4440894278907	-11.2299429121571	19
15.3924204277743	-11.300364616203	19
15.3405612263967	-11.3704250376475	19
15.2885133503316	-11.440120227126	19
15.2362783519238	-11.5094463051095	19
15.1838578094124	-11.5783994629126	19
15.1312533270526	-11.6469759637013	19
15.0784665352392	-11.7151721435004	19
15.0254990906287	-11.7829844122015	19
14.9723526762621	-11.8504092545706	19
14.9190290016872	-11.9174432312561	19
14.8655298030821	-11.9840829797959	19
14.8118568433768	-12.0503252156258	19
14.7580119123765	-12.116166733087	19
14.703996826884	-12.1816044064336	19
14.6498134308226	-12.2466351908407	19
14.5954635953581	-12.3112561234118	19
14.5409492190221	-12.3754643241867	19
14.4862722278345	-12.4392569971493	19
14.4314345754257	-12.502631431235	19
14.3764382431354	-12.5655850012579	19
14.3212852399071	-12.6281151681659	19
14.2659776019504	-12.6902194785271	19
14.210517392365	-12.7518955638885	19
14.1549067007644	-12.813141140135	19
14.099147642899	-12.8739540068472	19
14.0432423602801	-12.9343320466599	19
13.9871930198033	-12.9942732246206	19
13.9310018133718	-13.0537755875475	19
13.8746709575207	-13.1128372633882	19
13.8182026930397	-13.1714564605776	19
13.7615992845974	-13.2296314673967	19
13.7048630203643	-13.2873606513306	19
13.6479962116367	-13.3446424584268	19
13.5910011924603	-13.4014754126537	19
13.5338803192535	-13.4578581152591	19
13.4766359704311	-13.5137892441281	19
13.419270546028	-13.5692675531415	19
13.3617864673226	-13.6242918715346	19
13.3041861764605	-13.6788611032549	19
13.2464721360778	-13.7329742263209	19
13.1886468289251	-13.7866302921801	19
13.1307127574906	-13.8398284250677	19
13.0726724436241	-13.8925678213645	19
13.0145284281602	-13.9448477489554	19
12.9562832705421	-13.996667546588	19
12.8979395484452	-14.0480266232305	19
12.8394998574003	-14.0989244574302	19
12.7809668104178	-14.149360596672	19
12.7223430376106	-14.1993346567364	19
12.6636311858181	-14.2488463210582	19
12.6048339182296	-14.2978953400845	19
12.545953914008	-14.3464815306331	19
12.4869938679131	-14.394604775251	19
12.4279564899256	-14.4422650215727	19
12.3688445048702	-14.4894622816783	19
12.3096606520394	-14.5361966314519	19
12.2504076848171	-14.5824682099402	19
12.1910883703023	-14.6282772187106	19
12.1317054889321	-14.6736239212095	19
12.072261834106	-14.7185086421206	19
12.0127602118089	-14.7629317667236	19
11.9532034402349	-14.8068937402519	19
11.8935943494111	-14.8503950672514	19
11.8339357808207	-14.893436310939	19
11.7742305870268	-14.9360180925601	19
11.7144816312961	-14.9781410907479	19
11.6546917872222	-15.019806040881	19
11.5948639383493	-15.0610137344423	19
11.5350009777959	-15.1017650183768	19
11.4751058078781	-15.1420607944502	19
11.4151813397334	-15.1819020186074	19
11.3552304929441	-15.2212897003303	19
11.2952561951609	-15.2602249019969	19
11.2352613817267	-15.2987087382388	19
11.1752489952997	-15.3367423753	19
11.1152219854776	-15.3743270303954	19
11.0551833084204	-15.4114639710685	19
10.9951359264747	-15.4481545145503	19
10.9350828077968	-15.4844000271175	19
10.8750269259765	-15.5202019234507	19
10.8149712596606	-15.5555616659926	19
10.7549187921762	-15.5904807643068	19
10.6948725111548	-15.6249607744356	19
10.6348354081556	-15.6590032982589	19
10.5748104782889	-15.6926099828518	19
10.5148007198398	-15.7257825198436	19
10.454809133892	-15.7585226447758	19
10.3948387239511	-15.7908321364604	19
10.3348924955679	-15.8227128163385	19
10.2749734559629	-15.8541665478383	19
10.2150846136487	-15.8851952357335	19
10.1552289780546	-15.9158008255019	19
10.0954095591492	-15.9459853026835	19
10.035629367065	-15.9757506922386	19
9.97589141172106	-16.0050990579068	19
9.9161987024471	-16.0340325015645	19
9.85655424760689	-16.062553162584	19
9.79696105422186	-16.0906632171913	19
9.73742212759461	-16.1183648778245	19
9.67794047093257	-16.1456603924924	19
9.61851908497149	-16.1725520441326	19
9.55916096759903	-16.1990421499699	19
9.49986911347836	-16.2251330608747	19
9.44064651367168	-16.2508271607209	19
9.38149615526383	-16.2761268657451	19
9.32242102098581	-16.3010346239039	19
9.26342408883839	-16.3255529142331	19
9.20450833171571	-16.3496842462054	19
9.14567671702871	-16.3734311590891	19
9.08693220632887	-16.3967962213063	19
9.02827775493167	-16.4197820297914	19
8.9697163115402	-16.442391209349	19
8.91125081786869	-16.4646264120126	19
8.85288420826613	-16.4864903164028	19
8.7946194093398	-16.5079856270859	19
8.73645933957886	-16.5291150739316	19
8.67840690897789	-16.549881411472	19
8.62046501866049	-16.5702874182596	19
8.56263656050284	-16.5903358962255	19
8.50492441675724	-16.610029670038	19
8.44733145967574	-16.629371586461	19
8.38986055113363	-16.6483645137119	19
8.33251454225306	-16.6670113408203	19
8.2752962730266	-16.6853149769863	19
8.21820857194079	-16.7032783509384	19
8.16125425559976	-16.7209044102927	19
8.10443612834871	-16.7381961209102	19
8.04775698189756	-16.755156466256	19
7.99121959494447	-16.771788446757	19
7.93482673279943	-16.7880950791606	19
7.87858114700783	-16.8040793958929	19
7.82248557497401	-16.8197444444171	19
7.76654273958484	-16.8350932865916	19
7.71075534883329	-16.8501289980287	19
7.655126095442	-16.8648546674526	19
7.59965765648682	-16.8792733960578	19
7.54435269302044	-16.8933882968677	19
7.48921384969587	-16.9072024940926	19
7.43424375439011	-16.920719122488	19
7.37944501782762	-16.9339413267133	19
7.32482023320397	-16.9468722606898	19
7.27037197580935	-16.959515086959	19
7.21610280265216	-16.9718729760413	19
7.16201525208259	-16.9839491057939	19
7.10811184341617	-16.9957466607695	19
7.05439507655735	-17.0072688315741	19
7.00086743162304	-17.0185188142261	19
6.94753136856623	-17.0294998095138	19
6.89438932679951	-17.0402150223544	19
6.84144372481868	-17.050667661152	19
6.78869695982626	-17.0608609371559	19
6.73615140735513	-17.070798063819	19
6.68380942089203	-17.0804822561563	19
6.63167333150118	-17.0899167301029	19
6.57974544744781	-17.0991047018725	19
6.52802805382177	-17.108049387316	19
6.47652341216106	-17.1167540012791	19
6.42523376007541	-17.1252217569616	19
6.37416131086984	-17.1334558652747	19
6.32330825316828	-17.1414595342001	19
6.27267675053705	-17.1492359681482	19
6.2222689411085	-17.156788367316	19
6.17208693720453	-17.164119927046	19
6.12213282496022	-17.1712338371839	19
6.07240866394732	-17.1781332814378	19
6.02291648679789	-17.1848214367355	19
5.9736582988278	-17.1913014725836	19
5.92463607766036	-17.1975765504256	19
5.87585177284985	-17.203649823	19
5.82730730550511	-17.2095244336991	19
5.77900456791309	-17.2152035159268	19
5.73094542316244	-17.2206901924572	19
5.68313170476703	-17.2259875747932	19
5.63556521628959	-17.2310987625242	19
5.58824773096522	-17.2360268426848	19
5.54118099132498	-17.2407748891134	19
5.49436670881947	-17.2453459618099	19
5.44780656344237	-17.2497431062945	19
5.40150220335404	-17.2539693529658	19
5.35545524450504	-17.2580277164594	19
5.30966727025977	-17.2619211950057	19
5.26413983101996	-17.265652769789	19
5.21887444384831	-17.2692254043049	19
5.17387259209199	-17.2726420437196	19
5.12913572500627	-17.2759056142275	19
5.08466525737805	-17.2790190224098	19
5.04046256914942	-17.2819851545927	19
4.99652900504129	-17.2848068762062	19
4.95286587417686	-17.2874870311417	19
4.9094744497053	-17.2900284411108	19
4.86635596842521	-17.2924339050037	19
4.82351163040827	-17.2947061982471	19
4.78094259862277	-17.2968480721628	19
4.73864999855717	-17.2988622533263	19
4.6966349178437	-17.3007514429245	19
4.65489840588193	-17.3025183161145	19
4.61344147346226	-17.3041655213819	19
4.57226509238962	-17.3056956798988	19
4.53137019510692	-17.3071113848825	19
4.49075767431865	-17.3084152009537	19
4.45042838261453	-17.3096096634947	19
4.41038313209294	-17.3106972780079	19
4.37062269398559	-17.3116805194753	19
4.33114779835938	-17.3125618318085	19
4.29195913417542	-17.3133436277185	19
4.2530573495953	-17.314028288875	19
4.21444305230909	-17.3146181660916	19
4.17611680986344	-17.3151155795108	19
4.13807914998962	-17.3155228187894	19
4.10033056093151	-17.3158421432837	19
4.06287149177371	-17.316075782234	19
4.02570235276956	-17.3162259349507	19
3.98882351566919	-17.3162947709985	19
3.95223531404753	-17.3162844303824	19
3.91593804363243	-17.316197023732	19
3.87993196263265	-17.3160346324874	19
3.84421729206591	-17.3157993090837	19
3.80879421608695	-17.3154930771368	19
3.77366288231557	-17.3151179316279	19
3.73882340216469	-17.314675839089	19
3.70427585116836	-17.314168737788	19
3.67002026930985	-17.3135985379138	19
3.63605666134967	-17.3129671217612	19
3.6023849971536	-17.3122763439168	19
3.56900521202079	-17.311528031443	19
3.53591720701174	-17.3107239840644	19
3.50312084927641	-17.3098659743518	19
3.47061597238219	-17.308955747908	19
3.43840237664204	-17.3079950235529	19
3.40647982944244	-17.3069854935084	19
3.37484806557151	-17.3059288235837	19
3.34350678754701	-17.3048266533605	19
3.31245566594442	-17.3036805963778	19
3.28169433972495	-17.3024922403176	19
3.25122241656362	-17.3012631471894	19
3.22103947317727	-17.299994853516	19
3.19114505565265	-17.298688870518	19
3.16153867977442	-17.2973466842995	19
3.13221983135323	-17.2959697560328	19
3.10318796655374	-17.2945595221438	19
3.07444251222271	-17.2931173944972	19
3.04598286621697	-17.2916447605812	19
3.01780839773155	-17.2901429836933	19
2.98991844762766	-17.2886134031248	19
2.96231232876077	-17.2870573343464	19
2.93498932630866	-17.2854760691932	19
2.90794869809944	-17.2838708760496	19
2.88118967493961	-17.2822430000348	19
2.8547114609421	-17.2805936631879	19
2.82851323385435	-17.2789240646526	19
2.80259414538629	-17.2772353808631	19
2.77695332153844	-17.2755287657285	19
2.75158986292994	-17.2738053508184	19
2.72650284512659	-17.2720662455477	19
2.70169131896891	-17.2703125373622	19
2.67715431090015	-17.2685452919233	19
2.6528908232944	-17.2667655532934	19
2.62889983478456	-17.2649743441208	19
2.60518030059045	-17.2631726658253	19
2.58173115284681	-17.2613614987827	19
2.55855130093138	-17.2595418025105	19
2.53563963179293	-17.2577145158527	19
2.51299501027929	-17.255880557165	19
2.49061627946543	-17.2540408245003	19
2.46850226098149	-17.2521961957932	19
2.44665175534079	-17.2503475290457	19
2.42506354226796	-17.2484956625119	19
2.4037363810269	-17.2466414148835	19
2.38266901074887	-17.2447855854748	19
2.36186015076053	-17.2429289544079	19
2.34130850091199	-17.2410722827977	19
2.32101274190483	-17.239216312937	19
2.30097153562018	-17.2373617684819	19
2.28118352544675	-17.2355093546368	19
2.26164733660886	-17.2336597583396	19
2.24236157649453	-17.2318136484467	19
2.22332483498346	-17.2299716759181	19
2.20453568477515	-17.2281344740028	19
2.18599268171688	-17.2263026584239	19
2.16769436513182	-17.2244768275634	19
2.149639258147	-17.2226575626479	19
2.13182586802143	-17.220845427933	19
2.11425268647409	-17.2190409708893	19
2.09691819001201	-17.2172447223868	19
2.07982084025831	-17.2154571968804	19
2.06295908428022	-17.2136788925952	19
2.04633135491715	-17.2119102917111	19
2.02993607110876	-17.2101518605484	19
2.01377163822294	-17.208404049753	19
1.99783644838392	-17.2066672944811	19
1.98212888080027	-17.2049420145846	19
1.96664730209297	-17.2032286147963	19
1.95139006662345	-17.201527484915	19
1.93635551682166	-17.1998389999905	19
1.92154198351405	-17.198163520509	19
1.90694778625169	-17.196501392578	19
1.89257123363827	-17.1948529481114	19
1.87841062365817	-17.193218505015	19
1.86446424400447	-17.1915983673713	19
1.85073037240706	-17.1899928256246	19
1.83720727696061	-17.1884021567667	19
1.82389321645267	-17.1868266245212	19
1.81078644069171	-17.1852664795293	19
1.79788519083513	-17.1837219595347	19
1.78518769971734	-17.1821932895685	19
1.7726921921778	-17.1806806821351	19
1.76039688538907	-17.1791843373963	19
1.74829998918482	-17.1777044433573	19
1.73639970638793	-17.1762411760514	19
1.7246942331385	-17.1747946997253	19
1.7131817592219	-17.1733651670241	19
1.70186046839682	-17.1719527191767	19
1.69072853872333	-17.1705574861805	19
1.6797841428909	-17.1691795869871	19
1.66902544854647	-17.1678191296871	19
1.65845061862245	-17.1664762116951	19
1.64805781166486	-17.1651509199352	19
1.63784518216125	-17.163843331026	19
1.62781088086886	-17.1625535114656	19
1.6082698492631	-17.160027396893	19
1.58941986076391	-17.1575729128302	19
1.57124602059683	-17.1551902458131	19
1.55373340579405	-17.1528794382249	19
1.5368670756919	-17.1506403942204	19
1.52063208242827	-17.1484728856509	19
1.50501348144013	-17.1463765579887	19
1.48999634196096	-17.144350936251	19
1.47556575751823	-17.142395430925	19
1.46170685643086	-17.1405093438921	19
1.44840481230667	-17.1386918743527	19
1.4356448545399	-17.1369421247503	19
1.4234122788086	-17.1352591066959	19
1.41169245757217	-17.1336417468933	19
1.40047085056875	-17.1320888930626	19
1.38973301531277	-17.1305993198653	19
1.37946461759232	-17.1291717348286	19
1.36491115517411	-17.1271436086149	19
1.35133455207786	-17.1252471013541	19
1.33868812175246	-17.1234771824884	19
1.32692599149954	-17.1218286315564	19
1.31600318218862	-17.1202960831822	19
1.30587568797224	-17.1188740720645	19
1.29353544128864	-17.1171404606363	19
1.28243421302532	-17.1155804532044	19
1.27247727405597	-17.1141811161344	19
1.26150285246881	-17.1126387620546	19
1.25027371196139	-17.1110606092747	19
1.23951436399091	-17.1095484815301	19
1.22880331596771	-17.1080431419004	19
1.2188547433628	-17.1066449612024	19
1.20884668180121	-17.1052384198768	19
