1.20515765865591	-14.9859109380172	50
1.1921002262679	-14.9840130464635	50
1.17906126073989	-14.9819921776217	50
1.16604192026819	-14.9798485109967	50
1.1530433613059	-14.9775822370017	50
1.14006673846019	-14.97519355694	50
1.12711320438973	-14.9726826829882	50
1.11418390970232	-14.9700498381764	50
1.10128000285266	-14.9672952563693	50
1.08840263004038	-14.9644191822447	50
1.07555293510818	-14.9614218712721	50
1.06273205944027	-14.9583035896901	50
1.04994114186096	-14.9550646144824	50
1.03718131853351	-14.9517052333535	50
1.0244537228592	-14.9482257447032	50
1.01175948537667	-14.9446264575996	50
0.999099733661496	-14.9409076917523	50
0.986475592226023	-14.9370697774836	50
0.973888182419488	-14.9331130556992	50
0.961338622328412	-14.929037877858	50
0.948828026677284	-14.9248446059409	50
0.93635750672955	-14.9205336124186	50
0.923928170188894	-14.9161052802183	50
0.911541121100857	-14.9115600026902	50
0.899197459754763	-14.9068981835721	50
0.886898282585984	-14.9021202369538	50
0.874644682078551	-14.89722658724	50
0.862437746668113	-14.8922176691131	50
0.850278560645255	-14.8870939274941	50
0.838168204059185	-14.8818558175034	50
0.826107752621798	-14.8765038044202	50
0.814098277612126	-14.8710383636411	50
0.802140845781179	-14.8654599806384	50
0.790236519257192	-14.8597691509162	50
0.778386355451278	-14.853966379967	50
0.766591406963504	-14.8480521832263	50
0.754852721489397	-14.8420270860273	50
0.743171341726873	-14.8358916235541	50
0.731548305283626	-14.8296463407938	50
0.719984644584959	-14.8232917924886	50
0.708481386782077	-14.8168285430863	50
0.69703955366085	-14.8102571666899	50
0.685660161551056	-14.8035782470072	50
0.674344221236097	-14.7967923772984	50
0.663092737863223	-14.7899001603236	50
0.651906710854243	-14.7829022082896	50
0.640787133816756	-14.7757991427947	50
0.629734994455888	-14.7685915947744	50
0.618751274486562	-14.7612802044448	50
0.607836949546295	-14.7538656212458	50
0.596992989108535	-14.7463485037836	50
0.58622035639655	-14.7387295197719	50
0.575520008297866	-14.7310093459731	50
0.56489289527927	-14.7231886681376	50
0.554339961302389	-14.7152681809432	50
0.543862143739837	-14.7072485879335	50
0.533460373291951	-14.6991306014549	50
0.52313557390413	-14.690914942594	50
0.512888662684753	-14.6826023411132	50
0.502720549823722	-14.6741935353857	50
0.492632138511617	-14.6656892723304	50
0.48262432485946	-14.657090307345	50
0.472697997819128	-14.6483974042393	50
0.462854039104383	-14.6396113351672	50
0.453093323112557	-14.6307328805582	50
0.443416716846881	-14.621762829048	50
0.433825079839476	-14.6127019774084	50
0.424319264074999	-14.6035511304767	50
0.414900113914972	-14.5943111010839	50
0.405568466022772	-14.5849827099829	50
0.396325149289324	-14.5755667857754	50
0.387170984759465	-14.5660641648381	50
0.378106785559018	-14.5564756912489	50
0.369133356822567	-14.5468022167113	50
0.360251495621938	-14.5370446004794	50
0.351461990895397	-14.527203709281	50
0.342765623377577	-14.517280417241	50
0.334163165530124	-14.5072756058035	50
0.325655381473085	-14.4971901636538	50
0.317243026917031	-14.4870249866391	50
0.308926849095936	-14.4767809776892	50
0.300707586700799	-14.4664590467363	50
0.29258596981403	-14.4560601106339	50
0.284562719844602	-14.4455850930757	50
0.276638549463967	-14.4350349245133	50
0.268814162542757	-14.4244105420736	50
0.261090254088261	-14.4137128894758	50
0.253467510182687	-14.4029429169472	50
0.245946607922224	-14.3921015811391	50
0.238528215356898	-14.3811898450415	50
0.231212991431231	-14.370208677898	50
0.224001585925709	-14.3591590551193	50
0.216894639399065	-14.3480419581968	50
0.209892783131384	-14.3368583746153	50
0.202996639068025	-14.3256092977654	50
0.196206819764377	-14.3142957268552	50
0.189523928331451	-14.3029186668214	50
0.182948558382305	-14.2914791282403	50
0.176481293979317	-14.2799781272379	50
0.170122709582305	-14.2684166853995	50
0.163873369997502	-14.2567958296792	50
0.157733830327385	-14.2451165923087	50
0.151704635921365	-14.2333800107054	50
0.145786322327352	-14.2215871273803	50
0.13997941524418	-14.2097389898455	50
0.13428443047491	-14.197836650521	50
0.128701873881021	-14.1858811666415	50
0.123232241337467	-14.1738736001622	50
0.117876018688636	-14.1618150176646	50
0.112633681705195	-14.1497064902616	50
0.107505696041827	-14.1375490935027	50
0.102492517195868	-14.1253439072782	50
0.0975945904668494	-14.1130920157232	50
0.092812350916945	-14.1007945071217	50
0.0881462233323225	-14.0884524738095	50
0.0835966221854134	-14.0760670120772	50
0.0791639515980986	-14.0636392220733	50
0.0748486053058095	-14.0511702077059	50
0.0706509666225552	-14.038661076545	50
0.0665714084068756	-14.0261129397239	50
0.0626102930287189	-14.0135269118406	50
0.0587679723372567	-14.000904110859	50
0.0550447876296305	-13.9882456580093	50
0.0514410696206324	-13.9755526776883	50
0.0479571384133337	-13.9628262973601	50
0.0445933034706494	-13.9500676474552	50
0.0413498635878478	-13.9372778612708	50
0.0382271068660136	-13.9244580748695	50
0.0352253106864557	-13.9116094269791	50
0.0323447416860667	-13.8987330588906	50
0.0295856557336409	-13.8858301143575	50
0.0269482979071465	-13.872901739494	50
0.0244329024719545	-13.859949082673	50
0.0220396928600322	-13.8469732944245	50
0.0197688816500947	-13.833975527333	50
0.0176206705487241	-13.8209569359352	50
0.0155952503724512	-13.8079186766179	50
0.0136928010308077	-13.7948619075145	50
0.0119134915103438	-13.7817877884028	50
0.0102574798596196	-13.7686974806016	50
0.00872491317516499	-13.7555921468678	50
0.00731592758841448	-13.7424729512929	50
0.00603064825361477	-13.7293410591997	50
0.00486918933670766	-13.7161976370387	50
0.00383165400519014	-13.7030438522848	50
0.00291813441894928	-13.6898808733331	50
0.00212871172207718	-13.6767098693956	50
0.00146345603566189	-13.6635320103969	50
0.000922426451560376	-13.6503484668708	50
0.000505671027148269	-13.6371604098557	50
0.000213226781052178	-13.6239690107912	50
4.51196898612061e-05	-13.6107754414135	50
1.36468581879434e-06	-13.5975808736519	50
8.19656554977843e-05	-13.5843864795241	50
0.000286915439454027	-13.5711934310324	50
0.000616195832862321	-13.5580029000598	50
0.00106977758713445	-13.5448160582655	50
0.00164762041251598	-13.5316340769809	50
0.00234967298166655	-13.518458127106	50
0.00317587293421751	-13.5052893790047	50
0.00412614688231172	-13.4921290024014	50
0.00520041041712238	-13.4789781662769	50
0.0063985681163512	-13.4658380387644	50
0.0077205135527032	-13.4527097870461	50
0.00916612930334137	-13.4395945772491	50
0.0107352869603157	-13.4264935743423	50
0.0124278471419703	-13.4134079420324	50
0.0142436595053232	-13.4003388426611	50
0.0161825627594212	-13.3872874371012	50
0.0182443846796663	-13.3742548846542	50
0.0204289421231139	-13.3612423429465	50
0.0227360410447399	-13.3482509678275	50
0.0251654765146794	-13.3352819132662	50
0.027717032736426	-13.322336331249	50
0.0303904830660027	-13.3094153716774	50
0.0331855900320932	-13.2965201822656	50
0.0361021053571353	-13.2836519084391	50
0.0391397699793739	-13.2708116932322	50
0.0422983140758735	-13.2580006771871	50
0.0455774570864844	-13.2452199982523	50
0.0489769077387636	-13.2324707916818	50
0.0524963640738492	-13.2197541899336	50
0.0561355134732786	-13.2070713225699	50
0.0598940326867607	-13.1944233161563	50
0.0637715878608871	-13.1818112941618	50
0.0677678345687862	-13.1692363768592	50
0.0718824178407191	-13.1566996812254	50
0.0761149721956089	-13.1442023208421	50
0.0804651216735039	-13.1317454057972	50
0.0849324798689752	-13.1193300425858	50
0.0895166499654372	-13.1069573340124	50
0.0942172247703952	-13.0946283790924	50
0.0990337867516162	-13.0823442729549	50
0.103965908074216	-13.0701061067452	50
0.109013150638659	-13.057914967528	50
0.114175066119678	-13.0457719381908	50
0.119451196006093	-13.0336780973477	50
0.12484107164154	-13.0216345192435	50
0.130344214266102	-13.0096422736586	50
0.135960135058829	-12.9977024258134	50
0.141688335181166	-12.9858160362743	50
0.147528305821256	-12.9739841608591	50
0.153479528239141	-12.9622078505435	50
0.159541473812834	-12.9504881513674	50
0.165713604085278	-12.9388261043422	50
0.171995370812176	-12.9272227453585	50
0.178386216010683	-12.9156791050936	50
0.184885572008979	-12.9041962089204	50
0.191492861496682	-12.8927750768162	50
0.198207497576137	-12.8814167232719	50
0.205028883814541	-12.8701221572022	50
0.211956414296929	-12.8588923818557	50
0.218989473679986	-12.847728394726	50
0.226127437246711	-12.8366311874631	50
0.23336967096191	-12.825601745785	50
0.240715531528507	-12.8146410493904	50
0.248164366444694	-12.8037500718719	50
0.255715514061882	-12.7929297806291	50
0.263368303643479	-12.7821811367827	50
0.271122055424464	-12.7715050950895	50
0.278976080671773	-12.7609026038571	50
0.286929681745469	-12.7503746048603	50
0.294982152160717	-12.7399220332567	50
0.303132776650534	-12.7295458175042	50
0.311380831229325	-12.7192468792783	50
0.319725583257192	-12.7090261333901	50
0.328166291505009	-12.6988844877055	50
0.336702206220264	-12.6888228430641	50
0.345332569193658	-12.6788420931992	50
0.354056613826449	-12.6689431246589	50
0.36287356519855	-12.6591268167268	50
0.371782640137358	-12.649394041344	50
0.380783047287326	-12.639745663032	50
0.389873987180249	-12.6301825388155	50
0.399054652306279	-12.6207055181465	50
0.408324227185659	-12.6113154428288	50
0.417681888441149	-12.6020131469432	50
0.42712680487117	-12.5927994567733	50
0.436658137523632	-12.5836751907324	50
0.446275039770459	-12.5746411592906	50
0.455976657382787	-12.5656981649027	50
0.465762128606844	-12.5568470019373	50
0.475630584240495	-12.5480884566059	50
0.485581147710451	-12.539423306893	50
0.495612935150129	-12.5308523224873	50
0.505725055478162	-12.5223762647133	50
0.515916610477557	-12.5139958864634	50
0.526186694875468	-12.5057119321313	50
0.536534396423616	-12.4975251375457	50
0.546958795979319	-12.489436229905	50
0.557458967587131	-12.4814459277128	50
0.568033978561101	-12.4735549407138	50
0.578682889567606	-12.4657639698313	50
0.589404754708796	-12.4580737071043	50
0.600198621606618	-12.4504848356263	50
0.6110635314874	-12.4429980294849	50
0.621998519267024	-12.4356139537014	50
0.63300261363665	-12.4283332641722	50
0.64407483714899	-12.4211566076101	50
0.655214206305128	-12.4140846214874	50
0.666419731641889	-12.4071179339787	50
0.67769041781972	-12.4002571639055	50
0.689025263711106	-12.393502920681	50
0.700423262489498	-12.3868558042562	50
0.711883401718738	-12.3803164050665	50
0.723404663442996	-12.3738853039789	50
0.73498602427719	-12.3675630722413	50
0.746626455497885	-12.3613502714306	50
0.758324923134673	-12.3552474534038	50
0.770080388062019	-12.3492551602486	50
0.781891806091557	-12.3433739242349	50
0.793758128064839	-12.3376042677683	50
0.805678299946539	-12.3319467033429	50
0.817651262918066	-12.3264017334963	50
0.829675953471618	-12.3209698507649	50
0.841751303504655	-12.3156515376398	50
0.853876240414764	-12.3104472665244	50
0.866049687194941	-12.3053574996921	50
0.878270562529257	-12.3003826892455	50
0.890537780888901	-12.2955232770759	50
0.902850252628607	-12.2907796948245	50
0.915206884083446	-12.2861523638437	50
0.927606577665962	-12.2816416951598	50
0.940048231963676	-12.2772480894363	50
0.952530741836914	-12.2729719369389	50
0.965052998516975	-12.2688136175001	50
0.977613889704614	-12.2647735004858	50
0.990212299668849	-12.2608519447626	50
1.00284710934606	-12.2570492986659	50
1.0155171964394	-12.2533658999685	50
1.02822143551847	-12.2498020758512	50
1.04095869811929	-12.2463581428736	50
1.05372785284457	-12.2430344069456	50
1.06652776546413	-12.2398311633008	50
1.07935729901573	-12.2367486964696	50
1.09221531390603	-12.2337872802548	50
1.10510066801178	-12.2309471777063	50
1.11801221678134	-12.2282286410984	50
1.13094881333629	-12.2256319119075	50
1.14390930857332	-12.2231572207898	50
1.1568925512663	-12.2208047875619	50
1.16989738816855	-12.2185748211804	50
1.18292266411526	-12.2164675197238	50
1.1959672221261	-12.2144830703749	50
1.22275876389275	-12.2106655220618	50
1.24036679892431	-12.2081274257492	50
1.25798176375061	-12.2055460566028	50
1.27560365837163	-12.2029214146227	50
1.29323248278737	-12.2002534998089	50
1.31086823699785	-12.1975423121614	50
1.32851092100305	-12.1947878516802	50
1.34616053480297	-12.1919901183653	50
1.36381707839763	-12.1891491122167	50
1.38148055178701	-12.1862648332344	50
1.39915095497112	-12.1833372814184	50
1.41682828794995	-12.1803664567686	50
1.43451255072351	-12.1773523592852	50
1.4522037432918	-12.174294988968	50
1.46990186565481	-12.1711943458172	50
1.48760691781255	-12.1680504298326	50
1.50531889976502	-12.1648632410143	50
1.52303781151221	-12.1616327793624	50
1.54076365305413	-12.1583590448767	50
1.55849642439078	-12.1550420375573	50
1.57623612552215	-12.1516817574042	50
1.59398275644825	-12.1482782044174	50
1.61173631716908	-12.1448313785968	50
1.62949680768464	-12.1413412799426	50
1.64726422799492	-12.1378079084547	50
1.66503857809992	-12.1342312641331	50
1.68281985799966	-12.1306113469777	50
1.70060806769412	-12.1269481569887	50
1.71840320718331	-12.1232416941659	50
1.73620527646722	-12.1194919585094	50
1.75401427554586	-12.1156989500193	50
1.77183020441923	-12.1118626686954	50
1.78965306308733	-12.1079831145378	50
1.80748285155015	-12.1040602875465	50
1.8253195698077	-12.1000941877215	50
1.84316321785997	-12.0960848150628	50
1.86101379570697	-12.0920321695704	50
1.8788713033487	-12.0879362512443	50
1.89673574078516	-12.0837970600844	50
1.91460710801634	-12.0796145960909	50
1.93248540504224	-12.0753888592636	50
1.95037063186288	-12.0711198496027	50
1.96826278847824	-12.066807567108	50
1.98616187488833	-12.0624520117797	50
2.00406789109315	-12.0580531836176	50
2.02198083709269	-12.0536110826218	50
2.03990071288696	-12.0491257087923	50
2.05782751847595	-12.0445970621291	50
2.07576125385967	-12.0400251426322	50
2.09370191903812	-12.0354099503016	50
2.1116495140113	-12.0307514851373	50
2.1296040387792	-12.0260497471393	50
2.14756549334183	-12.0213047363075	50
2.16553387769918	-12.0165164526421	50
2.18350919185127	-12.011684896143	50
2.20149143579808	-12.0068100668101	50
2.21948060953961	-12.0018919646435	50
2.23747671307587	-11.9969305896433	50
2.25547974640686	-11.9919259418093	50
2.27348970953258	-11.9868780211416	50
2.29150660245302	-11.9817868276402	50
2.30953042516819	-11.9766523613051	50
2.32756117767809	-11.9714746221363	50
2.34559885998271	-11.9662536101338	50
2.36364347208206	-11.9609893252976	50
2.38169501397614	-11.9556817676277	50
2.39975348566494	-11.950330937124	50
2.41781888714847	-11.9449368337867	50
2.43589121842672	-11.9394994576156	50
2.45397047949971	-11.9340188086109	50
2.47205667036742	-11.9284948867724	50
2.49014979102985	-11.9229276921003	50
2.50824984148702	-11.9173172245944	50
2.52635682173891	-11.9116634842548	50
2.54447073178552	-11.9059664710815	50
2.56259157162686	-11.9002261850745	50
2.58071934126294	-11.8944426262338	50
2.59885404069373	-11.8886157945594	50
2.61699566991926	-11.8827456900513	50
2.63514422893951	-11.8768323127094	50
2.65329971775448	-11.8708756625339	50
2.67146213636419	-11.8648757395247	50
2.68963148476862	-11.8588325436817	50
2.70780776296777	-11.8527460750051	50
2.72599097096166	-11.8466163334947	50
2.74418110875027	-11.8404433191506	50
2.7623781763336	-11.8342270319728	50
2.78058217371167	-11.8279674719614	50
2.79879310088446	-11.8216646391162	50
2.81701095785198	-11.8153185334373	50
2.83523574461422	-11.8089291549247	50
2.85346746117119	-11.8024965035784	50
2.87170610752289	-11.7960205793983	50
2.88995168366931	-11.7895013823846	50
2.90820418961046	-11.7829389125372	50
2.92646362534634	-11.776333169856	50
2.94472999087694	-11.7696841543412	50
2.96300328620227	-11.7629918659926	50
2.98128351132233	-11.7562563048104	50
2.99957066623712	-11.7494774707944	50
3.01786475094663	-11.7426553639447	50
3.03616576545087	-11.7357899842613	50
3.05447370974983	-11.7288813317442	50
3.07278858384352	-11.7219294063934	50
3.09111038773194	-11.7149342082089	50
3.10943912141508	-11.7078957371907	50
3.12777478489296	-11.7008139933388	50
3.14611737816555	-11.6936889766531	50
3.16446690123288	-11.6865206871338	50
3.18282335409493	-11.6793091247808	50
3.20118673675171	-11.672054289594	50
3.21955704920321	-11.6647561815736	50
3.23793429144945	-11.6574148007194	50
3.2563184634904	-11.6500301470315	50
3.27470956532609	-11.6426022205099	50
3.2931075969565	-11.6351310211546	50
3.31151255838164	-11.6276165489657	50
3.3299244496015	-11.620058803943	50
3.3483432706161	-11.6124577860865	50
3.36676902142541	-11.6048134953964	50
3.38520170202946	-11.5971259318726	50
3.40364131242823	-11.5893950955151	50
3.42208785262173	-11.5816209863238	50
3.44054132260996	-11.5738036042989	50
3.45900172239291	-11.5659429494402	50
3.47746905197059	-11.5580390217479	50
3.49594331134299	-11.5500918212218	50
3.51442450051012	-11.542101347862	50
3.53291261947198	-11.5340676016686	50
3.55140766822857	-11.5259905826414	50
3.56990964677988	-11.5178702907805	50
3.58841855512592	-11.5097067260859	50
3.60693439326669	-11.5014998885576	50
3.62545716120218	-11.4932497781955	50
3.6439868589324	-11.4849563949998	50
3.66252348645735	-11.4766197389704	50
3.68106704377702	-11.4682398101072	50
3.69961753089142	-11.4598166084104	50
3.71817494780054	-11.4513501338799	50
3.7367392945044	-11.4428403865156	50
3.75531057100298	-11.4342873663176	50
3.77388877729628	-11.4256910732859	50
3.79247391338432	-11.4170515074206	50
3.81106597926708	-11.4083686687215	50
3.82966497494456	-11.3996425571887	50
3.84827090041678	-11.3908731728222	50
3.86688375568371	-11.382060515622	50
3.88550354074538	-11.373204585588	50
3.90413025560178	-11.3643053827204	50
3.9227639002529	-11.3553629070191	50
3.94140447469874	-11.346377158484	50
3.96005197893932	-11.3373481371153	50
3.97870641297462	-11.3282758429128	50
3.99736777680464	-11.3191602758767	50
4.0160360704294	-11.3100014360068	50
4.03471129384888	-11.3007993233032	50
4.05339344706308	-11.2915539377659	50
4.07208253007202	-11.282265279395	50
4.09077854287568	-11.2729333481903	50
4.10948148547407	-11.2635581441519	50
4.12819135786718	-11.2541396672797	50
4.14690816005502	-11.2446779175739	50
4.16563189203759	-11.2351728950344	50
4.18436255381488	-11.2256245996612	50
4.2031001453869	-11.2160330314542	50
4.22184466675365	-11.2063981904136	50
4.24059611791512	-11.1967200765392	50
4.25935449887132	-11.1869986898312	50
4.27811980962225	-11.1772340302894	50
4.29689205016791	-11.1674260979139	50
4.31567122050829	-11.1575748927047	50
4.33445732064339	-11.1476804146618	50
4.35325035057323	-11.1377426637852	50
4.37205031029779	-11.1277616400749	50
4.39085719981708	-11.1177373435309	50
4.40967101913109	-11.1076697741532	50
4.42849176823983	-11.0975589319418	50
4.4473194471433	-11.0874048168966	50
4.4661540558415	-11.0772074290178	50
4.48499559433442	-11.0669667683052	50
4.50384406262207	-11.056682834759	50
4.52269946070444	-11.046355628379	50
4.54156178858154	-11.0359851491653	50
4.56043104625337	-11.025571397118	50
4.57930723371993	-11.0151143722369	50
4.59819035098121	-11.0046140745221	50
4.61708039803722	-10.9940705039736	50
4.63597737488795	-10.9834836605914	50
4.65488128153341	-10.9728535443755	50
4.6737921179736	-10.9621801553258	50
4.69270988420852	-10.9514634934425	50
4.71163458023816	-10.9407035587255	50
4.73056620606253	-10.9299003511747	50
4.74950476168162	-10.9190538707903	50
4.76845024709544	-10.9081641175721	50
4.78740266230399	-10.8972310915202	50
4.80636200730727	-10.8862547926347	50
4.82532828210527	-10.8752352209154	50
4.844301486698	-10.8641723763624	50
4.86328162108546	-10.8530662589757	50
4.88226868526764	-10.8419168687553	50
4.90126267924455	-10.8307242057012	50
4.92026360301618	-10.8194882698134	50
4.93927145658254	-10.8082090610919	50
4.95828623994363	-10.7968865795366	50
4.97730795309945	-10.7855208251477	50
4.99633659604999	-10.7741117979251	50
5.01537216879526	-10.7626594978687	50
5.03441467133526	-10.7511639249786	50
5.05346410366998	-10.7396250792549	50
5.07252046579943	-10.7280429606974	50
5.09158375772361	-10.7164175693062	50
5.11065397944251	-10.7047489050813	50
5.12973113095614	-10.6930369680227	50
5.1488152122645	-10.6812817581304	50
5.16790622336758	-10.6694832754044	50
5.18700416426539	-10.6576415198447	50
5.20610903495792	-10.6457564914513	50
5.22522083544519	-10.6338281902241	50
5.24433956572718	-10.6218566161633	50
5.26346522580389	-10.6098417692688	50
5.28259781567534	-10.5977836495405	50
5.30173733534151	-10.5856822569785	50
5.3208837848024	-10.5735375915829	50
5.34003716405803	-10.5613496533535	50
5.35919747310838	-10.5491184422904	50
5.37836471195346	-10.5368439583936	50
5.39753888059326	-10.5245262016631	50
5.41671997902779	-10.5121651720989	50
5.43590800725705	-10.499760869701	50
5.45510296528103	-10.4873132944694	50
5.47430485309974	-10.4748224464041	50
5.49351367071318	-10.462288325505	50
5.51272941812134	-10.4497109317723	50
5.53195209532423	-10.4370902652059	50
5.55118170232185	-10.4244263258057	50
5.57041823911419	-10.4117191135718	50
5.58966170570126	-10.3989686285043	50
5.60891210208306	-10.386174870603	50
5.62816942825959	-10.373337839868	50
5.64743368423084	-10.3604575362993	50
5.66670486999682	-10.3475339598969	50
5.68598298555752	-10.3345671106608	50
5.70526803091295	-10.321556988591	50
5.72456000606311	-10.3085035936875	50
5.74385891100799	-10.2954069259503	50
5.7631647457476	-10.2822669853793	50
5.78247751028194	-10.2690837719747	50
5.80179720461101	-10.2558572857363	50
5.8211238287348	-10.2425875266643	50
5.84045738265332	-10.2292744947585	50
5.85979786636656	-10.215918190019	50
5.87914527987453	-10.2025186124459	50
5.89849962317723	-10.189075762039	50
5.91786089627465	-10.1755896387984	50
5.93722909916681	-10.1620602427241	50
5.95660423185368	-10.1484875738161	50
5.97598629433529	-10.1348716320744	50
5.99537528661162	-10.1212124174989	50
6.01477120868268	-10.1075099300898	50
6.03417406054847	-10.093764169847	50
6.05358384220898	-10.0799751367704	50
6.07300055366422	-10.0661428308602	50
6.09242419491418	-10.0522672521162	50
6.11185476595887	-10.0383484005386	50
6.13129226679829	-10.0243862761272	50
6.15073669743244	-10.0103808788821	50
6.17018805786131	-9.99633220880334	50
6.18964634808491	-9.98224026589084	50
6.20911156810323	-9.96810505014464	50
6.22858371791629	-9.95392656156474	50
6.24806279752407	-9.93970480015112	50
6.26754880692657	-9.9254397659038	50
6.2870417461238	-9.91113145882277	50
6.30654161511576	-9.89677987890803	50
6.32604841390245	-9.88238502615959	50
6.34556214248386	-9.86794690057743	50
6.36508280086	-9.85346550216158	50
6.38461038903086	-9.83894083091201	50
6.40414490699646	-9.82437288682874	50
6.42368635475678	-9.80976166991176	50
6.44323473231182	-9.79510718016107	50
6.4627900396616	-9.78040941757668	50
6.48235227680609	-9.76566838215857	50
6.50192144374532	-9.75088407390677	50
6.52149754047927	-9.73605649282125	50
6.54108056700795	-9.72118563890203	50
6.56067052333136	-9.7062715121491	50
6.58026740944949	-9.69131411256246	50
6.59987122536235	-9.67631344014212	50
6.61948197106994	-9.66126949488806	50
6.63909964657225	-9.6461822768003	50
6.65872425186929	-9.63105178587884	50
6.67835578696106	-9.61587802212366	50
6.69799425184755	-9.60066098553478	50
6.71763964652877	-9.5854006761122	50
6.73729197100472	-9.5700970938559	50
6.7569512252754	-9.5547502387659	50
6.7766174093408	-9.53936011084219	50
6.79629052320092	-9.52392671008477	50
6.81597056685577	-9.50845003649365	50
6.83565754030536	-9.49293009006881	50
6.85535144354966	-9.47736687081028	50
6.8750522765887	-9.46176037871803	50
6.89476003942246	-9.44611061379207	50
6.91447473205094	-9.43041757603241	50
6.93419635447416	-9.41468126543904	50
6.9539249066921	-9.39890168201197	50
6.97366038870477	-9.38307882575119	50
6.99340280051216	-9.3672126966567	50
7.01315214211428	-9.3513032947285	50
7.03290841351113	-9.3353506199666	50
7.0526716147027	-9.31935467237099	50
7.072441745689	-9.30331545194167	50
7.09221880647003	-9.28723295867864	50
7.11200279704579	-9.27110719258191	50
7.13179371741627	-9.25493815365147	50
7.15159156758147	-9.23872584188733	50
7.17139634754141	-9.22247025728947	50
7.19120805729607	-9.20617139985791	50
7.21102669684546	-9.18982926959264	50
7.23085226618957	-9.17344386649365	50
7.25068476532842	-9.15701519056098	50
7.27052419426198	-9.14054324179458	50
7.29037055299028	-9.12402802019449	50
7.3102238415133	-9.10746952576068	50
7.33008405983105	-9.09086775849317	50
7.34995120794352	-9.07422271839196	50
7.36982528585072	-9.05753440545703	50
7.38970629355265	-9.04080281968839	50
7.40959423104931	-9.02402796108605	50
7.42948909834069	-9.00720982965	50
7.4493908954268	-8.99034842538025	50
7.46929962230763	-8.97344374827678	50
7.48921527898319	-8.95649579833961	50
7.50913786545348	-8.93950457556874	50
7.5290673817185	-8.92247007996415	50
7.54900382777824	-8.90539231152586	50
7.56894720363271	-8.88827127025386	50
7.5888975092819	-8.87110695614815	50
7.60885474472583	-8.85389936920874	50
7.62881890996448	-8.83664850943562	50
7.64879000499785	-8.81935437682879	50
7.66876802982595	-8.80201697138825	50
7.68875298444878	-8.78463629311401	50
7.70874486886634	-8.76721234200607	50
7.72874368307862	-8.7497451180644	50
7.74874942708563	-8.73223462128904	50
7.76876210088737	-8.71468085167997	50
7.78878170448383	-8.69708380923719	50
7.80880823787502	-8.67944349396071	50
7.82884170106093	-8.66175990585051	50
7.84888209404158	-8.64403304490662	50
7.86892941681695	-8.62626291112901	50
7.88898366938704	-8.60844950451769	50
7.90904485175187	-8.59059282507267	50
7.92911296391141	-8.57269287279393	50
7.94918800586569	-8.55474964768151	50
7.96926997761469	-8.53676314973536	50
7.98935887915842	-8.51873337895551	50
8.00945471049688	-8.50066033534195	50
8.02955747163006	-8.48254401889468	50
8.04966716255797	-8.46438442961371	50
8.06978378328061	-8.44618156749903	50
8.08990733379797	-8.42793543255064	50
8.11003781411006	-8.40964602476855	50
8.13017522421688	-8.39131334415275	50
8.15031956411842	-8.37293739070324	50
8.17047083381469	-8.35451816442003	50
8.19062903330569	-8.3360556653031	50
8.21079416259141	-8.31754989335247	50
8.23096622167186	-8.29900084856813	50
8.25114521054704	-8.28040853095009	50
8.27133112921694	-8.26177294049834	50
8.29152397768157	-8.24309407721288	50
8.31172375594093	-8.22437194109371	50
8.33193046399501	-8.20560653214083	50
8.35214410184383	-8.18679785035425	50
8.37236466948736	-8.16794589573397	50
8.39259216692563	-8.14905066827997	50
8.41282659415862	-8.13011216799227	50
8.43306795118633	-8.11113039487086	50
8.45331623800878	-8.09210534891574	50
8.47357145462595	-8.07303703012692	50
8.49383360103785	-8.05392543850439	50
8.51410267724447	-8.03477057404815	50
8.53437868324582	-8.0155724367582	50
8.5546616190419	-7.99633102663455	50
8.5749514846327	-7.97704634367719	50
8.59524828001824	-7.95771838788612	50
8.6155520051985	-7.93834715926135	50
8.63586266017348	-7.91893265780286	50
8.65618024494319	-7.89947488351067	50
8.67650475950763	-7.87997383638478	50
8.69683620386679	-7.86042951642517	50
8.71717457802069	-7.84084192363187	50
8.7375198819693	-7.82121105800484	50
8.75787211571265	-7.80153691954412	50
8.77823127925072	-7.78181950824968	50
8.79859737258352	-7.76205882412154	50
8.81897039571104	-7.7422548671597	50
8.83935034863329	-7.72240763736414	50
8.85973723135027	-7.70251713473488	50
8.88013104386198	-7.68258335927191	50
8.90053178616841	-7.66260631097523	50
8.92093945826957	-7.64258598984486	50
8.94135406016545	-7.62252239588076	50
8.96177559185606	-7.60241552908296	50
8.9822040533414	-7.58226538945146	50
9.00263944462147	-7.56207197698624	50
9.02308176569626	-7.54183529168733	50
9.04353101656578	-7.5215553335547	50
9.06398719723003	-7.50123210258837	50
9.084450307689	-7.48086559878833	50
9.1049203479427	-7.46045582215457	50
9.12539731799112	-7.44000277268712	50
9.14588121783427	-7.41950645038596	50
9.16637204747215	-7.39896685525109	50
9.18686980690476	-7.37838398728251	50
9.20737449613209	-7.35775784648022	50
9.22788611515415	-7.33708843284424	50
9.24840466397094	-7.31637574637454	50
9.26893014258245	-7.29561978707113	50
9.28946255098869	-7.27482055493402	50
9.31000188918965	-7.25397804996319	50
9.33054815718535	-7.23309227215867	50
9.35110135497577	-7.21216322152043	50
9.37166148256091	-7.19119089804849	50
9.39222853994078	-7.17017530174284	50
9.41280252711539	-7.14911643260348	50
9.43338344408471	-7.12801429063042	50
9.45397129084877	-7.10686887582365	50
9.47456606740754	-7.08568018818317	50
9.49516777376105	-7.06444822770898	50
9.51577640990928	-7.04317299440109	50
9.53639197585225	-7.02185448825949	50
9.55701447158993	-7.00049270928419	50
9.57764389712234	-6.97908765747517	50
9.59828025244948	-6.95763933283245	50
9.61892353757135	-6.93614773535602	50
9.63957375248794	-6.91461286504589	50
9.66023089719927	-6.89303472190204	50
9.68089497170531	-6.87141330592449	50
9.70156597600608	-6.84974861711323	50
9.72224391010159	-6.82804065546826	50
9.74292877399181	-6.80628942098959	50
9.76362056767677	-6.78449491367721	50
9.78431929115645	-6.76265713353112	50
9.80502494443085	-6.74077608055133	50
9.82573752749999	-6.71885175473783	50
9.84645704036385	-6.69688415609062	50
9.86718348302244	-6.6748732846097	50
9.88791685547575	-6.65281914029508	50
9.90865715772379	-6.63072172314675	50
9.92940438976656	-6.60858103316471	50
9.95015855160405	-6.58639707034897	50
9.97091964323627	-6.56416983469952	50
9.99168766466322	-6.54189932621636	50
10.0124626158849	-6.51958554489949	50
10.0332444969013	-6.49722849074892	50
10.0540333077124	-6.47482816376464	50
10.0748290483183	-6.45238456394665	50
10.0956317187189	-6.42989769129495	50
10.1164413189142	-6.40736754580955	50
10.1372578489042	-6.38479412749044	50
10.158081308689	-6.36217743633762	50
10.1789116982685	-6.3395174723511	50
10.1997490176427	-6.31681423553087	50
10.2205932668116	-6.29406772587693	50
10.2414444457753	-6.27127794338928	50
10.2623025545337	-6.24844488806793	50
10.2831675930868	-6.22556855991287	50
10.3040395614346	-6.2026489589241	50
10.3249184595772	-6.17968608510163	50
10.3458042875145	-6.15667993844544	50
10.3666970452465	-6.13363051895556	50
10.3875967327733	-6.11053782663196	50
10.4085033500948	-6.08740186147466	50
10.429416897211	-6.06422262348365	50
10.4503373741219	-6.04100011265892	50
10.4712647808276	-6.01773432900051	50
10.492199117328	-5.99442527250837	50
10.5131403836231	-5.97107294318253	50
10.5340885797129	-5.94767734102298	50
10.5550437055975	-5.92423846602973	50
10.5760057612768	-5.90075631820276	50
10.5969747467508	-5.8772308975421	50
10.6179506620196	-5.85366220404772	50
10.638933507083	-5.83005023771964	50
10.6599232819412	-5.80639499855784	50
10.6809199865942	-5.78269648656235	50
10.7019236210418	-5.75895470173314	50
10.7229341852842	-5.73516964407023	50
10.7439516793213	-5.71134131357361	50
10.7649761031532	-5.68746971024328	50
10.7860074567797	-5.66355483407925	50
10.807045740201	-5.63959668508151	50
10.828090953417	-5.61559526325006	50
10.8491430964278	-5.59155056858491	50
10.8702021692332	-5.56746260108604	50
10.8912681718334	-5.54333136075347	50
10.9123411042284	-5.5191568475872	50
10.933420966418	-5.49493906158721	50
10.9545077584024	-5.47067800275352	50
10.9756014801815	-5.44637367108612	50
10.9967021317553	-5.42202606658501	50
11.0178097131239	-5.3976351892502	50
11.0389242242872	-5.37320103908168	50
11.0600456652452	-5.34872361607945	50
11.0811740359979	-5.32420292024352	50
11.1023093365454	-5.29963895157388	50
11.1234515668876	-5.27503171007053	50
11.1446007270245	-5.25038119573347	50
11.1657568169561	-5.22568740856271	50
11.1869198366825	-5.20095034855823	50
11.2080897862036	-5.17617001572006	50
11.2292666655194	-5.15134641004817	50
11.25045047463	-5.12647953154258	50
11.2716412135352	-5.10156938020328	50
11.2928388822352	-5.07661595603027	50
11.31404348073	-5.05161925902356	50
11.3352550090194	-5.02657928918313	50
11.3564734671036	-5.00149604650901	50
11.3776988549825	-4.97636953100117	50
11.3989311726562	-4.95119974265963	50
11.4201704201245	-4.92598668148437	50
11.4414165973876	-4.90073034747541	50
11.4626697044454	-4.87543074063275	50
11.483929741298	-4.85008786095638	50
11.5051967079452	-4.8247017084463	50
11.5264706043872	-4.79927228310251	50
11.547751430624	-4.77379958492502	50
11.5690391866554	-4.74828361391382	50
11.5903338724816	-4.72272437006891	50
11.6116354881025	-4.69712185339029	50
11.6329440335181	-4.67147606387797	50
11.6542595087285	-4.64578700153194	50
11.6755819137336	-4.6200546663522	50
11.6969112485334	-4.59427905833875	50
11.7182475131279	-4.5684601774916	50
11.7395907075172	-4.54259802381075	50
11.7609408317012	-4.51669259729618	50
11.7822978856799	-4.49074389794791	50
11.8036618694533	-4.46475192576593	50
11.8250327830215	-4.43871668075023	50
11.8464106263844	-4.41263816290084	50
11.867795399542	-4.38651637221774	50
11.8891871024944	-4.36035130870093	50
11.9105857352415	-4.33414297235041	50
11.9319912977833	-4.30789136316619	50
11.9534037901198	-4.28159648114826	50
11.9748232122511	-4.25525832629662	50
11.9962495641771	-4.22887689861128	50
12.0176828458978	-4.20245219809222	50
12.0391230574132	-4.17598422473946	50
12.0605701987234	-4.14947297855299	50
12.0820242698283	-4.12291845953282	50
12.1034852707279	-4.09632066767893	50
12.1249532014222	-4.06967960299134	50
12.1464280619113	-4.04299526547005	50
12.1679098521951	-4.01626765511505	50
12.1893985722736	-3.98949677192634	50
12.2108942221469	-3.96268261590392	50
12.2323968018149	-3.93582518704779	50
12.2539063112776	-3.90892448535796	50
12.275422750535	-3.88198051083442	50
12.2969461195872	-3.85499326347717	50
12.318476418434	-3.82796274328622	50
12.3400136470757	-3.80088895026155	50
12.361557805512	-3.77377188440319	50
12.3831088937431	-3.74661154571111	50
12.4046669117688	-3.71940793418533	50
12.4262318595894	-3.69216104982584	50
12.4478037372046	-3.66487089263264	50
12.4693825446146	-3.63753746260574	50
12.4909682818193	-3.61016075974512	50
12.5125609488187	-3.58274078405081	50
12.5341605456129	-3.55527753552278	50
12.5557670722017	-3.52777101416104	50
12.5773805285854	-3.5002212199656	50
12.5990009147637	-3.47262815293645	50
12.6206282307367	-3.4449918130736	50
12.6422624765045	-3.41731220037704	50
12.663903652067	-3.38958931484676	50
12.6855517574243	-3.36182315648279	50
12.7072067925763	-3.33401372528511	50
12.7288687575229	-3.30616102125372	50
12.7505376522644	-3.27826504438861	50
12.7722134768005	-3.25032579468981	50
12.7938962311314	-3.22234327215729	50
12.815585915257	-3.19431747679107	50
12.8372825291773	-3.16624840859115	50
12.8589860728924	-3.13813606755751	50
12.8806965464022	-3.10998045369017	50
12.9024139497067	-3.08178156698912	50
12.9241382828059	-3.05353940745436	50
12.9458695456998	-3.0252539750859	50
12.9676077383885	-2.99692526988373	50
12.989352860872	-2.96855329184785	50
13.0111049131501	-2.94013804097826	50
13.032863895223	-2.91167951727497	50
13.0546298070906	-2.88317772073797	50
13.0764026487529	-2.85463265136726	50
13.0981824202099	-2.82604430916285	50
13.1199691214617	-2.79741269412473	50
13.1417627525082	-2.7687378062529	50
13.1635633133494	-2.74001964554737	50
13.1853708039854	-2.71125821200812	50
13.2071852244161	-2.68245350563517	50
13.2290065746415	-2.65360552642851	50
13.2508348546616	-2.62471427438815	50
13.2726700644765	-2.59577974951407	50
13.2945122040861	-2.56680195180629	50
13.3163612734904	-2.53778088126481	50
13.3382172726894	-2.50871653788961	50
13.3600802016832	-2.47960892168071	50
13.3819500604717	-2.4504580326381	50
13.4038268490549	-2.42126387076179	50
13.4257105674328	-2.39202643605177	50
13.4476012156055	-2.36274572850803	50
13.4694987935729	-2.3334217481306	50
13.491403301335	-2.30405449491945	50
13.5133147388919	-2.2746439688746	50
13.5352331062435	-2.24519016999604	50
13.5571584033898	-2.21569309828378	50
13.5790906303308	-2.1861527537378	50
13.6010297870666	-2.15656913635812	50
13.6229758735971	-2.12694224614473	50
13.6449288899223	-2.09727208309764	50
13.6668888360422	-2.06755864721684	50
13.6888557119569	-2.03780193850233	50
13.7108295176663	-2.00800195695411	50
13.7328102531704	-1.97815870257218	50
13.7547979184693	-1.94827217535655	50
13.7767925135629	-1.91834237530721	50
13.7987940384512	-1.88836930242417	50
13.8208024931342	-1.85835295670742	50
13.8428178776119	-1.82829333815696	50
13.8648401918844	-1.79819044677279	50
13.8868694359516	-1.76804428255492	50
13.9089056098136	-1.73785484550333	50
13.9309487134702	-1.70762213561804	50
13.9529987469216	-1.67734615289905	50
13.9750557101677	-1.64702689734635	50
13.9971196032086	-1.61666436895993	50
14.0191904260441	-1.58625856773981	50
14.0412681786744	-1.55580949368599	50
14.0633528610995	-1.52531714679846	50
14.0854444733192	-1.49478152707722	50
14.1075430153337	-1.46420263452227	50
14.1296484871429	-1.43358046913362	50
14.1517608887468	-1.40291503091126	50
14.1738802201455	-1.37220631985519	50
14.1960064813389	-1.34145433596541	50
14.218139672327	-1.31065907924192	50
14.2402797931098	-1.27982054968474	50
14.2624268436874	-1.24893874729384	50
14.2845808240597	-1.21801367206923	50
14.3067417342267	-1.18704532401092	50
14.3289095741884	-1.1560337031189	50
14.3510843439449	-1.12497880939318	50
14.3732660434961	-1.09388064283374	50
14.395454672842	-1.0627392034406	50
14.4176502319827	-1.03155449121376	50
14.439852720918	-1.0003265061532	50
14.4620621396482	-0.969055248258934	50
14.484278488173	-0.937740717530966	50
14.5065017664925	-0.90638291396929	50
14.5287319746068	-0.874981837573907	50
14.5509691125158	-0.843537488344817	50
14.5732131802196	-0.812049866282015	50
14.595464177718	-0.780518971385506	50
14.6177221050112	-0.748944803655293	50
14.6399869620991	-0.717327363091373	50
14.6622587489818	-0.685666649693745	50
14.6845374656592	-0.65396266346241	50
14.7068231121313	-0.622215404397368	50
14.7291156883981	-0.590424872498618	50
14.7514151944596	-0.558591067766168	50
14.7737216303159	-0.526713990200003	50
14.7960349959669	-0.494793639800131	50
14.8183552914126	-0.462830016566551	50
14.8406825166531	-0.430823120499264	50
14.8630166716883	-0.39877295159827	50
14.8853577565182	-0.366679509863575	50
14.9077057711428	-0.334542795295169	50
14.9300607155622	-0.302362807893052	50
14.9524225897763	-0.270139547657232	50
14.9747913937851	-0.2378730145877	50
14.9971671275887	-0.205563208684469	50
15.0195497911869	-0.173210129947522	50
15.0419393845799	-0.140813778376868	50
15.0643359077676	-0.108374153972514	50
15.0867393607501	-0.0758912567344492	50
15.1091497435273	-0.0433650866626767	50
15.1315670560992	-0.0107956437571968	50
15.1539912984658	0.0218170719819906	50
15.1764224706272	0.0544730605548853	50
15.1988605725833	0.0871723219614839	50
15.2213056043341	0.119914856201794	50
15.2437575658796	0.152700663275807	50
15.2662164572199	0.185529743183535	50
15.2886822783549	0.218402095924963	50
15.3111550292846	0.251317721500099	50
15.333634710009	0.284276619908942	50
15.3561213205282	0.317278791151493	50
15.3786148608421	0.350324235227758	50
15.4011153309507	0.383412952137723	50
15.4236227308541	0.416544941881392	50
15.4461370605522	0.449720204458773	50
15.468658320045	0.48293873986986	50
15.4911865093325	0.516200548114659	50
15.5137216284148	0.549505629193161	50
15.5362636772917	0.582853983105371	50
15.5588126559635	0.616245609851282	50
15.5813685644299	0.64968050943091	50
15.6039314026911	0.683158681844242	50
15.626501170747	0.716680127091282	50
15.6490778685976	0.750244845172025	50
15.6716614962429	0.78385283608648	50
15.694252053683	0.817504099834641	50
15.7168495409178	0.851198636416504	50
15.7394539579473	0.88493644583208	50
15.7620653047716	0.918717528081361	50
15.7846835813906	0.952541883164349	50
15.8073087878043	0.986409511081048	50
15.8299409240127	1.02032041183145	50
15.8525799900159	1.05427458541556	50
15.8752259858137	1.08827203183338	50
15.8978789114064	1.1223127510849	50
15.9205387667937	1.15639674317014	50
15.9432055519758	1.19052400808908	50
15.9658792669526	1.22469454584172	50
15.9885599117241	1.25890835642808	50
16.0112474862903	1.29316543984814	50
16.0339419906513	1.32746579610191	50
16.056643424807	1.36180942518938	50
16.0793517887574	1.39619632711056	50
16.1020670825026	1.43062650186546	50
16.1247893060425	1.46509994945406	50
16.1475184593771	1.49961666987636	50
16.1702545425064	1.53417666313237	50
16.1929975554305	1.56877992922209	50
16.2157474981493	1.60342646814551	50
16.2385043706628	1.63811627990265	50
16.261268172971	1.67284936449349	50
16.284038905074	1.70762572191804	50
16.3068165669717	1.7424453521763	50
16.3296011586641	1.77730825526826	50
16.3523926801512	1.81221443119392	50
16.3751911314331	1.8471638799533	50
16.3979965125097	1.88215660154639	50
16.420808823381	1.91719259597318	50
16.4436280640471	1.95227186323368	50
16.4664542345079	1.98739440332788	50
16.4892873347634	2.0225602162558	50
16.5121273648136	2.05776930201742	50
16.5349743246586	2.09302166061275	50
16.5578282142983	2.12831729204178	50
16.5806890337327	2.16365619630452	50
16.6035567829618	2.19903837340097	50
16.6264314619857	2.23446382333113	50
16.6493130708043	2.26993254609499	50
16.6722016094176	2.30544454169256	50
16.6950970778257	2.34099981012384	50
16.7179994760284	2.37659835138883	50
16.7409088040259	2.41224016548752	50
16.7638250618182	2.44792525241992	50
16.7867482494051	2.48365361218602	50
16.8096783667868	2.51942524478584	50
16.8326154139632	2.55524015021936	50
16.8555593909343	2.59109832848659	50
16.8785102977002	2.62699977958753	50
16.9014681342608	2.66294450352217	50
16.9244329006161	2.69893250029052	50
16.9474045967662	2.73496376989258	50
16.9703832227109	2.77103831232834	50
16.9933687784504	2.80715612759781	50
17.0163612639846	2.84331721570099	50
17.0393606793136	2.87952157663788	50
17.0623670244373	2.91576921040848	50
17.0853802993557	2.95206011701278	50
17.1084005040688	2.98839429645078	50
17.1314276385767	3.0247717487225	50
17.1544617028792	3.06119247382792	50
17.1775026969765	3.09765647176705	50
17.2005506208686	3.13416374253989	50
17.2236054745553	3.17071428614643	50
17.2466672580368	3.20730810258668	50
17.2697359713131	3.24394519186064	50
17.292811614384	3.28062555396831	50
17.3158941872497	3.31734918890968	50
17.3389836899101	3.35411609668476	50
17.3620801223652	3.39092627729355	50
17.385183484615	3.42777973073605	50
17.4082937766596	3.46467645701225	50
17.4314109984989	3.50161645612216	50
17.4545351501329	3.53859972806577	50
17.4776662315617	3.5756262728431	50
17.5008042427852	3.61269609045413	50
17.5239491838034	3.64980918089887	50
17.5471010546163	3.68696554417731	50
17.570259855224	3.72416518028947	50
17.5934255856264	3.76140808923532	50
17.6165982458235	3.79869427101489	50
17.6397778358153	3.83602372562817	50
17.6629643556019	3.87339645307515	50
17.6861578051832	3.91081245335584	50
17.7093581845592	3.94827172647023	50
17.73256549373	3.98577427241834	50
17.7557797326955	4.02332009120015	50
17.7790009014557	4.06090918281567	50
17.8022290000106	4.09854154726489	50
17.8254640283603	4.13621718454782	50
17.8487059865046	4.17393609466446	50
17.8719548744438	4.21169827761481	50
17.8952106921776	4.24950373339887	50
17.9184734397062	4.28735246201663	50
17.9417431170294	4.32524446346809	50
17.9650197241475	4.36317973775327	50
17.9883032610602	4.40115828487215	50
18.0115937277677	4.43918010482474	50
18.0348911242699	4.47724519761104	50
18.0581954505668	4.51535356323104	50
18.0815067066585	4.55350520168476	50
18.1048248925448	4.59170011297218	50
18.1281500082259	4.6299382970933	50
18.1514820537018	4.66821975404813	50
18.1748210289723	4.70654448383667	50
18.1981669340376	4.74491248645893	50
18.2215197688976	4.78332376191488	50
18.2448795335524	4.82177831020454	50
18.2682462280018	4.86027613132791	50
18.291619852246	4.89881722528498	50
18.3150004062849	4.93740159207577	50
18.3383878901186	4.97602923170026	50
18.3617823037469	5.01470014415846	50
18.38518364717	5.05341432945037	50
18.4085919203879	5.09217178757598	50
18.4320071234004	5.1309725185353	50
18.4554292562077	5.16981652232833	50
18.4788583188097	5.20870379895506	50
18.5022943112064	5.2476343484155	50
18.5257372333979	5.28660817070966	50
18.5491870853841	5.32562526583751	50
18.572643867165	5.36468563379908	50
18.5961075787406	5.40378927459434	50
18.619578220111	5.44293618822332	50
18.6430557912761	5.48212637468601	50
18.6665402922359	5.5213598339824	50
18.6900317229905	5.56063656611251	50
18.7135300835397	5.5999565710763	50
18.7370353738837	5.63931984887382	50
18.7605475940225	5.67872639950504	50
18.7840667439559	5.71817622296997	50
18.8075928236841	5.75766931926861	50
18.831125833207	5.79720568840095	50
18.8546657725246	5.836785330367	50
18.878212641637	5.87640824516676	50
18.9017664405441	5.91607443280023	50
18.9253271692459	5.95578389326739	50
18.9488948277424	5.99553662656827	50
18.9724694160337	6.03533263270286	50
18.9960509341197	6.07517191167116	50
19.0196393820004	6.11505446347316	50
19.0432347596758	6.15498028810886	50
19.066837067146	6.19494938557828	50
19.0904463044109	6.2349617558814	50
19.1140624714706	6.27501739901824	50
19.1376855683249	6.31511631498877	50
19.161315594974	6.35525850379302	50
19.1849525514178	6.39544396543096	50
19.2085964376563	6.43567269990262	50
19.2322472536896	6.47594470720799	50
19.2559049995176	6.51625998734707	50
19.2795696751403	6.55661854031984	50
19.3032412805577	6.59702036612633	50
19.3269198157699	6.63746546476653	50
19.3506052807768	6.67795383624043	50
19.3742976755784	6.71848548054804	50
19.3979970001748	6.75906039768935	50
19.4217032545658	6.79967858766438	50
19.4454164387516	6.84034005047311	50
19.4691365527322	6.88104478611555	50
19.4928635965074	6.92179279459169	50
19.5165975700774	6.96258407590154	50
19.5403384734421	7.0034186300451	50
19.5640863066015	7.04429645702237	50
19.5878410695557	7.08521755683335	50
19.6116027623046	7.12618192947803	50
19.6353713848482	7.16718957495642	50
19.6591469371865	7.20824049326851	50
19.6829294193196	7.24933468441431	50
19.7067188312474	7.29047214839383	50
19.7305151729699	7.33165288520705	50
19.7543184444872	7.37287689485397	50
19.7781286457991	7.4141441773346	50
19.8019457769058	7.45545473264894	50
19.8257698378073	7.49680856079699	50
19.8496008285034	7.53820566177875	50
19.8734387489943	7.57964603559421	50
19.8972835992799	7.62112968224337	50
19.9211353793602	7.66265660172625	50
19.9449940892353	7.70422679404283	50
19.9688597289051	7.74584025919312	50
19.9927322983696	7.78749699717712	50
20.0166117976289	7.82919700799482	50
20.0404982266828	7.87094029164623	50
20.0643915855315	7.91272684813135	50
20.0882918741749	7.95455667745018	50
20.1121990926131	7.99642977960271	50
20.136113240846	8.03834615458895	50
20.1600343188736	8.08030580240891	50
20.1839623266959	8.12230872306256	50
20.207897264313	8.16435491654992	50
20.2318391317247	8.20644438287099	50
20.2557879289312	8.24857712202576	50
20.2797436559325	8.29075313401425	50
20.3037063127284	8.33297241883644	50
20.3276758993191	8.37523497649234	50
20.3516524157045	8.41754080698195	50
20.3756358618847	8.45988991030526	50
20.3996262378596	8.50228228646228	50
20.4236235436291	8.54471793545301	50
20.4476277791935	8.58719685727744	50
20.4716389445525	8.62971905193558	50
20.4956570397063	8.67228451942743	50
20.5196820646548	8.71489325975299	50
20.543714019398	8.75754527291225	50
20.567752903936	8.80024055890522	50
20.5917987182687	8.8429791177319	50
20.6158514623961	8.88576094939228	50
20.6399111363182	8.92858605388638	50
20.6639777400351	8.97145443121418	50
20.6880512735467	9.01436608137568	50
20.712131736853	9.0573210043709	50
20.736219129954	9.10031920019982	50
20.7603134528498	9.14336066886245	50
20.7844147055403	9.18644541035878	50
20.8085228880255	9.22957342468883	50
20.8326380003055	9.27274471185257	50
20.8567600423801	9.31595927185003	50
20.8808890142495	9.3592171046812	50
20.9050249159137	9.40251821034607	50
20.9291677473725	9.44586258884465	50
20.9533175086261	9.48925024017693	50
20.9774741996744	9.53268116434293	50
21.0016378205175	9.57615536134263	50
21.0258083711552	9.61967283117604	50
21.0499858515877	9.66323357384316	50
21.0741702618149	9.70683758934397	50
21.0983616018369	9.7504848776785	50
21.1225598716536	9.79417543884675	50
21.1467650712649	9.83790927284869	50
21.1709772006711	9.88168637968434	50
21.1951962598719	9.92550675935369	50
21.2194222488675	9.96937041185676	50
21.2436551676578	10.0132773371935	50
21.2678950162428	10.057227535364	50
21.2921417946226	10.1012210063682	50
21.3163955027971	10.1452577502061	50
21.3406561407663	10.1893377668777	50
21.3649237085302	10.233461056383	50
21.3891982060889	10.277627618722	50
21.4134796334423	10.3218374538947	50
21.4377679905904	10.3660905619012	50
21.4620632775332	10.4103869427413	50
21.4863654942708	10.4547265964152	50
21.5106746408031	10.4991095229227	50
21.5349907171301	10.543535722264	50
21.5593137232519	10.5880051944389	50
21.5836436591684	10.6325179394476	50
21.6079805248796	10.67707395729	50
21.6323243203855	10.7216732479661	50
21.6566750456862	10.7663158114759	50
21.6810327007815	10.8110016478194	50
21.7053972856717	10.8557307569966	50
21.7297688003565	10.9005031390075	50
21.7541472448361	10.9453187938521	50
21.7785326191103	10.9901777215305	50
21.8029249231794	11.0350799220425	50
21.8273241570431	11.0800253953883	50
21.8517303207016	11.1250141415677	50
21.8761434141548	11.1700461605809	50
21.9005634374027	11.2151214524277	50
21.9249903904454	11.2602400171083	50
21.9494242732827	11.3054018546226	50
21.9738650859148	11.3506069649706	50
21.9983128283417	11.3958553481523	50
22.0227675005632	11.4411470041677	50
22.0472291025795	11.4864819330168	50
22.0716976343905	11.5318601346996	50
22.0961730959963	11.5772816092161	50
22.1206554873967	11.6227463565664	50
22.1451448085919	11.6682543767503	50
22.1696410595818	11.713805669768	50
22.1941442403665	11.7594002356193	50
22.2186543509459	11.8050380743044	50
22.24317139132	11.8507191858232	50
22.2484456956217	11.8603670810395	50
22.2538708917971	11.8699309408477	50
22.2594456412602	11.8794084055085	50
22.2651685685251	11.8887971365992	50
22.271038261545	11.8980948175909	50
22.2770532720611	11.90729915442	50
22.2832121159595	11.9164078760541	50
22.2895132736376	11.9254187350525	50
22.2959551903791	11.9343295081205	50
22.3025362767373	11.9431379966581	50
22.3092549089278	11.9518420273027	50
22.3161094292285	11.9604394524649	50
22.3230981463891	11.9689281508587	50
22.3302193360483	11.9773060280248	50
22.3374712411591	11.9855710168474	50
22.3448520724223	11.9937210780642	50
22.3523600087283	12.0017542007694	50
22.3599931976062	12.0096684029103	50
22.3677497556808	12.017461731776	50
22.3756277691375	12.025132264479	50
22.3836252941943	12.0326781084303	50
22.3917403575817	12.0400974018058	50
22.3999709570291	12.0473883140059	50
22.4083150617593	12.054549046107	50
22.4167706129893	12.0615778313057	50
22.4253355244383	12.0684729353544	50
22.4340076828427	12.0752326569894	50
22.4427849484771	12.0818553283504	50
22.4516651556825	12.0883393153925	50
22.4606461134007	12.0946830182888	50
22.4697256057148	12.1008848718255	50
22.4789013923958	12.1069433457882	50
22.4881712094558	12.112856945339	50
22.4975327697061	12.1186242113857	50
22.5069837633217	12.1242437209417	50
22.5165218584114	12.1297140874771	50
22.526144701593	12.1350339612609	50
22.5358499185739	12.1402020296938	50
22.545635114737	12.1452170176321	50
22.5554978757316	12.1500776877028	50
22.565435768069	12.1547828406082	50
22.575446339723	12.1593313154221	50
22.5855271207348	12.1637219898766	50
22.5956756238225	12.1679537806383	50
22.6058893449948	12.1720256435763	50
22.616165764169	12.1759365740193	50
22.6265023457923	12.1796856070037	50
22.6368965394678	12.1832718175117	50
22.6473457805839	12.1866943206996	50
22.6578474909466	12.1899522721158	50
22.668399079416	12.1930448679097	50
22.6789979425456	12.1959713450295	50
22.6896414652245	12.1987309814108	50
22.7003270213227	12.2013230961545	50
22.7110519743391	12.2037470496952	50
22.7218136780522	12.2060022439586	50
22.7326094771724	12.2080881225092	50
22.743436707998	12.2100041706877	50
22.7542926990717	12.211749915738	50
22.7651747718401	12.2133249269234	50
22.7760802413148	12.2147288156337	50
22.7870064167341	12.2159612354802	50
22.7979506022279	12.2170218823819	50
22.8089100974821	12.2179104946399	50
22.8198821984054	12.2186268530024	50
22.8308641977958	12.2191707807189	50
22.8418533860095	12.2195421435831	50
22.8528470516286	12.219740849967	50
22.8638424821308	12.2197668508427	50
22.8748369645579	12.2196201397948	50
22.8858277861861	12.2193007530222	50
22.8968122351945	12.2188087693287	50
22.9077876013347	12.2181443101039	50
22.9187511765993	12.2173075392932	50
22.9297002558902	12.2162986633573	50
22.9406321376859	12.2151179312212	50
22.9515441247082	12.213765634213	50
22.9624335245875	12.2122421059916	50
22.9732976505273	12.2105477224649	50
22.9841338219672	12.2086829016966	50
22.994939365244	12.2066481038033	50
23.0057116142515	12.2044438308411	50
23.0164479110986	12.2020706266812	50
23.0271456067645	12.1995290768763	50
23.0378020617531	12.1968198085157	50
23.0484146467434	12.193943490071	50
23.058980743239	12.1909008312305	50
23.0694977442136	12.187692582725	50
23.0799630547545	12.1843195361416	50
23.0903740927031	12.1807825237292	50
23.1007282892915	12.1770824181926	50
23.1110230897766	12.1732201324775	50
23.1212559540704	12.1691966195452	50
23.1314243573668	12.1650128721371	50
23.1415257907645	12.1606699225305	50
23.1515577618858	12.1561688422831	50
23.1615177954921	12.1515107419692	50
23.171403434094	12.1466967709052	50
23.1812122385582	12.1417281168666	50
23.1909417887089	12.1366060057943	50
23.2005896839253	12.1313317014926	50
23.2101535437335	12.1259065053172	50
23.2196310083942	12.120331755854	50
23.2290197394849	12.1146088285891	50
23.2383174204767	12.1087391355692	50
23.2475217573058	12.1027241250531	50
23.2566304789399	12.0965652811547	50
23.2656413379383	12.0902641234766	50
23.2745521110062	12.0838222067352	50
23.2833605995439	12.0772411203769	50
23.2920646301884	12.0705224881864	50
23.3006620553507	12.0636679678857	50
23.3091507537445	12.0566792507251	50
23.3175286309106	12.0495580610659	50
23.3257936197332	12.0423061559552	50
23.3339436809499	12.034925324692	50
23.3419768036552	12.027417388386	50
23.3498910057961	12.0197841995081	50
23.3576843346617	12.0120276414335	50
23.3653548673648	12.0041496279768	50
23.3729007113161	11.9961521029199	50
23.3803200046916	11.9880370395326	50
23.3876109168917	11.9798064400852	50
23.3947716489928	11.971462335355	50
23.4018004341915	11.963006784125	50
23.4086955382402	11.9544418726759	50
23.4154552598751	11.9457697142715	50
23.4220779312362	11.9369924486372	50
23.4285619182782	11.9281122414317	50
23.4349056211745	11.9191312837135	50
23.4411074747113	11.9100517913995	50
23.4471659486739	11.9008760047184	50
23.4530795482247	11.8916061876584	50
23.4588468142714	11.8822446274082	50
23.4644663238275	11.8727936337926	50
23.4699366903629	11.8632555387028	50
23.4752565641467	11.8536326955213	50
23.4804246325795	11.8439274785404	50
23.4854396205179	11.8341422823773	50
23.4903002905886	11.8242795213827	50
23.4950054434939	11.8143416290453	50
23.4995539183079	11.8043310573913	50
23.5039445927623	11.7942502763795	50
23.5081763835241	11.7841017732918	50
23.5122482464621	11.7738880521194	50
23.516159176905	11.7636116329453	50
23.5199082098894	11.753275051322	50
23.5234944203975	11.7428808576464	50
23.5269169235853	11.7324316165304	50
23.5301748750016	11.7219299061677	50
23.5332674707955	11.7113783176983	50
23.5361939479153	11.7007794545687	50
23.5389535842966	11.6901359318898	50
23.5415456990403	11.6794503757916	50
23.543969652581	11.6687254227751	50
23.5462248468443	11.6579637190621	50
23.5483107253949	11.6471679199418	50
23.5502267735735	11.6363406891163	50
23.5519725186237	11.6254846980426	50
23.5535475298092	11.6146026252741	50
23.5549514185195	11.6036971557995	50
23.556183838366	11.5927709803801	50
23.5572444852676	11.5818267948863	50
23.5581330975256	11.5708672996321	50
23.5588494558882	11.5598951987089	50
23.5593933836046	11.5489131993184	50
23.5597647464689	11.5379240111048	50
23.5599634528528	11.5269303454856	50
23.5599894537285	11.5159349149835	50
23.5598427426806	11.5049404325563	50
23.559523355908	11.4939496109282	50
23.5590313722144	11.4829651619198	50
23.5583669129896	11.4719897957796	50
23.557530142179	11.461026220515	50
23.5565212662431	11.4500771412241	50
23.555340534107	11.4391452594283	50
23.5539882370987	11.4282332724061	50
23.5524647088773	11.4173438725268	50
23.5507703253506	11.4064797465869	50
23.5489055045823	11.395643575147	50
23.5468707066891	11.3848380318703	50
23.5446664337268	11.3740657828627	50
23.5422932295669	11.3633294860157	50
23.539751679762	11.3526317903497	50
23.5370424114015	11.3419753353611	50
23.5341660929567	11.3313627503708	50
23.5311234341163	11.3207966538753	50
23.5279151856107	11.3102796529007	50
23.5245421390274	11.2998143423597	50
23.5210051266149	11.2894033044111	50
23.5173050210783	11.2790491078227	50
23.5134427353633	11.2687543073377	50
23.5094192224309	11.2585214430438	50
23.5052354750229	11.2483530397474	50
23.5008925254163	11.2382516063498	50
23.4963914451689	11.2282196352285	50
23.4917333448549	11.2182596016222	50
23.486919373791	11.2083739630203	50
23.4819507197523	11.1985651585561	50
23.4768863595234	11.1889432703467	50
23.4716476428615	11.1791749526653	50
23.4660933828991	11.1688182605937	50
23.4612605534947	11.1598067771212	50
23.4548553720704	11.1478634267152	50
23.4488239750199	11.1366170525375	50
23.4415778730983	11.1231056980542	50
23.4359967292213	11.1126988909734	50
23.4297606798478	11.1010709270899	50
23.4228218249571	11.088132491795	50
23.4151314124258	11.073792681905	50
23.4066399674724	11.0579592470521	50
23.3972974221024	11.0405388310766	50
23.3922912101619	11.0312040884077	50
23.3870532445536	11.0214372134175	50
23.3815771575805	11.0112263330768	50
23.3758565687407	11.0005595505048	50
23.3698850887726	10.9894249525134	50
23.3636563237002	10.9778106171503	50
23.3571638788778	10.9657046212423	50
23.3504013630357	10.9530950479394	50
23.343362392325	10.9399699942576	50
23.3360405943628	10.9263175786227	50
23.3284296122774	10.912125948414	50
23.3205231087537	10.8973832875072	50
23.3123147700778	10.8820778238186	50
23.3037983101826	10.8661978368479	50
23.294967474693	10.8497316652221	50
23.2858160449706	10.8326677142391	50
23.2763378421593	10.8149944634105	50
23.2665267312303	10.7967004740061	50
23.2563766250272	10.7777743965964	50
23.2458814883113	10.7582049785967	50
23.2350353418065	10.7379810718104	50
23.2238322662447	10.7170916399724	50
23.2122664064109	10.6955257662928	50
23.2003319751884	10.6732726610001	50
23.1880232576036	10.6503216688849	50
23.1753346148718	10.6266622768434	50
23.1622604884417	10.6022841214206	50
23.1487954040411	10.5771769963543	50
23.1349339757215	10.5513308601179	50
23.1206709099038	10.5247358434645	50
23.1060010094232	10.49738225697	50
23.0909191775743	10.4692605985768	50
23.0754204221562	10.4403615611371	50
23.0594998595181	10.4106760399568	50
23.0431527186038	10.3801951403381	50
23.0263743449974	10.3489101851242	50
23.0091602049681	10.3168127222415	50
22.9915058895157	10.2838945322443	50
22.9734071184155	10.2501476358572	50
22.9548597442632	10.2155643015195	50
22.9358597565207	10.1801370529281	50
22.916403285561	10.1438586765809	50
22.8964866067129	10.106722229321	50
22.8761061443069	10.0687210458794	50
22.8552584757197	10.0298487464189	50
22.8339403354198	9.99009924407755	50
22.8121486190125	9.9494667525119	50
22.7898803872849	9.90794579344079	50
22.7671328702516	9.86553120418867	50
22.7439034711988	9.82221814522909	50
22.7201897707308	9.7780021077282	50
22.6959895308141	9.73287892108828	50
22.671300698823	9.68684476049112	50
22.6461214115846	9.63989615444159	50
22.6204499994242	9.59202999231111	50
22.5942849902102	9.5432435318811	50
22.5676251133994	9.49353440688652	50
22.5404693040791	9.44290063455371	50
22.512816706533	9.39134062225021	50
22.4846666748584	9.33885316863365	50
22.4560187709476	9.28543745988567	50
22.4268727621469	9.23109306534372	50
22.3972286189153	9.17581993313148	50
22.3670865124819	9.1196183857891	50
22.3364468125046	9.06248911590353	50
22.305310084728	9.00443318173879	50
22.2736770886418	8.94545200286629	50
22.2415487751386	8.88554735579513	50
22.2089262841726	8.82472136960238	50
22.175810942417	8.76297652156343	50
22.1422042609229	8.70031563278224	50
22.1081079327772	8.63674186382167	50
22.0735238307605	8.57225871033381	50
22.0384540050056	8.50686999869015	50
22.0029006806556	8.44057988161206	50
21.9668662555218	8.37339283380098	50
21.9303532977423	8.30531364756879	50
21.8933645434397	8.23634742846796	50
21.8559028943797	8.16649959092205	50
21.8179714156289	8.09577585385592	50
21.7795733332131	8.02418223632601	50
21.7407120317756	7.95172505315069	50
21.7013910522351	7.87841091054044	50
21.661614089444	7.8042467017284	50
21.6213849898467	7.7292396026004	50
21.5807077491374	7.65339706732541	50
21.5395865099185	7.57672682398583	50
21.498025559359	7.49923687020776	50
21.456029326852	7.42093546879132	50
21.4136023816735	7.3418311433409	50
21.3707494306404	7.26193267389554	50
21.3274753157682	7.18124909255921	50
21.28378501193	7.09978967913108	50
21.2396836245138	7.01756395673585	50
21.1951763870814	6.93458168745398	50
21.1502686590259	6.85085286795213	50
21.1049659232305	6.76638772511335	50
21.059273783726	6.68119671166742	50
21.0131979633497	6.5952905018211	50
20.9667443014027	6.50867998688852	50
20.919918751309	6.42137627092144	50
20.8727273782729	6.33339066633954	50
20.8251763569375	6.24473468956069	50
20.7772719690427	6.15542005663136	50
20.7290206010838	6.06545867885681	50
20.680428741969	5.97486265843139	50
20.6315029806781	5.88364428406896	50
20.5822500039202	5.79181602663306	50
20.5326765937924	5.69939053476732	50
20.4827896254375	5.60638063052568	50
20.4325960647024	5.51279930500265	50
20.3821029657962	5.41865971396378	50
20.3313174689484	5.32397517347582	50
20.2802467980669	5.22875915553709	50
20.2288982583962	5.13302528370767	50
20.177279234176	5.03678732873985	50
20.1253971862987	4.94005920420836	50
20.073259649968	4.84285496214067	50
20.0208742323567	4.7451887886473	50
19.9682486102654	4.6470749995521	50
19.9153905277801	4.54852803602263	50
19.8623077939308	4.44956246020027	50
19.8090082803493	4.35019295083079	50
19.7554999189276	4.25043429889445	50
19.701790699476	4.15030140323636	50
19.6478886673812	4.04980926619684	50
19.5938019212646	3.94897298924156	50
19.5395386106403	3.84780776859203	50
19.4851069335733	3.74632889085581	50
19.4305151343378	3.64455172865681	50
19.3757715010753	3.54249173626563	50
19.3208843634524	3.44016444522974	50
19.2658620903196	3.33758546000397	50
19.2107130873691	3.23477045358067	50
19.1554457947928	3.1317351631201	50
19.1000686849408	3.02849538558057	50
19.0445902599795	2.92506697334907	50
18.9890190495495	2.82146582987111	50
18.9333636084242	2.71770790528143	50
18.8776325141673	2.61380919203412	50
18.8218343647917	2.50978572053291	50
18.7659777764173	2.40565355476155	50
18.7100713809291	2.30142878791398	50
18.6541238236353	2.19712753802478	50
18.598143760926	2.09276594359942	50
18.5421398579305	1.9883601592445	50
18.4861207861764	1.88392635129818	50
18.4300952212469	1.77948069346027	50
18.3740718404397	1.67503936242306	50
18.3180593204252	1.57061853350548	50
18.2620663349067	1.46623437629321	50
18.20610155228	1.36190305027992	50
18.1501736332935	1.25764070050897	50
18.094291228708	1.15346345321465	50
18.0384629769566	1.04938741146365	50
17.9826975018046	0.94542865079652	50
17.9270034100098	0.841603214869044	50
17.8713892889817	0.737927111093752	50
17.815863704442	0.634416306281201	50
17.7604351980844	0.531086722281584	50
17.7051122852343	0.427954231626051	50
17.649903452509	0.325034653168165	50
17.5948171554773	0.222343747725352	50
17.5398618163197	0.119897213720206	50
17.4850458214882	0.0177106828221252	50
17.4303775193664	-0.0842002844114216	50
17.3758652179289	-0.185820202893362	50
17.3215171824017	-0.287133667365739	50
17.2673416329221	-0.388125356758097	50
17.2133467421985	-0.488780038546169	50
17.15954063317	-0.589082573110426	50
17.1059313766669	-0.68901791809464	50
17.0525269890703	-0.788571132764451	50
16.999335429972	-0.887727382365915	50
16.9463645998345	-0.986471942484213	50
16.8936223376508	-1.084790203402	50
16.8411164186047	-1.18266767445814	50
16.7888545517299	-1.28008998840621	50
16.736844377571	-1.37704290577308	50
16.6850934658425	-1.47351231921757	50
16.6336093130891	-1.56948425788885	50
16.5823993403457	-1.66494489178516	50
16.5314708907972	-1.75988053611229	50
16.4808312274383	-1.85427765564219	50
16.4304875307335	-1.94812286907162	50
16.3804468962773	-2.04140295338054	50
16.3307163324537	-2.13410484819084	50
16.2813027580962	-2.22621566012483	50
16.2322130001479	-2.3177226671638	50
16.1834537913214	-2.40861332300673	50
16.1350317677584	-2.49887526142867	50
16.0869534666901	-2.58849630063941	50
16.0392253240966	-2.67746444764207	50
15.9918536723673	-2.76576790259161	50
15.9448447379606	-2.85339506315342	50
15.8982046390636	-2.94033452886199	50
15.8519393832523	-3.02657510547929	50
15.8060548651516	-3.1121058093535	50
15.760556864095	-3.19691587177753	50
15.7154510417844	-3.28099474334753	50
15.6707429399503	-3.36433209832162	50
15.6264379780118	-3.4469178389783	50
15.582541450736	-3.52874209997506	50
15.5390585258984	-3.60979525270701	50
15.4959942419427	-3.69006790966542	50
15.4533535056405	-3.76955092879624	50
15.4111410897517	-3.84823541785881	50
15.3693616306837	-3.92611273878424	50
15.328019626152	-4.00317451203412	50
15.2871194328399	-4.07941262095905	50
15.246665264058	-4.15481921615723	50
15.2066611874049	-4.22938671983296	50
15.1671111224262	-4.30310783015534	50
15.1280188382755	-4.37597552561671	50
15.0893879513731	-4.44798306939129	50
15.051221923067	-4.51912401369375	50
15.0135240572921	-4.58939220413776	50
14.9762974982304	-4.65878178409458	50
14.939545227971	-4.72728719905161	50
14.9032700641698	-4.79490320097098	50
14.8674746577096	-4.86162485264811	50
14.8321614903597	-4.9274475320703	50
14.7973328724363	-4.99236693677527	50
14.762990940462	-5.05637908820978	50
14.7291376548261	-5.11948033608813	50
14.6957747974441	-5.18166736275076	50
14.6629039694177	-5.2429371875229	50
14.6305265886952	-5.30328717107304	50
14.5986438877307	-5.36271501977149	50
14.5672569111445	-5.42121879004908	50
14.5363665133828	-5.47879689275558	50
14.5059733563779	-5.53544809751835	50
14.4760779072077	-5.59117153710091	50
14.4466804357559	-5.64596671176154	50
14.4177810123717	-5.69983349361174	50
14.3893795055301	-5.75277213097492	50
14.3614755794915	-5.80478325274492	50
14.3340686919615	-5.85586787274457	50
14.3071580917938	-5.90602739400501	50
14.2807428179609	-5.95526361068112	50
14.2548217020291	-6.0035787034389	50
14.2293933721333	-6.05097523204718	50
14.2044562570181	-6.09745612784651	50
14.1800085900787	-6.14302468621825	50
14.156048413402	-6.18768455905341	50
14.1325735818073	-6.23143974722177	50
14.1095817668874	-6.27429459304073	50
14.0870704610495	-6.31625377274436	50
14.0650369815563	-6.35732228895236	50
14.0434784745666	-6.39750546313904	50
14.0223919191766	-6.43680892810226	50
14.0017741314605	-6.47523862043245	50
13.9816217685119	-6.5128007729816	50
13.9619313324844	-6.54950190733215	50
13.9426991746326	-6.58534882626607	50
13.923921499353	-6.62034860623378	50
13.9055943682251	-6.65450858982311	50
13.8877137040525	-6.68783637822833	50
13.8702752949033	-6.7203398237191	50
13.8532747981514	-6.75202702210941	50
13.8367077445176	-6.78290630522662	50
13.8205695421103	-6.81298623338042	50
13.8048554804665	-6.84227558783174	50
13.7895607345925	-6.87078336326184	50
13.7746803690055	-6.89851876024117	50
13.760209341774	-6.92549117769844	50
13.7461425085588	-6.95171020538954	50
13.732474626654	-6.97718561636653	50
13.7192003590282	-7.00192735944663	50
13.7063142783651	-7.02594555168119	50
13.6938108711045	-7.04925047082464	50
13.6816845414835	-7.07185254780351	50
13.6699296155772	-7.09376235918537	50
13.6585403453396	-7.11499061964781	50
13.6475109126447	-7.13554817444747	50
13.6368354333277	-7.15544599188891	50
13.6265079612252	-7.17469515579371	50
13.6165224922168	-7.19330685796935	50
13.606872968266	-7.21129239067821	50
13.5975532814608	-7.22866313910659	50
13.5885572780548	-7.24543057383362	50
13.5798787625084	-7.26160624330032	50
13.5715115015294	-7.27720176627845	50
13.5634492281139	-7.29222882433964	50
13.5556856455878	-7.30669915432422	50
13.5482144316471	-7.3206245408103	50
13.5410292423993	-7.33401680858272	50
13.5341237164038	-7.346887815102	50
13.5274914787137	-7.35924944297332	50
13.5211261449159	-7.37111359241552	50
13.5150213251725	-7.38249217373008	50
13.5091706282617	-7.39339709977005	50
13.5035676656187	-7.40384027840909	50
13.4982060553765	-7.41383360501038	50
13.4930794264071	-7.42338895489565	50
13.4881814223623	-7.43251817581414	50
13.4790459617988	-7.44954543869905	50
13.4707492720528	-7.46500933803016	50
13.4632414465894	-7.47900289502706	50
13.4564732032815	-7.49161796677115	50
13.4503960137207	-7.50294500521286	50
13.4449622325271	-7.51307281617886	50
13.4401252266598	-7.52208831837936	50
13.4338895031689	-7.53371083097265	50
13.428746431208	-7.54329679189433	50
13.423346827612	-7.55336088951323	50
13.4185099069019	-7.56237622469943	50
13.4136015168573	-7.57152476835936	50
13.4088541286085	-7.58037322747804	50
13.4037629136969	-7.58985969966828	50
13.3988471111028	-7.59900514418712	50
13.3930025303166	-7.609853571358	50
13.38691803804	-7.62111742438119	50
13.3814004845849	-7.63130594402173	50
13.3749658961398	-7.64315802954305	50
13.3701211859439	-7.65206131427326	50
13.3647998711049	-7.66182108895299	50
13.3589734747566	-7.67248477087521	50
13.3526131080596	-7.68409991093747	50
13.3456895154342	-7.69671407563266	50
13.3381731197926	-7.71037472903988	50
13.3300340677724	-7.72512911481521	50
13.3212422749691	-7.74102413818254	50
13.3117674711687	-7.75810624792436	50
13.3067644410271	-7.7671068215807	50
13.3015792455811	-7.77642131837255	50
13.2962080689377	-7.78605536347263	50
13.2906470920721	-7.79601453139929	50
13.2848924942413	-7.80630434232885	50
13.2789404543971	-7.81693025840771	50
13.2727871526002	-7.82789768006463	50
13.2664287714333	-7.83921194232286	50
13.2598614974148	-7.85087831111245	50
13.2530815224125	-7.8629019795824	50
13.2460850450568	-7.87528806441287	50
13.2388682721543	-7.88804160212745	50
13.2314274201017	-7.90116754540531	50
13.2237587162988	-7.91467075939344	50
13.2158584005622	-7.92855601801887	50
13.207722726539	-7.94282800030086	50
13.1993479631202	-7.95749128666313	50
13.1907303958542	-7.97255035524609	50
13.1818663283602	-7.98800957821899	50
13.1727520837423	-8.00387321809221	50
13.1633840060021	-8.02014542402943	50
13.1537584614531	-8.03683022815983	50
13.1438718401336	-8.05393154189036	50
13.1337205572207	-8.07145315221786	50
13.1233010544433	-8.08939871804139	50
13.1126098014964	-8.10777176647435	50
13.1016432974537	-8.12657568915671	50
13.0903980721818	-8.14581373856726	50
13.0788706877534	-8.16548902433581	50
13.0670577398611	-8.18560450955535	50
13.0549558592307	-8.20616300709434	50
13.0425617130345	-8.22716717590889	50
13.0298720063056	-8.24861951735493	50
13.0168834833506	-8.27052237150052	50
13.0035929291634	-8.29287791343796	50
12.989997170839	-8.31568814959609	50
12.9760930789868	-8.33895491405241	50
12.961877569144	-8.36267986484539	50
12.9473476031893	-8.38686448028662	50
12.9325001907564	-8.41151005527304	50
12.9173323906476	-8.43661769759916	50
12.901841312247	-8.46218832426925	50
12.8860241169345	-8.48822265780957	50
12.8698780194989	-8.51472122258062	50
12.8534002895518	-8.54168434108925	50
12.8365882529408	-8.569112130301	50
12.8194392931633	-8.5970044979522	50
12.8019508527796	-8.62536113886226	50
12.784120434827	-8.65418153124585	50
12.7659456042329	-8.68346493302511	50
12.7474239892286	-8.71321037814188	50
12.7285532827625	-8.74341667286991	50
12.709331243914	-8.77408239212704	50
12.6897556993065	-8.80520587578747	50
12.6698245445218	-8.83678522499393	50
12.6495357455126	-8.86881829846989	50
12.6288873400168	-8.90130270883181	50
12.6078774389707	-8.93423581890131	50
12.5865042278976	-8.96761473815053	50
12.5647659678711	-9.00143632143882	50
12.5426609956519	-9.03569717219062	50
12.5201877235783	-9.07039364689961	50
12.4973446394513	-9.10552185966466	50
12.4741303064188	-9.14107768672595	50
12.4505433628607	-9.17705677100092	50
12.4265825222732	-9.21345452662034	50
12.4022465731536	-9.2502661434643	50
12.3775343788852	-9.28748659169823	50
12.3524448776215	-9.325110626309	50
12.3269770821714	-9.36313279164082	50
12.3011300798833	-9.40154742593137	50
12.2749030325305	-9.44034866584776	50
12.2482951761951	-9.47953045102259	50
12.2213058211531	-9.51908652858993	50
12.1939343517591	-9.5590104577214	50
12.1661802263308	-9.59929561416218	50
12.1380429770337	-9.63993519476697	50
12.1095222097658	-9.6809222220361	50
12.0806176040424	-9.7222495486515	50
12.0513289128805	-9.76390986201274	50
12.0216559626837	-9.80589568877305	50
11.9915986531267	-9.84819939937537	50
11.9611569570401	-9.89081321258831	50
11.9303309202952	-9.93372920004225	50
11.8991206616881	-9.97693929076529	50
11.8675263728252	-10.0204352757193	50
11.8355483180072	-10.0642088123361	50
11.803186834114	-10.1082514290531	50
11.7704423304895	-10.1525545298497	50
11.7373152888261	-10.1971093987832	50
11.7038062630493	-10.2419072045247	50
11.6699158792027	-10.2869390048953	50
11.6356448353323	-10.332195751402	50
11.6009939013715	-10.3776682937738	50
11.5659639190254	-10.4233473844976	50
11.5305558016559	-10.4692236833545	50
11.4947705341658	-10.5152877619554	50
11.4586091728843	-10.5615301082774	50
11.4220728454507	-10.6079411311998	50
11.3851627506999	-10.6545111650397	50
11.3478801585466	-10.7012304740887	50
11.3102264098701	-10.7480892571481	50
11.272202916399	-10.7950776520659	50
11.2338111605957	-10.8421857402719	50
11.1950526955415	-10.8894035513143	50
11.1559291448206	-10.9367210673955	50
11.1164422024055	-10.9841282279082	50
11.0765936325411	-11.0316149339714	50
11.0363852696297	-11.0791710529663	50
10.9958190181155	-11.1267864230727	50
10.9548968523694	-11.1744508578045	50
10.9136208165736	-11.2221541505461	50
10.8719930246061	-11.2698860790884	50
10.8300156599258	-11.3176364101645	50
10.7876909754568	-11.3653949039863	50
10.7450212934731	-11.4131513187798	50
10.7020090054836	-11.4608954153218	50
10.6586565721162	-11.5086169614755	50
10.614966523003	-11.5563057367266	50
10.5709414566648	-11.6039515367196	50
10.5265840403956	-11.6515441777934	50
10.4818970101475	-11.6990735015175	50
10.4368831704154	-11.7465293792283	50
10.3915453941212	-11.7939017165645	50
10.3458866224991	-11.8411804580037	50
10.29990986498	-11.8883555913984	50
10.253618199076	-11.9354171525115	50
10.2070147702654	-11.9823552295528	50
10.1601027918771	-12.0291599677149	50
10.1128855449753	-12.0758215737093	50
10.0653663782445	-12.1223303203022	50
10.0175487078736	-12.1686765508507	50
9.96943601744115	-12.2148506838388	50
9.92103185779961	-12.2608432174133	50
9.87233984696021	-12.3066447339202	50
9.82336366997757	-12.35224590444	50
9.77410707883439	-12.3976374933247	50
9.72457389232607	-12.4428103627329	50
9.67476799594548	-12.4877554771665	50
9.62469334176751	-12.5324639080061	50
9.57435394833385	-12.5769268380478	50
9.52375390053757	-12.6211355660384	50
9.47289734950785	-12.665081511212	50
9.42178851249464	-12.708756217826	50
9.37043167275331	-12.7521513596966	50
9.31883117942932	-12.7952587447355	50
9.26699144744295	-12.8380703194854	50
9.21491695737387	-12.8805781736563	50
9.1626122553459	-12.9227745446616	50
9.11008195291163	-12.9646518221538	50
9.05733072693709	-13.0062025525607	50
9.00436331948649	-13.0474194436215	50
8.95118453770679	-13.0882953689228	50
8.89779925371242	-13.1288233724345	50
8.84421240446996	-13.1689966730458	50
8.79042899168281	-13.2088086691015	50
8.73645408167583	-13.2482529429378	50
8.68229280528003	-13.2873232654184	50
8.62795035771725	-13.3260136004702	50
8.57343199848483	-13.36431810962	50
8.51874305124024	-13.40223115653	50
8.46388890368581	-13.4397473115339	50
8.40887500745336	-13.476861356173	50
8.3537068779889	-13.5135682877323	50
8.29839009443726	-13.5498633237763	50
8.24293029952679	-13.5857419066853	50
8.18733319945404	-13.6211997081912	50
8.13160456376665	-13.6562326339064	50
8.07575022506658	-13.6908368271344	50
8.01977607778273	-13.7250086689568	50
7.96368807622963	-13.7587447754638	50
7.90749223259424	-13.7920419946987	50
7.85119461492268	-13.8248974036005	50
7.794801345107	-13.8573083049474	50
7.7383185968719	-13.8892722243002	50
7.68175259376149	-13.9207869069453	50
7.62510960712601	-13.9518503148382	50
7.56839595410858	-13.9824606235465	50
7.51161799563193	-14.0126162191936	50
7.45478213438515	-14.0423156954015	50
7.39789481281043	-14.0715578502343	50
7.3409625110898	-14.1003416831415	50
7.28399174513186	-14.1286663919011	50
7.22698906455853	-14.1565313695632	50
7.1699610506918	-14.1839362013928	50
7.11291431454044	-14.2108806618134	50
7.05585549478675	-14.2373647113502	50
6.99879125577335	-14.2633884935734	50
6.94172828548983	-14.2889523320412	50
6.88467329355956	-14.3140567272437	50
6.8276330092264	-14.3387023535452	50
6.77061417934146	-14.3628900561286	50
6.71362356634982	-14.3866208479375	50
6.65666794627728	-14.4098959066206	50
6.59975410671709	-14.4327165714741	50
6.54288884481669	-14.4550843403853	50
6.4860789652645	-14.477000866776	50
6.42933127827656	-14.4984679565456	50
6.37265259758338	-14.5194875650143	50
6.31604973841659	-14.5400617938665	50
6.25952951549574	-14.5601928880941	50
6.203098741015	-14.5798832329396	50
6.14676422262994	-14.5991353508396	50
6.09053276144424	-14.6179518983678	50
6.03441114999642	-14.6363356631785	50
5.97840617024662	-14.6542895609498	50
5.92252459156331	-14.6718166323266	50
5.86677316871003	-14.6889200398643	50
5.81115863983217	-14.705603064972	50
5.75568772444364	-14.7218691048555	50
5.70036712141365	-14.7377216694606	50
5.64520350695349	-14.7531643784166	50
5.59020353260318	-14.7682009579795	50
5.53537382321829	-14.7828352379752	50
5.48072097495662	-14.7970711487427	50
5.426251553265	-14.8109127180774	50
5.37197209086599	-14.8243640681746	50
5.3178890857446	-14.8374294125726	50
5.26400899913508	-14.8501130530957	50
5.21033825350766	-14.862419376798	50
5.15688323055524	-14.8743528529062	50
5.10365026918015	-14.8859180297632	50
5.05064566348093	-14.8971195317711	50
4.99787566073902	-14.9079620563347	50
4.94534645940552	-14.9184503708046	50
4.89306420708793	-14.9285893094206	50
4.84103499853688	-14.9383837702548	50
4.7892648736329	-14.9478387121551	50
4.73775981537312	-14.9569591516882	50
4.68652574785803	-14.9657501600831	50
4.63556853427824	-14.9742168601742	50
4.58489397490116	-14.9823644233447	50
4.53450780505782	-14.9901980664698	50
4.48441569312954	-14.9977230488599	50
4.43462323853471	-15.0049446692041	50
4.38513596971552	-15.0118682625132	50
4.33595934212469	-15.018499197063	50
4.28709873621224	-15.0248428713379	50
4.23855945541218	-15.0309047109736	50
4.1903467241293	-15.036690165701	50
4.14246568572588	-15.0422047062889	50
4.09492140050845	-15.0474538214876	50
4.0477188437145	-15.0524430149721	50
4.00086290349926	-15.0571778022855	50
3.9543583789224	-15.0616637077819	50
3.9082099779348	-15.06590626157	50
3.86242231536529	-15.0699109964562	50
3.81699991090734	-15.0736834448879	50
3.7719471871059	-15.077229135897	50
3.72726846734402	-15.0805535920428	50
3.68296797382968	-15.0836623263554	50
3.63904982558251	-15.0865608392791	50
3.59551803642048	-15.0892546156156	50
3.55237651294672	-15.091749121467	50
3.50962905253619	-15.0940498011795	50
3.46727934132248	-15.0961620742866	50
3.42533095218448	-15.0980913324519	50
3.38378734273319	-15.0998429364129	50
3.34265185329843	-15.1014222129242	50
3.30192770491555	-15.1028344517004	50
3.26161799731224	-15.1040849023598	50
3.2217257068952	-15.1051787713673	50
3.18225368473691	-15.106121218978	50
3.1432046545624	-15.1069173561802	50
3.10458121073592	-15.1075722416389	50
3.06638581624775	-15.1080908786389	50
3.02862080070088	-15.1084782120282	50
2.99128835829782	-15.108739125161	50
2.95439054582727	-15.1088784368412	50
2.91792928065089	-15.1089008982659	50
2.88190633869006	-15.108811189968	50
2.84632335241257	-15.1086139187601	50
2.81118180881942	-15.1083136146774	50
2.77648304743152	-15.1079147279213	50
2.74222825827643	-15.1074216258022	50
2.70841847987512	-15.1068385896832	50
2.67505459722869	-15.1061698119232	50
2.64213733987568	-15.1054193928869	50
2.60966728114695	-15.1045913390886	50
2.57764483971967	-15.1036895635127	50
2.54607028185112	-15.1027178865772	50
2.51494372362839	-15.1016800371129	50
2.4842651332182	-15.1005796533423	50
2.45403433311671	-15.0994202838586	50
2.42425100239925	-15.0982053886047	50
2.39491467897011	-15.0969383398519	50
2.36602476181236	-15.0956224231795	50
2.33758051323759	-15.094260838453	50
2.3095810611357	-15.0928567008037	50
2.28202540122471	-15.0914130416075	50
2.25491239930047	-15.0899328094635	50
2.22824079348655	-15.0884188711738	50
2.20200919648391	-15.0868740127215	50
2.17621609782076	-15.0853009402505	50
2.15085986610229	-15.083702281044	50
2.12593875126049	-15.0820805845035	50
2.1014508868039	-15.0804383231281	50
2.07739429206742	-15.0787778934933	50
2.05376687446207	-15.0771016172297	50
2.03056643172476	-15.0754117420024	50
2.00779065416811	-15.0737104424897	50
1.9854371269302	-15.0719998213625	50
1.96350333222437	-15.0702819102624	50
1.94198665158897	-15.0685586707818	50
1.92088436813718	-15.066831995442	50
1.90019366880677	-15.0651037086726	50
1.87991164660988	-15.0633755677903	50
1.86003530288281	-15.061649263978	50
1.84056154953578	-15.0599264232638	50
1.82148721130277	-15.0582086074997	50
1.8028090279912	-15.056497315341	50
1.78452365673182	-15.054793983225	50
1.7666276742284	-15.0530999863499	50
1.7491175790076	-15.0514166396542	50
1.73198979366865	-15.0497451987952	50
1.71524066713323	-15.0480868611282	50
1.69886647689516	-15.0464427666854	50
1.68286343127027	-15.044813999155	50
1.6672276716461	-15.0432015868602	50
1.65195527473175	-15.041606503738	50
1.6370422548076	-15.0400296703181	50
1.62248456597514	-15.0384719547023	50
1.60827810440673	-15.0369341735431	50
1.59441871059537	-15.0354170930228	50
1.5809021716045	-15.0339214298326	50
1.56772422331778	-15.0324478521512	50
1.55488055268887	-15.0309969806242	50
1.54236679999118	-15.0295693893429	50
1.5301785610677	-15.0281656068234	50
1.51831138958076	-15.0267861169851	50
1.50676079926179	-15.0254313601305	50
1.49552226616115	-15.0241017339234	50
1.48459123089786	-15.0227975943684	50
1.47396310090941	-15.0215192567894	50
1.46363325270153	-15.0202669968092	50
1.45359703409797	-15.0190410513279	50
1.4343867470877	-15.0166688637243	50
1.41629453432083	-15.0144038519318	50
1.39928237531399	-15.0122466169987	50
1.3833120066512	-15.0101972343957	50
1.36834499397686	-15.0082552853433	50
1.35434280398872	-15.0064198881389	50
1.3412668764309	-15.0046897294843	50
1.32907869608689	-15.0030630958127	50
1.31773986477253	-15.0015379046164	50
1.30721217332898	-15.0001117357738	50
1.29285860095339	-14.9981521093645	50
1.28011819386814	-14.9963987558177	50
1.26886659048746	-14.9948401924729	50
1.25597069578367	-14.9930435826008	50
1.24522705466719	-14.9915399897956	50
1.23442038883324	-14.9900233234927	50
1.22332825287104	-14.9884646484712	50
1.21288693777976	-14.9869972173569	50
