1.20515765865591	-15.4761149675051	39
1.1921002262679	-15.4742170759515	39
1.17906126073989	-15.4721962071096	39
1.16604192026819	-15.4700525404847	39
1.1530433613059	-15.4677862664897	39
1.14006673846019	-15.465397586428	39
1.12711320438973	-15.4628867124761	39
1.11418390970232	-15.4602538676644	39
1.10128000285266	-15.4574992858573	39
1.08840263004038	-15.4546232117327	39
1.07555293510818	-15.4516259007601	39
1.06273205944027	-15.4485076191781	39
1.04994114186096	-15.4452686439704	39
1.03718131853351	-15.4419092628415	39
1.0244537228592	-15.4384297741911	39
1.01175948537667	-15.4348304870876	39
0.999099733661496	-15.4311117212403	39
0.986475592226023	-15.4272738069716	39
0.973888182419488	-15.4233170851872	39
0.961338622328412	-15.419241907346	39
0.948828026677284	-15.4150486354289	39
0.93635750672955	-15.4107376419066	39
0.923928170188894	-15.4063093097063	39
0.911541121100857	-15.4017640321782	39
0.899197459754763	-15.3971022130601	39
0.886898282585984	-15.3923242664418	39
0.874644682078551	-15.387430616728	39
0.862437746668113	-15.3824216986011	39
0.850278560645255	-15.3772979569821	39
0.838168204059185	-15.3720598469914	39
0.826107752621798	-15.3667078339081	39
0.814098277612126	-15.3612423931291	39
0.802140845781179	-15.3556640101264	39
0.790236519257192	-15.3499731804042	39
0.778386355451278	-15.3441704094549	39
0.766591406963504	-15.3382562127142	39
0.754852721489397	-15.3322311155153	39
0.743171341726873	-15.3260956530421	39
0.731548305283626	-15.3198503702818	39
0.719984644584959	-15.3134958219766	39
0.708481386782077	-15.3070325725743	39
0.69703955366085	-15.3004611961779	39
0.685660161551056	-15.2937822764952	39
0.674344221236097	-15.2869964067863	39
0.663092737863223	-15.2801041898116	39
0.651906710854243	-15.2731062377775	39
0.640787133816756	-15.2660031722827	39
0.629734994455888	-15.2587956242624	39
0.618751274486562	-15.2514842339328	39
0.607836949546295	-15.2440696507338	39
0.596992989108535	-15.2365525332715	39
0.58622035639655	-15.2289335492599	39
0.575520008297866	-15.2212133754611	39
0.56489289527927	-15.2133926976256	39
0.554339961302389	-15.2054722104312	39
0.543862143739837	-15.1974526174214	39
0.533460373291951	-15.1893346309429	39
0.52313557390413	-15.181118972082	39
0.512888662684753	-15.1728063706012	39
0.502720549823722	-15.1643975648737	39
0.492632138511617	-15.1558933018184	39
0.48262432485946	-15.147294336833	39
0.472697997819128	-15.1386014337273	39
0.462854039104383	-15.1298153646552	39
0.453093323112557	-15.1209369100462	39
0.443416716846881	-15.111966858536	39
0.433825079839476	-15.1029060068964	39
0.424319264074999	-15.0937551599646	39
0.414900113914972	-15.0845151305718	39
0.405568466022772	-15.0751867394709	39
0.396325149289324	-15.0657708152633	39
0.387170984759465	-15.0562681943261	39
0.378106785559018	-15.0466797207369	39
0.369133356822567	-15.0370062461993	39
0.360251495621938	-15.0272486299674	39
0.351461990895397	-15.017407738769	39
0.342765623377577	-15.0074844467289	39
0.334163165530124	-14.9974796352915	39
0.325655381473085	-14.9873941931417	39
0.317243026917031	-14.977229016127	39
0.308926849095936	-14.9669850071772	39
0.300707586700799	-14.9566630762243	39
0.29258596981403	-14.9462641401219	39
0.284562719844602	-14.9357891225637	39
0.276638549463967	-14.9252389540013	39
0.268814162542757	-14.9146145715616	39
0.261090254088261	-14.9039169189638	39
0.253467510182687	-14.8931469464352	39
0.245946607922224	-14.8823056106271	39
0.238528215356898	-14.8713938745295	39
0.231212991431231	-14.8604127073859	39
0.224001585925709	-14.8493630846072	39
0.216894639399065	-14.8382459876847	39
0.209892783131384	-14.8270624041033	39
0.202996639068025	-14.8158133272534	39
0.196206819764377	-14.8044997563432	39
0.189523928331451	-14.7931226963094	39
0.182948558382305	-14.7816831577283	39
0.176481293979317	-14.7701821567258	39
0.170122709582305	-14.7586207148874	39
0.163873369997502	-14.7469998591672	39
0.157733830327385	-14.7353206217967	39
0.151704635921365	-14.7235840401934	39
0.145786322327352	-14.7117911568683	39
0.13997941524418	-14.6999430193335	39
0.13428443047491	-14.688040680009	39
0.128701873881021	-14.6760851961295	39
0.123232241337467	-14.6640776296502	39
0.117876018688636	-14.6520190471525	39
0.112633681705195	-14.6399105197496	39
0.107505696041827	-14.6277531229907	39
0.102492517195868	-14.6155479367662	39
0.0975945904668494	-14.6032960452112	39
0.092812350916945	-14.5909985366097	39
0.0881462233323225	-14.5786565032975	39
0.0835966221854134	-14.5662710415652	39
0.0791639515980986	-14.5538432515613	39
0.0748486053058095	-14.5413742371939	39
0.0706509666225552	-14.528865106033	39
0.0665714084068756	-14.5163169692119	39
0.0626102930287189	-14.5037309413286	39
0.0587679723372567	-14.491108140347	39
0.0550447876296305	-14.4784496874973	39
0.0514410696206324	-14.4657567071763	39
0.0479571384133337	-14.453030326848	39
0.0445933034706494	-14.4402716769432	39
0.0413498635878478	-14.4274818907587	39
0.0382271068660136	-14.4146621043575	39
0.0352253106864557	-14.401813456467	39
0.0323447416860667	-14.3889370883785	39
0.0295856557336409	-14.3760341438455	39
0.0269482979071465	-14.3631057689819	39
0.0244329024719545	-14.350153112161	39
0.0220396928600322	-14.3371773239125	39
0.0197688816500947	-14.3241795568209	39
0.0176206705487241	-14.3111609654232	39
0.0155952503724512	-14.2981227061059	39
0.0136928010308077	-14.2850659370025	39
0.0119134915103438	-14.2719918178908	39
0.0102574798596196	-14.2589015100896	39
0.00872491317516499	-14.2457961763558	39
0.00731592758841448	-14.2326769807809	39
0.00603064825361477	-14.2195450886876	39
0.00486918933670766	-14.2064016665267	39
0.00383165400519014	-14.1932478817728	39
0.00291813441894928	-14.1800849028211	39
0.00212871172207718	-14.1669138988836	39
0.00146345603566189	-14.1537360398849	39
0.000922426451560376	-14.1405524963588	39
0.000505671027148269	-14.1273644393437	39
0.000213226781052178	-14.1141730402791	39
4.51196898612061e-05	-14.1009794709015	39
1.36468581879434e-06	-14.0877849031399	39
8.19656554977843e-05	-14.074590509012	39
0.000286915439454027	-14.0613974605204	39
0.000616195832862321	-14.0482069295478	39
0.00106977758713445	-14.0350200877535	39
0.00164762041251598	-14.0218381064689	39
0.00234967298166655	-14.008662156594	39
0.00317587293421751	-13.9954934084927	39
0.00412614688231172	-13.9823330318894	39
0.00520041041712238	-13.9691821957649	39
0.0063985681163512	-13.9560420682524	39
0.0077205135527032	-13.942913816534	39
0.00916612930334137	-13.9297986067371	39
0.0107352869603157	-13.9166976038303	39
0.0124278471419703	-13.9036119715204	39
0.0142436595053232	-13.8905428721491	39
0.0161825627594212	-13.8774914665892	39
0.0182443846796663	-13.8644589141421	39
0.0204289421231139	-13.8514463724345	39
0.0227360410447399	-13.8384549973155	39
0.0251654765146794	-13.8254859427542	39
0.027717032736426	-13.812540360737	39
0.0303904830660027	-13.7996194011654	39
0.0331855900320932	-13.7867242117536	39
0.0361021053571353	-13.773855937927	39
0.0391397699793739	-13.7610157227201	39
0.0422983140758735	-13.7482047066751	39
0.0455774570864844	-13.7354240277403	39
0.0489769077387636	-13.7226748211697	39
0.0524963640738492	-13.7099582194215	39
0.0561355134732786	-13.6972753520578	39
0.0598940326867607	-13.6846273456442	39
0.0637715878608871	-13.6720153236498	39
0.0677678345687862	-13.6594404063472	39
0.0718824178407191	-13.6469037107134	39
0.0761149721956089	-13.6344063503301	39
0.0804651216735039	-13.6219494352852	39
0.0849324798689752	-13.6095340720738	39
0.0895166499654372	-13.5971613635004	39
0.0942172247703952	-13.5848324085804	39
0.0990337867516162	-13.5725483024428	39
0.103965908074216	-13.5603101362331	39
0.109013150638659	-13.548118997016	39
0.114175066119678	-13.5359759676788	39
0.119451196006093	-13.5238821268357	39
0.12484107164154	-13.5118385487315	39
0.130344214266102	-13.4998463031465	39
0.135960135058829	-13.4879064553013	39
0.141688335181166	-13.4760200657622	39
0.147528305821256	-13.4641881903471	39
0.153479528239141	-13.4524118800315	39
0.159541473812834	-13.4406921808554	39
0.165713604085278	-13.4290301338302	39
0.171995370812176	-13.4174267748465	39
0.178386216010683	-13.4058831345816	39
0.184885572008979	-13.3944002384084	39
0.191492861496682	-13.3829791063042	39
0.198207497576137	-13.3716207527599	39
0.205028883814541	-13.3603261866901	39
0.211956414296929	-13.3490964113437	39
0.218989473679986	-13.337932424214	39
0.226127437246711	-13.3268352169511	39
0.23336967096191	-13.3158057752729	39
0.240715531528507	-13.3048450788784	39
0.248164366444694	-13.2939541013599	39
0.255715514061882	-13.2831338101171	39
0.263368303643479	-13.2723851662707	39
0.271122055424464	-13.2617091245774	39
0.278976080671773	-13.2511066333451	39
0.286929681745469	-13.2405786343483	39
0.294982152160717	-13.2301260627447	39
0.303132776650534	-13.2197498469922	39
0.311380831229325	-13.2094509087662	39
0.319725583257192	-13.1992301628781	39
0.328166291505009	-13.1890885171935	39
0.336702206220264	-13.179026872552	39
0.345332569193658	-13.1690461226872	39
0.354056613826449	-13.1591471541469	39
0.36287356519855	-13.1493308462148	39
0.371782640137358	-13.139598070832	39
0.380783047287326	-13.12994969252	39
0.389873987180249	-13.1203865683035	39
0.399054652306279	-13.1109095476345	39
0.408324227185659	-13.1015194723168	39
0.417681888441149	-13.0922171764311	39
0.42712680487117	-13.0830034862613	39
0.436658137523632	-13.0738792202204	39
0.446275039770459	-13.0648451887785	39
0.455976657382787	-13.0559021943907	39
0.465762128606844	-13.0470510314253	39
0.475630584240495	-13.0382924860939	39
0.485581147710451	-13.0296273363809	39
0.495612935150129	-13.0210563519753	39
0.505725055478162	-13.0125802942013	39
0.515916610477557	-13.0041999159514	39
0.526186694875468	-12.9959159616193	39
0.536534396423616	-12.9877291670337	39
0.546958795979319	-12.979640259393	39
0.557458967587131	-12.9716499572007	39
0.568033978561101	-12.9637589702018	39
0.578682889567606	-12.9559679993193	39
0.589404754708796	-12.9482777365923	39
0.600198621606618	-12.9406888651143	39
0.6110635314874	-12.9332020589729	39
0.621998519267024	-12.9258179831894	39
0.63300261363665	-12.9185372936602	39
0.64407483714899	-12.9113606370981	39
0.655214206305128	-12.9042886509754	39
0.666419731641889	-12.8973219634667	39
0.67769041781972	-12.8904611933935	39
0.689025263711106	-12.883706950169	39
0.700423262489498	-12.8770598337442	39
0.711883401718738	-12.8705204345544	39
0.723404663442996	-12.8640893334669	39
0.73498602427719	-12.8577671017292	39
0.746626455497885	-12.8515543009186	39
0.758324923134673	-12.8454514828918	39
0.770080388062019	-12.8394591897365	39
0.781891806091557	-12.8335779537229	39
0.793758128064839	-12.8278082972562	39
0.805678299946539	-12.8221507328308	39
0.817651262918066	-12.8166057629843	39
0.829675953471618	-12.8111738802529	39
0.841751303504655	-12.8058555671278	39
0.853876240414764	-12.8006512960124	39
0.866049687194941	-12.7955615291801	39
0.878270562529257	-12.7905867187335	39
0.890537780888901	-12.7857273065639	39
0.902850252628607	-12.7809837243125	39
0.915206884083446	-12.7763563933317	39
0.927606577665962	-12.7718457246477	39
0.940048231963676	-12.7674521189243	39
0.952530741836914	-12.7631759664269	39
0.965052998516975	-12.759017646988	39
0.977613889704614	-12.7549775299738	39
0.990212299668849	-12.7510559742506	39
1.00284710934606	-12.7472533281538	39
1.0155171964394	-12.7435699294564	39
1.02822143551847	-12.7400061053392	39
1.04095869811929	-12.7365621723616	39
1.05372785284457	-12.7332384364336	39
1.06652776546413	-12.7300351927888	39
1.07935729901573	-12.7269527259576	39
1.09221531390603	-12.7239913097428	39
1.10510066801178	-12.7211512071942	39
1.11801221678134	-12.7184326705864	39
1.13094881333629	-12.7158359413954	39
1.14390930857332	-12.7133612502778	39
1.1568925512663	-12.7110088170499	39
1.16989738816855	-12.7087788506684	39
1.18292266411526	-12.7066715492118	39
1.1959672221261	-12.7046870998629	39
1.22760457833409	-12.7001875911246	39
1.25004865877464	-12.6969670560971	39
1.27248989997754	-12.6937027699462	39
1.29492830194281	-12.6903947326721	39
1.31736386467045	-12.6870429442745	39
1.33979658816045	-12.6836474047537	39
1.36222647241281	-12.6802081141094	39
1.38465351742753	-12.6767250723419	39
1.40707772320462	-12.673198279451	39
1.42949908974407	-12.6696277354367	39
1.45191761704588	-12.6660134402991	39
1.47433330511006	-12.6623553940382	39
1.4967461539366	-12.6586535966539	39
1.5191561635255	-12.6549080481463	39
1.54156333387677	-12.6511187485153	39
1.5639676649904	-12.647285697761	39
1.58636915686639	-12.6434088958834	39
1.60876780950474	-12.6394883428824	39
1.63116362290546	-12.635524038758	39
1.65355659706854	-12.6315159835103	39
1.67594673199399	-12.6274641771393	39
1.6983340276818	-12.6233686196449	39
1.72071848413197	-12.6192293110272	39
1.7431001013445	-12.6150462512862	39
1.7654788793194	-12.6108194404218	39
1.78785481805666	-12.606548878434	39
1.81022791755628	-12.6022345653229	39
1.83259817781827	-12.5978765010885	39
1.85496559884262	-12.5934746857307	39
1.87733018062933	-12.5890291192496	39
1.89969192317841	-12.5845398016451	39
1.92205082648985	-12.5800067329173	39
1.94440689056365	-12.5754299130661	39
1.96676011539982	-12.5708093420916	39
1.98911050099835	-12.5661450199938	39
2.01145804735924	-12.5614369467726	39
2.03380275448249	-12.5566851224281	39
2.05614462236811	-12.5518895469602	39
2.07848365101609	-12.547050220369	39
2.10081984042644	-12.5421671426544	39
2.12315319059915	-12.5372403138165	39
2.14548370153422	-12.5322697338553	39
2.16781137323165	-12.5272554027707	39
2.19013620569145	-12.5221973205628	39
2.21245819891361	-12.5170954872315	39
2.23477735289813	-12.5119499027769	39
2.25709366764502	-12.5067605671989	39
2.27940714315427	-12.5015274804976	39
2.30171777942588	-12.4962506426729	39
2.32402557645986	-12.4909300537249	39
2.3463305342562	-12.4855657136536	39
2.3686326528149	-12.4801576224589	39
2.39093193213597	-12.4747057801409	39
2.4132283722194	-12.4692101866995	39
2.43552197306519	-12.4636708421348	39
2.45781273467334	-12.4580877464467	39
2.48010065704386	-12.4524608996353	39
2.50238574017674	-12.4467903017006	39
2.52466798407199	-12.4410759526425	39
2.54694738872959	-12.435317852461	39
2.56922395414956	-12.4295160011563	39
2.5914976803319	-12.4236703987281	39
2.6137685672766	-12.4177810451767	39
2.63603661498366	-12.4118479405018	39
2.65830182345308	-12.4058710847037	39
2.68056419268487	-12.3998504777822	39
2.70282372267902	-12.3937861197374	39
2.72508041343553	-12.3876780105692	39
2.7473342649544	-12.3815261502776	39
2.76958527723564	-12.3753305388628	39
2.79183345027925	-12.3690911763245	39
2.81407878408521	-12.362808062663	39
2.83632127865354	-12.3564811978781	39
2.85856093398423	-12.3501105819698	39
2.88079775007729	-12.3436962149382	39
2.9030317269327	-12.3372380967833	39
2.92526286455049	-12.330736227505	39
2.94749116293063	-12.3241906071034	39
2.96971662207314	-12.3176012355784	39
2.99193924197801	-12.3109681129301	39
3.01415902264524	-12.3042912391585	39
3.03637596407484	-12.2975706142635	39
3.0585900662668	-12.2908062382451	39
3.08080132922112	-12.2839981111035	39
3.10300975293781	-12.2771462328384	39
3.12521533741686	-12.27025060345	39
3.14741808265827	-12.2633112229383	39
3.16961798866205	-12.2563280913033	39
3.19181505542819	-12.2493012085449	39
3.21400928295669	-12.2422305746631	39
3.23620067124755	-12.235116189658	39
3.25838922030078	-12.2279580535296	39
3.28057493011637	-12.2207561662778	39
3.30275780069433	-12.2135105279027	39
3.32493783203465	-12.2062211384042	39
3.34711502413733	-12.1988879977824	39
3.36928937700237	-12.1915111060373	39
3.39146089062978	-12.1840904631688	39
3.41362956501955	-12.1766260691769	39
3.43579540017168	-12.1691179240617	39
3.45795839608618	-12.1615660278232	39
3.48011855276304	-12.1539703804613	39
3.50227587020226	-12.1463309819761	39
3.52443034840385	-12.1386478323675	39
3.5465819873678	-12.1309209316356	39
3.56873078709411	-12.1231502797804	39
3.59087674758279	-12.1153358768018	39
3.61301986883383	-12.1074777226999	39
3.63516015084723	-12.0995758174746	39
3.65729759362299	-12.091630161126	39
3.67943219716112	-12.083640753654	39
3.70156396146161	-12.0756075950587	39
3.72369288652447	-12.06753068534	39
3.74581897234968	-12.059410024498	39
3.76794221893726	-12.0512456125327	39
3.79006262628721	-12.043037449444	39
3.81218019439952	-12.034785535232	39
3.83429492327419	-12.0264898698966	39
3.85640681291122	-12.0181504534379	39
3.87851586331062	-12.0097672858558	39
3.90062207447238	-12.0013403671504	39
3.9227254463965	-11.9928696973217	39
3.94482597908299	-11.9843552763696	39
3.96692367253183	-11.9757971042941	39
3.98901852674305	-11.9671951810954	39
4.01111054171662	-11.9585495067732	39
4.03319971745256	-11.9498600813278	39
4.05528605395086	-11.941126904759	39
4.07736955121153	-11.9323499770668	39
4.09945020923456	-11.9235292982513	39
4.12152802801995	-11.9146648683125	39
4.1436030075677	-11.9057566872503	39
4.16567514787782	-11.8968047550648	39
4.1877444489503	-11.8878090717559	39
4.20981091078514	-11.8787696373237	39
4.23187453338235	-11.8696864517681	39
4.25393531674192	-11.8605595150892	39
4.27599326086385	-11.851388827287	39
4.29804836574815	-11.8421743883614	39
4.32010063139481	-11.8329161983124	39
4.34215005780383	-11.8236142571401	39
4.36419664497522	-11.8142685648445	39
4.38624039290897	-11.8048791214256	39
4.40828130160508	-11.7954459268833	39
4.43031937106356	-11.7859689812176	39
4.45235460128439	-11.7764482844286	39
4.47438699226759	-11.7668838365163	39
4.49641654401316	-11.7572756374806	39
4.51844325652109	-11.7476236873215	39
4.54046712979138	-11.7379279860392	39
4.56248816382403	-11.7281885336334	39
4.58450635861905	-11.7184053301044	39
4.60652171417643	-11.708578375452	39
4.62853423049618	-11.6987076696762	39
4.65054390757828	-11.6887932127772	39
4.67255074542275	-11.6788350047547	39
4.69455474402958	-11.6688330456089	39
4.71655590339878	-11.6587873353398	39
4.73855422353034	-11.6486978739473	39
4.76054970442426	-11.6385646614315	39
4.78254234608055	-11.6283876977924	39
4.8045321484992	-11.6181669830299	39
4.82651911168021	-11.607902517144	39
4.84850323562358	-11.5975943001349	39
4.87048452032932	-11.5872423320023	39
4.89246296579742	-11.5768466127464	39
4.91443857202789	-11.5664071423672	39
4.93641133902072	-11.5559239208647	39
4.95838126677591	-11.5453969482388	39
4.98034835529346	-11.5348262244895	39
5.00231260457338	-11.5242117496169	39
5.02427401461566	-11.513553523621	39
5.0462325854203	-11.5028515465017	39
5.06818831698731	-11.4921058182591	39
5.09014120931668	-11.4813163388931	39
5.11209126240841	-11.4704831084038	39
5.13403847626251	-11.4596061267912	39
5.15598285087897	-11.4486853940552	39
5.17792438625779	-11.4377209101958	39
5.19986308239898	-11.4267126752131	39
5.22179893930252	-11.4156606891071	39
5.24373195696844	-11.4045649518777	39
5.26566213539671	-11.393425463525	39
5.28758947458735	-11.382242224049	39
5.30951397454035	-11.3710152334496	39
5.33143563525571	-11.3597444917268	39
5.35335445673344	-11.3484299988807	39
5.37527043897353	-11.3370717549113	39
5.39718358197599	-11.3256697598185	39
5.41909388574081	-11.3142240136024	39
5.44100135026798	-11.3027345162629	39
5.46290597555753	-11.2912012678001	39
5.48480776160944	-11.2796242682139	39
5.5067067084237	-11.2680035175044	39
5.52860281600034	-11.2563390156716	39
5.55049608433933	-11.2446307627154	39
5.57238651344069	-11.2328787586359	39
5.59427410330441	-11.221083003433	39
5.6161588539305	-11.2092434971068	39
5.63804076531895	-11.1973602396572	39
5.65991983746976	-11.1854332310843	39
5.68179607038293	-11.1734624713881	39
5.70366946405847	-11.1614479605685	39
5.72554001849637	-11.1493896986256	39
5.74740773369664	-11.1372876855593	39
5.76927260965927	-11.1251419213697	39
5.79113464638426	-11.1129524060567	39
5.81299384387161	-11.1007191396204	39
5.83485020212133	-11.0884421220607	39
5.85670372113341	-11.0761213533777	39
5.87855440090785	-11.0637568335714	39
5.90040224144466	-11.0513485626417	39
5.92224724274383	-11.0388965405887	39
5.94408940480536	-11.0264007674123	39
5.96592872762925	-11.0138612431126	39
5.98776521121551	-11.0012779676895	39
6.00959885556413	-10.9886509411431	39
6.03142966067512	-10.9759801634734	39
6.05325762654847	-10.9632656346803	39
6.07508275318418	-10.9505073547639	39
6.09690504058226	-10.9377053237241	39
6.11872448874269	-10.9248595415609	39
6.14054109766549	-10.9119700082745	39
6.16235486735066	-10.8990367238647	39
6.18416579779818	-10.8860596883315	39
6.20597388900808	-10.873038901675	39
6.22777914098033	-10.8599743638952	39
6.24958155371495	-10.846866074992	39
6.27138112721193	-10.8337140349655	39
6.29317786147127	-10.8205182438156	39
6.31497175649297	-10.8072787015424	39
6.33676281227704	-10.7939954081458	39
6.35855102882348	-10.7806683636259	39
6.38033640613227	-10.7672975679827	39
6.40211894420343	-10.7538830212161	39
6.42389864303695	-10.7404247233261	39
6.44567550263284	-10.7269226743129	39
6.46744952299109	-10.7133768741762	39
6.4892207041117	-10.6997873229163	39
6.51098904599467	-10.686154020533	39
6.53275454864001	-10.6724769670263	39
6.55451721204771	-10.6587561623963	39
6.57627703621777	-10.644991606643	39
6.5980340211502	-10.6311832997663	39
6.61978816684499	-10.6173312417663	39
6.64153947330214	-10.6034354326429	39
6.66328794052166	-10.5894958723962	39
6.68503356850354	-10.5755125610261	39
6.70677635724778	-10.5614854985327	39
6.72851630675439	-10.5474146849159	39
6.75025341702336	-10.5333001201759	39
6.77198768805469	-10.5191418043124	39
6.79371911984839	-10.5049397373256	39
6.81544771240444	-10.4906939192155	39
6.83717346572287	-10.4764043499821	39
6.85889637980365	-10.4620710296252	39
6.8806164546468	-10.4476939581451	39
6.90233369025231	-10.4332731355416	39
6.92404808662018	-10.4188085618148	39
6.94575964375042	-10.4043002369646	39
6.96746836164302	-10.389748160991	39
6.98917424029799	-10.3751523338942	39
7.01087727971531	-10.360512755674	39
7.032577479895	-10.3458294263304	39
7.05427484083706	-10.3311023458635	39
7.07596936254147	-10.3163315142732	39
7.09766104500825	-10.3015169315596	39
7.1193498882374	-10.2866585977227	39
7.1410358922289	-10.2717565127624	39
7.16271905698277	-10.2568106766788	39
7.184399382499	-10.2418210894719	39
7.2060768687776	-10.2267877511415	39
7.22775151581856	-10.2117106616879	39
7.24942332362188	-10.1965898211109	39
7.27109229218756	-10.1814252294105	39
7.29275842151561	-10.1662168865869	39
7.31442171160602	-10.1509647926398	39
7.3360821624588	-10.1356689475695	39
7.35773977407393	-10.1203293513757	39
7.37939454645143	-10.1049460040587	39
7.4010464795913	-10.0895189056183	39
7.42269557349353	-10.0740480560545	39
7.44434182815812	-10.0585334553674	39
7.46598524358507	-10.042975103557	39
7.48762581977438	-10.0273730006232	39
7.50926355672606	-10.0117271465661	39
7.53089845444011	-9.99603754138564	39
7.55253051291651	-9.98030418508183	39
7.57415973215528	-9.96452707765468	39
7.59578611215641	-9.94870621910418	39
7.61740965291991	-9.93284160943034	39
7.63903035444577	-9.91693324863315	39
7.66064821673399	-9.90098113671263	39
7.68226323978457	-9.88498527366875	39
7.70387542359752	-9.86894565950153	39
7.72548476817283	-9.85286229421098	39
7.7470912735105	-9.83673517779707	39
7.76869493961054	-9.82056431025983	39
7.79029576647294	-9.80434969159923	39
7.81189375409771	-9.7880913218153	39
7.83348890248483	-9.77178920090802	39
7.85508121163432	-9.75544332887739	39
7.87667068154617	-9.73905370572344	39
7.89825731222039	-9.72262033144612	39
7.91984110365697	-9.70614320604547	39
7.94142205585591	-9.68962232952147	39
7.96300016881722	-9.67305770187413	39
7.98457544254089	-9.65644932310345	39
8.00614787702692	-9.63979719320941	39
8.02771747227531	-9.62310131219204	39
8.04928422828607	-9.60636168005133	39
8.07084814505919	-9.58957829678727	39
8.09240922259468	-9.57275116239987	39
8.11396746089252	-9.55588027688912	39
8.13552285995273	-9.53896564025503	39
8.15707541977531	-9.52200725249759	39
8.17862514036024	-9.50500511361681	39
8.20017202170754	-9.48795922361269	39
8.22171606381721	-9.47086958248522	39
8.24325726668923	-9.45373619023442	39
8.26479563032363	-9.43655904686026	39
8.28633115472038	-9.41933815236276	39
8.3078638398795	-9.40207350674192	39
8.32939368580097	-9.38476510999774	39
8.35092069248481	-9.36741296213021	39
8.37244485993102	-9.35001706313934	39
8.39396618813959	-9.33257741302512	39
8.41548467711052	-9.31509401178756	39
8.43700032684382	-9.29756685942666	39
8.45851313733947	-9.27999595594241	39
8.48002310859749	-9.26238130133482	39
8.50153024061788	-9.24472289560388	39
8.52303453340063	-9.22702073874961	39
8.54453598694574	-9.20927483077198	39
8.56603460125321	-9.19148517167102	39
8.58753037632305	-9.17365176144671	39
8.60902331215525	-9.15577460009905	39
8.63051340874981	-9.13785368762806	39
8.65200066610674	-9.11988902403371	39
8.67348508422602	-9.10188060931603	39
8.69496666310768	-9.083828443475	39
8.71644540275169	-9.06573252651063	39
8.73792130315807	-9.04759285842292	39
8.75939436432681	-9.02940943921185	39
8.78086458625792	-9.01118226887745	39
8.80233196895139	-8.99291134741971	39
8.82379651240722	-8.97459667483861	39
8.84525821662541	-8.95623825113418	39
8.86671708160597	-8.9378360763064	39
8.88817310734889	-8.91939015035528	39
8.90962629385418	-8.90090047328081	39
8.93107664112182	-8.882367045083	39
8.95252414915183	-8.86378986576185	39
8.97396881794421	-8.84516893531735	39
8.99541064749894	-8.82650425374951	39
9.01684963781604	-8.80779582105833	39
9.03828578889551	-8.7890436372438	39
9.05971910073733	-8.77024770230593	39
9.08114957334152	-8.75140801624471	39
9.10257720670807	-8.73252457906015	39
9.12400200083699	-8.71359739075225	39
9.14542395572827	-8.694626451321	39
9.16684307138191	-8.67561176076641	39
9.18825934779792	-8.65655331908847	39
9.20967278497628	-8.6374511262872	39
9.23108338291702	-8.61830518236257	39
9.25249114162011	-8.59911548731461	39
9.27389606108557	-8.5798820411433	39
9.29529814131339	-8.56060484384864	39
9.31669738230357	-8.54128389543065	39
9.33809378405612	-8.52191919588931	39
9.35948734657103	-8.50251074522462	39
9.3808780698483	-8.48305854343659	39
9.40226595388794	-8.46356259052522	39
9.42365099868994	-8.4440228864905	39
9.4450332042543	-8.42443943133245	39
9.46641257058103	-8.40481222505104	39
9.48778909767012	-8.38514126764629	39
9.50916278552157	-8.3654265591182	39
9.53053363413538	-8.34566809946677	39
9.55190164351156	-8.325865888692	39
9.5732668136501	-8.30601992679387	39
9.59462914455101	-8.28613021377241	39
9.61598863621428	-8.26619674962759	39
9.63734528863991	-8.24621953435944	39
9.6586991018279	-8.22619856796795	39
9.68005007577826	-8.2061338504531	39
9.70139821049098	-8.18602538181492	39
9.72274350596606	-8.16587316205339	39
9.74408596220351	-8.14567719116852	39
9.76542557920332	-8.12543746916031	39
9.78676235696549	-8.10515399602874	39
9.80809629549003	-8.08482677177384	39
9.82942739477693	-8.06445579639559	39
9.85075565482619	-8.044041069894	39
9.87208107563782	-8.02358259226907	39
9.89340365721181	-8.00308036352079	39
9.91472339954816	-7.98253438364917	39
9.93604030264687	-7.9619446526542	39
9.95735436650795	-7.94131117053589	39
9.9786655911314	-7.92063393729424	39
9.9999739765172	-7.89991295292924	39
10.0212795226654	-7.8791482174409	39
10.0425822295759	-7.85833973082922	39
10.0638820972488	-7.83748749309419	39
10.085179125684	-7.81659150423582	39
10.1064733148817	-7.7956517642541	39
10.1277646648417	-7.77466827314904	39
10.149053175564	-7.75364103092064	39
10.1703388470487	-7.73257003756889	39
10.1916216792958	-7.7114552930938	39
10.2129016723052	-7.69029679749537	39
10.234178826077	-7.66909455077359	39
10.2554531406112	-7.64784855292847	39
10.2767246159077	-7.62655880395999	39
10.2979932519666	-7.60522530386819	39
10.3192590487878	-7.58384805265304	39
10.3405220063715	-7.56242705031454	39
10.3617821247174	-7.5409622968527	39
10.3830394038258	-7.51945379226751	39
10.4042938436965	-7.49790153655899	39
10.4255454443296	-7.47630552972712	39
10.446794205725	-7.4546657717719	39
10.4680401278828	-7.43298226269334	39
10.4892832108029	-7.41125500249143	39
10.5105234544855	-7.38948399116619	39
10.5317608589303	-7.3676692287176	39
10.5529954241376	-7.34581071514566	39
10.5742271501072	-7.32390845045039	39
10.5954560368392	-7.30196243463176	39
10.6166820843335	-7.2799726676898	39
10.6379052925902	-7.25793914962449	39
10.6591256616093	-7.23586188043584	39
10.6803431913907	-7.21374086012384	39
10.7015578819345	-7.1915760886885	39
10.7227697332406	-7.16936756612982	39
10.7439787453091	-7.14711529244779	39
10.76518491814	-7.12481926764242	39
10.7863882517333	-7.1024794917137	39
10.8075887460889	-7.08009596466164	39
10.8287864012068	-7.05766868648624	39
10.8499812170872	-7.03519765718749	39
10.8711731937299	-7.0126828767654	39
10.8923623311349	-6.99012434521997	39
10.9135486293023	-6.96752206255119	39
10.9347320882321	-6.94487602875907	39
10.9559127079243	-6.9221862438436	39
10.9770904883788	-6.89945270780479	39
10.9982654295957	-6.87667542064264	39
11.0194375315749	-6.85385438235714	39
11.0406067943165	-6.83098959294831	39
11.0617732178204	-6.80808105241612	39
11.0829368020868	-6.78512876076059	39
11.1040975471155	-6.76213271798172	39
11.1252554529065	-6.7390929240795	39
11.1464105194599	-6.71600937905394	39
11.1675627467757	-6.69288208290504	39
11.1887121348538	-6.66971103563279	39
11.2098586836944	-6.6464962372372	39
11.2310023932972	-6.62323768771826	39
11.2521432636624	-6.59993538707599	39
11.27328129479	-6.57658933531037	39
11.29441648668	-6.55319953242141	39
11.3155488393323	-6.5297659784091	39
11.336678352747	-6.50628867327344	39
11.357805026924	-6.48276761701445	39
11.3789288618635	-6.4592028096321	39
11.4000498575652	-6.43559425112642	39
11.4211680140294	-6.41194194149739	39
11.4422833312559	-6.38824588074502	39
11.4633958092447	-6.36450606886931	39
11.484505447996	-6.34072250587024	39
11.5056122475095	-6.31689519174784	39
11.5267162077855	-6.2930241265021	39
11.5478173288238	-6.269109310133	39
11.5689156106245	-6.24515074264058	39
11.5900110531875	-6.22114842402479	39
11.6111036565129	-6.19710235428567	39
11.6321934206007	-6.17301253342321	39
11.6532803454508	-6.14887896143739	39
11.6743644310633	-6.12470163832824	39
11.6954456774382	-6.10048056409575	39
11.7165240845754	-6.0762157387399	39
11.737599652475	-6.05190716226072	39
11.7586723811369	-6.02755483465819	39
11.7797422705612	-6.00315875593232	39
11.8008093207479	-5.97871892608311	39
11.8218735316969	-5.95423534511055	39
11.8429349034083	-5.92970801301465	39
11.8639934358821	-5.90513692979539	39
11.8850491291182	-5.88052209545281	39
11.9061019831167	-5.85586350998688	39
11.9271519978776	-5.8311611733976	39
11.9481991734008	-5.80641508568497	39
11.9692435096864	-5.78162524684901	39
11.9902850067343	-5.7567916568897	39
12.0113236645446	-5.73191431580705	39
12.0323594831173	-5.70699322360105	39
12.0533924624523	-5.68202838027171	39
12.0744226025497	-5.65701978581902	39
12.0954499034094	-5.631967440243	39
12.1164743650316	-5.60687134354363	39
12.1374959874161	-5.58173149572091	39
12.1585147705629	-5.55654789677485	39
12.1795307144721	-5.53132054670545	39
12.2005438191437	-5.5060494455127	39
12.2215540845776	-5.48073459319661	39
12.2425615107739	-5.45537598975718	39
12.2635660977326	-5.4299736351944	39
12.2845678454536	-5.40452752950828	39
12.305566753937	-5.37903767269881	39
12.3265628231827	-5.35350406476601	39
12.3475560531908	-5.32792670570985	39
12.3685464439613	-5.30230559553036	39
12.3895339954942	-5.27664073422751	39
12.4105187077894	-5.25093212180133	39
12.4315005808469	-5.2251797582518	39
12.4524796146669	-5.19938364357893	39
12.4734558092492	-5.17354377778272	39
12.4944291645938	-5.14766016086315	39
12.5153996807008	-5.12173279282025	39
12.5363673575702	-5.09576167365401	39
12.557332195202	-5.06974680336442	39
12.5782941935961	-5.04368818195148	39
12.5992533527525	-5.01758580941521	39
12.6202096726714	-4.99143968575558	39
12.6411631533526	-4.96524981097262	39
12.6621137947961	-4.93901618506631	39
12.6830615970021	-4.91273880803666	39
12.7040065599704	-4.88641767988366	39
12.724948683701	-4.86005280060732	39
12.745887968194	-4.83364417020764	39
12.7668244134494	-4.80719178868461	39
12.7877580194671	-4.78069565603824	39
12.8086887862472	-4.75415577226852	39
12.8296167137897	-4.72757213737546	39
12.8505418020945	-4.70094475135906	39
12.8714640511617	-4.67427361421932	39
12.8923834609913	-4.64755872595622	39
12.9133000315832	-4.62080008656979	39
12.9342137629375	-4.59399769606001	39
12.9551246550541	-4.56715155442689	39
12.9760327079331	-4.54026166167043	39
12.9969379215745	-4.51332801779062	39
13.0178402959782	-4.48635062278746	39
13.0387398311443	-4.45932947666097	39
13.0596365270728	-4.43226457941113	39
13.0805303837636	-4.40515593103794	39
13.1014214012168	-4.37800353154142	39
13.1223095794324	-4.35080738092154	39
13.1431949184103	-4.32356747917833	39
13.1640774181506	-4.29628382631177	39
13.1849570786532	-4.26895642232187	39
13.2058338999182	-4.24158526720862	39
13.2267078819456	-4.21417036097203	39
13.2475790247353	-4.1867117036121	39
13.2684473282874	-4.15920929512882	39
13.2893127926018	-4.1316631355222	39
13.3101754176787	-4.10407322479223	39
13.3310352035178	-4.07643956293892	39
13.3518921501194	-4.04876214996227	39
13.3727462574833	-4.02104098586227	39
13.3935975256096	-3.99327607063894	39
13.4144459544982	-3.96546740429225	39
13.4352915441492	-3.93761498682222	39
13.4561342945626	-3.90971881822885	39
13.4769742057383	-3.88177889851214	39
13.4978112776764	-3.85379522767208	39
13.5186455103768	-3.82576780570868	39
13.5394769038396	-3.79769663262193	39
13.5603054580648	-3.76958170841184	39
13.5811311730524	-3.74142303307841	39
13.6019540488023	-3.71322060662163	39
13.6227740853145	-3.68497442904151	39
13.6435912825892	-3.65668450033805	39
13.6644056406262	-3.62835082051123	39
13.6852171594255	-3.59997338956108	39
13.7060258389872	-3.57155220748758	39
13.7268316793113	-3.54308727429074	39
13.7476346803978	-3.51457858997056	39
13.7684348422466	-3.48602615452703	39
13.7892321648577	-3.45742996796016	39
13.8100266482313	-3.42879003026994	39
13.8308182923672	-3.40010634145639	39
13.8516070972654	-3.37137890151948	39
13.8723930629261	-3.34260771045924	39
13.893176189349	-3.31379276827565	39
13.9139564765344	-3.28493407496872	39
13.9347339244821	-3.25603163053844	39
13.9555085331922	-3.22708543498482	39
13.9762803026646	-3.19809548830785	39
13.9970492328994	-3.16906179050754	39
14.0178153238966	-3.13998434158389	39
14.0385785756561	-3.11086314153689	39
14.059338988178	-3.08169819036655	39
14.0800965614623	-3.05248948807287	39
14.1008512955089	-3.02323703465584	39
14.1216031903179	-2.99394083011547	39
14.1423522458892	-2.96460087445175	39
14.1630984622229	-2.9352171676647	39
14.183841839319	-2.90578970975429	39
14.2045823771774	-2.87631850072055	39
14.2253200757982	-2.84680354056346	39
14.2460549351814	-2.81724482928302	39
14.2667869553269	-2.78764236687925	39
14.2875161362348	-2.75799615335213	39
14.308242477905	-2.72830618870166	39
14.3289659803377	-2.69857247292785	39
14.3496866435326	-2.6687950060307	39
14.37040446749	-2.6389737880102	39
14.3911194522097	-2.60910881886637	39
14.4118315976917	-2.57920009859918	39
14.4325409039362	-2.54924762720865	39
14.453247370943	-2.51925140469478	39
14.4739509987121	-2.48921143105757	39
14.4946517872436	-2.45912770629701	39
14.5153497365375	-2.42900023041311	39
14.5360448465938	-2.39882900340586	39
14.5567371174124	-2.36861402527527	39
14.5774265489933	-2.33835529602133	39
14.5981131413367	-2.30805281564406	39
14.6187968944424	-2.27770658414344	39
14.6394778083104	-2.24731660151947	39
14.6601558829409	-2.21688286777216	39
14.6808311183336	-2.18640538290151	39
14.7015035144888	-2.15588414690752	39
14.7221730714063	-2.12531915979018	39
14.7428397890862	-2.09471042154949	39
14.7635036675284	-2.06405793218546	39
14.784164706733	-2.03336169169809	39
14.8048229067	-2.00262170008738	39
14.8254782674293	-1.97183795735332	39
14.846130788921	-1.94101046349592	39
14.8667804711751	-1.91013921851517	39
14.8874273141915	-1.87922422241108	39
14.9080713179703	-1.84826547518365	39
14.9287124825114	-1.81726297683287	39
14.9493508078149	-1.78621672735875	39
14.9699862938808	-1.75512672676128	39
14.990618940709	-1.72399297504047	39
15.0112487482996	-1.69281547219633	39
15.0318757166526	-1.66159421822883	39
15.0524998457679	-1.63032921313799	39
15.0731211356456	-1.5990204569238	39
15.0937395862856	-1.56766794958628	39
15.1143551976881	-1.53627169112541	39
15.1349679698528	-1.50483168154119	39
15.15557790278	-1.47334792083363	39
15.1761849964695	-1.44182040900273	39
15.1967892509213	-1.41024914604849	39
15.2173906661356	-1.3786341319709	39
15.2379892421122	-1.34697536676996	39
15.2585849788511	-1.31527285044568	39
15.2791778763524	-1.28352658299806	39
15.2997679346161	-1.2517365644271	39
15.3203551536422	-1.21990279473279	39
15.3409395334306	-1.18802527391514	39
15.3615210739813	-1.15610400197414	39
15.3820997752945	-1.1241389789098	39
15.40267563737	-1.09213020472212	39
15.4232486602078	-1.06007767941109	39
15.4438188438081	-1.02798140297672	39
15.4643861881706	-0.995841375419005	39
15.4849506932956	-0.963657596737946	39
15.5055123591829	-0.931430066933544	39
15.5260711858326	-0.899158786005799	39
15.5466271732446	-0.866843753954711	39
15.567180321419	-0.834484970780274	39
15.5877306303558	-0.8020824364825	39
15.6082781000549	-0.769636151061381	39
15.6288227305164	-0.737146114516914	39
15.6493645217403	-0.704612326849102	39
15.6699034737265	-0.67203478805795	39
15.6904395864751	-0.639413498143455	39
15.710972859986	-0.606748457105617	39
15.7315032942593	-0.574039664944436	39
15.752030889295	-0.541287121659906	39
15.772555645093	-0.508490827252036	39
15.7930775616534	-0.475650781720823	39
15.8135966389762	-0.442766985066264	39
15.8341128770613	-0.409839437288362	39
15.8546262759088	-0.376868138387113	39
15.8751368355186	-0.343853088362522	39
15.8956445558909	-0.310794287214591	39
15.9161494370254	-0.277691734943318	39
15.9366514789224	-0.244545431548694	39
15.9571506815817	-0.211355377030728	39
15.9776470450033	-0.178121571389418	39
15.9981405691874	-0.144844014624766	39
16.0186312541338	-0.111522706736775	39
16.0391190998425	-0.0781576477254333	39
16.0596041063136	-0.044748837590749	39
16.0800862735471	-0.0112962763327218	39
16.100565601543	0.0222000360486483	39
16.1210420903012	0.0557400995533612	39
16.1415157398217	0.0893239141814206	39
16.1619865501047	0.122951479932823	39
16.18245452115	0.156622796807568	39
16.2029196529576	0.19033786480566	39
16.2233819455276	0.22409668392709	39
16.24384139886	0.257899254171868	39
16.2642980129548	0.291745575539991	39
16.2847517878119	0.325635648031454	39
16.3052027234314	0.359569471646264	39
16.3256508198132	0.393547046384413	39
16.3460960769574	0.427568372245908	39
16.366538494864	0.461633449230753	39
16.3869780735329	0.495742277338934	39
16.4074148129642	0.529894856570461	39
16.4278487131578	0.564091186925332	39
16.4482797741139	0.598331268403545	39
16.4687079958322	0.632615101005108	39
16.489133378313	0.666942684730007	39
16.5095559215561	0.701314019578252	39
16.5299756255616	0.735729105549837	39
16.5503924903294	0.770187942644775	39
16.5708065158596	0.804690530863056	39
16.5912177021522	0.839236870204672	39
16.6116260492071	0.873826960669639	39
16.6320315570244	0.908460802257942	39
16.652434225604	0.943138394969598	39
16.672834054946	0.977859738804597	39
16.6932310450504	1.01262483376293	39
16.7136251959171	1.04743367984462	39
16.7340165075462	1.08228627704964	39
16.7544049799377	1.11718262537801	39
16.7747906130915	1.15212272482973	39
16.7951734070077	1.18710657540479	39
16.8155533616863	1.22213417710319	39
16.8359304771272	1.25720552992493	39
16.8563047533305	1.29232063387003	39
16.8766761902961	1.32747948893846	39
16.8970447880241	1.36268209513023	39
16.9174105465145	1.39792845244536	39
16.9377734657672	1.43321856088382	39
16.9581335457823	1.46855242044563	39
16.9784907865598	1.50393003113078	39
16.9988451880996	1.53935139293927	39
17.0191967504018	1.57481650587111	39
17.0395454734663	1.61032536992629	39
17.0598913572933	1.64587798510482	39
17.0802344018825	1.6814743514067	39
17.1005746072342	1.71711446883191	39
17.1209119733482	1.75279833738047	39
17.1412465002245	1.78852595705237	39
17.1615781878633	1.82429732784762	39
17.1819070362644	1.86011244976621	39
17.2022330454278	1.89597132280814	39
17.2225562153536	1.93187394697341	39
17.2428765460418	1.96782032226204	39
17.2631940374924	2.003810448674	39
17.2835086897053	2.03984432620931	39
17.3038205026805	2.07592195486796	39
17.3241294764182	2.11204333464995	39
17.3444356109182	2.14820846555529	39
17.3647389061805	2.18441734758398	39
17.3850393622052	2.22066998073601	39
17.4053369789923	2.25696636501138	39
17.4256317565418	2.29330650041009	39
17.4459236948536	2.32969038693214	39
17.4662127939278	2.36611802457755	39
17.4864990537643	2.40258941334629	39
17.5067824743632	2.43910455323839	39
17.5270630557245	2.47566344425382	39
17.5473407978481	2.51226608639259	39
17.5676157007341	2.54891247965471	39
17.5878877643824	2.58560262404018	39
17.6081569887932	2.62233651954899	39
17.6284233739662	2.65911416618114	39
17.6486869199017	2.69593556393663	39
17.6689476265995	2.73280071281548	39
17.6892054940597	2.76970961281766	39
17.7094605222822	2.80666226394318	39
17.7297127112671	2.84365866619205	39
17.7499620610144	2.88069881956427	39
17.770208571524	2.91778272405983	39
17.790452242796	2.95491037967873	39
17.8106930748303	2.99208178642097	39
17.830931067627	3.02929694428656	39
17.8511662211861	3.0665558532755	39
17.8713985355075	3.10385851338777	39
17.8916280105913	3.14120492462339	39
17.9118546464375	3.17859508698236	39
17.932078443046	3.21602900046467	39
17.9522994004169	3.25350666507032	39
17.9725175185502	3.29102808079931	39
17.9927327974458	3.32859324765165	39
18.0129452371038	3.36620216562734	39
18.0331548375241	3.40385483472636	39
18.0533615987068	3.44155125494873	39
18.0735655206519	3.47929142629444	39
18.0937666033593	3.51707534876351	39
18.1139648468291	3.55490302235591	39
18.1341602510613	3.59277444707165	39
18.1543528160558	3.63068962291074	39
18.1745425418127	3.66864854987318	39
18.1947294283319	3.70665122795895	39
18.2149134756135	3.74469765716807	39
18.2350946836575	3.78278783750054	39
18.2552730524639	3.82092176895635	39
18.2754485820326	3.8590994515355	39
18.2956212723636	3.89732088523799	39
18.315791123457	3.93558607006383	39
18.3359581353128	3.97389500601301	39
18.356122307931	4.01224769308554	39
18.3762836413115	4.05064413128141	39
18.3964421354544	4.08908432060062	39
18.4165977903596	4.12756826104318	39
18.4367506060272	4.16609595260908	39
18.4569005824572	4.20466739529833	39
18.4770477196495	4.24328258911092	39
18.4971920176042	4.28194153404685	39
18.5173334763213	4.32064423010613	39
18.5374720958007	4.35939067728874	39
18.5576078760425	4.39818087559471	39
18.5777408170467	4.43701482502402	39
18.5978709188132	4.47589252557667	39
18.617998181342	4.51481397725266	39
18.6381226046333	4.553779180052	39
18.6582441886869	4.59278813397469	39
18.6783629335028	4.63184083902071	39
18.6984788390812	4.67093729519009	39
18.7185919054219	4.7100775024828	39
18.7387021325249	4.74926146089885	39
18.7588095203903	4.78848917043826	39
18.7789140690181	4.827760631101	39
18.7990157784083	4.86707584288709	39
18.8191146485608	4.90643480579653	39
18.8392106794756	4.9458375198293	39
18.8593038711529	4.98528398498543	39
18.8793942235925	5.02477420126489	39
18.8994817367944	5.06430816866769	39
18.9195664107587	5.10388588719384	39
18.9396482454854	5.14350735684334	39
18.9597272409745	5.18317257761618	39
18.9798033972259	5.22288154951237	39
18.9998767142397	5.26263427253189	39
19.0199471920158	5.30243074667476	39
19.0400148305543	5.34227097194097	39
19.0600796298552	5.38215494833053	39
19.0801415899184	5.42208267584343	39
19.100200710744	5.46205415447968	39
19.1202569923319	5.50206938423927	39
19.1403104346822	5.5421283651222	39
19.1603610377949	5.58223109712848	39
19.18040880167	5.6223775802581	39
19.2004537263074	5.66256781451106	39
19.2204958117071	5.70280179988737	39
19.2405350578693	5.74307953638702	39
19.2605714647938	5.78340102401002	39
19.2806050324806	5.82376626275635	39
19.3006357609299	5.86417525262604	39
19.3206636501414	5.90462799361907	39
19.3406887001154	5.94512448573543	39
19.3607109108517	5.98566472897515	39
19.3807302823504	6.02624872333821	39
19.4007468146114	6.06687646882461	39
19.4207605076348	6.10754796543435	39
19.4407713614206	6.14826321316745	39
19.4607793759687	6.18902221202388	39
19.4807845512792	6.22982496200365	39
19.500786887352	6.27067146310677	39
19.5207863841873	6.31156171533323	39
19.5407830417848	6.35249571868304	39
19.5607768601448	6.3934734731562	39
19.5807678392671	6.43449497875269	39
19.6007559791518	6.47556023547253	39
19.6207412797988	6.51666924331571	39
19.6407237412082	6.55782200228224	39
19.6607033633799	6.5990185123721	39
19.6806801463141	6.64025877358532	39
19.7006540900105	6.68154278592188	39
19.7206251944694	6.72287054938178	39
19.7405934596906	6.76424206396503	39
19.7605588856742	6.80565732967162	39
19.7805214724201	6.84711634650154	39
19.8004812199284	6.88861911445482	39
19.8204381281991	6.93016563353144	39
19.8403921972321	6.97175590373141	39
19.8603434270275	7.01338992505472	39
19.8802918175853	7.05506769750136	39
19.9002373689054	7.09678922107136	39
19.9201800809878	7.1385544957647	39
19.9401199538327	7.18036352158138	39
19.9600569874399	7.22221629852141	39
19.9799911818095	7.26411282658478	39
19.9999225369414	7.30605310577149	39
20.0198510528357	7.34803713608155	39
20.0397767294924	7.39006491751496	39
20.0596995669114	7.4321364500717	39
20.0796195650928	7.47425173375179	39
20.0995367240365	7.51641076855522	39
20.1194510437426	7.55861355448199	39
20.1393625242111	7.60086009153212	39
20.1592711654419	7.64315037970558	39
20.1791769674351	7.68548441900239	39
20.1990799301907	7.72786220942254	39
20.2189800537086	7.77028375096603	39
20.2388773379889	7.81274904363287	39
20.2587717830316	7.85525808742305	39
20.2786633888366	7.89781088233658	39
20.298552155404	7.94040742837345	39
20.3184380827337	7.98304772553366	39
20.3383211708258	8.02573177381722	39
20.3582014196803	8.06845957322412	39
20.3780788292971	8.11123112375437	39
20.3979533996763	8.15404642540796	39
20.4178251308179	8.1969054781849	39
20.4376940227218	8.23980828208516	39
20.4575600753881	8.28275483710879	39
20.4774232888167	8.32574514325575	39
20.4972836630077	8.36877920052606	39
20.5171411979611	8.41185700891971	39
20.5369958936768	8.45497856843671	39
20.5568477501549	8.49814387907704	39
20.5766967673954	8.54135294084072	39
20.5965429453982	8.58460575372775	39
20.6163862841634	8.62790231773813	39
20.636226783691	8.67124263287184	39
20.6560644439809	8.71462669912889	39
20.6758992650332	8.75805451650929	39
20.6957312468478	8.80152608501304	39
20.7155603894248	8.84504140464013	39
20.7353866927642	8.88860047539056	39
20.7552101568659	8.93220329726434	39
20.77503078173	8.97584987026146	39
20.7948485673565	9.01954019438192	39
20.8146635137453	9.06327426962573	39
20.8344756208965	9.10705209599288	39
20.85428488881	9.15087367348337	39
20.8740913174859	9.19473900209721	39
20.8938949069242	9.23864808183439	39
20.9136956571248	9.28260091269492	39
20.9334935680878	9.32659749467879	39
20.9532886398132	9.37063782778601	39
20.9730808723009	9.41472191201656	39
20.992870265551	9.45884974737046	39
21.0126568195635	9.50302133384771	39
21.0324405343383	9.5472366714483	39
21.0522214098755	9.59149576017223	39
21.071999446175	9.63579860001951	39
21.0917746432369	9.68014519099012	39
21.1115470010612	9.72453553308409	39
21.1313165196478	9.7689696263014	39
21.1510831989968	9.81344747064205	39
21.1708470391082	9.85796906610604	39
21.1906080399819	9.90253441269338	39
21.210366201618	9.94714351040407	39
21.2301215240164	9.99179635923809	39
21.2498740071772	10.0364929591955	39
21.2696236511004	10.0812333102762	39
21.2893704557859	10.1260174124802	39
21.3091144212338	10.1708452658076	39
21.3288555474441	10.2157168702584	39
21.3485938344167	10.2606322258325	39
21.3683292821517	10.3055913325299	39
21.3880618906491	10.3505941903507	39
21.4077916599088	10.3956407992948	39
21.4275185899309	10.4407311593623	39
21.4472426807153	10.4858652705531	39
21.4669639322621	10.5310431328672	39
21.4866823445713	10.5762647463047	39
21.5063979176428	10.6215301108655	39
21.5261106514767	10.6668392265497	39
21.545820546073	10.7121920933573	39
21.5655276014316	10.7575887112881	39
21.5852318175526	10.8030290803423	39
21.6049331944359	10.8485132005199	39
21.6246317320816	10.8940410718208	39
21.6443274304897	10.939612694245	39
21.6640202896601	10.9852280677926	39
21.6837103095929	11.0308871924636	39
21.7033974902881	11.0765900682578	39
21.7230818317456	11.1223366951755	39
21.7427633339655	11.1681270732164	39
21.7624419969478	11.2139612023807	39
21.7821178206924	11.2598390826684	39
21.8017908051994	11.3057607140794	39
21.8214609504687	11.3517260966137	39
21.8411282565004	11.3977352302714	39
21.8607927232945	11.4437881150524	39
21.8804543508509	11.4898847509568	39
21.9001131391697	11.5360251379845	39
21.9197690882508	11.5822092761356	39
21.9394221980944	11.62843716541	39
21.9590724687003	11.6747088058077	39
21.9787199000685	11.7210241973288	39
21.9983644921991	11.7673833399732	39
22.0180062450921	11.813786233741	39
22.0376451587474	11.8602328786321	39
22.0572812331651	11.9067232746466	39
22.0769144683452	11.9532574217844	39
22.0965448642876	11.9998353200455	39
22.1161724209924	12.04645696943	39
22.1357971384595	12.0931223699379	39
22.1554190166891	12.1398315215691	39
22.1750380556809	12.1865844243236	39
22.1946542554352	12.2333810782015	39
22.2142676159518	12.2802214832027	39
22.2185920246729	12.2903308678123	39
22.2230746912143	12.3003710803923	39
22.2277145095452	12.3103396436703	39
22.2325103348597	12.3202340980527	39
22.2374609838598	12.3300520022308	39
22.2425652350469	12.3397909337837	39
22.2478218290233	12.3494484897758	39
22.2532294688033	12.3590222873495	39
22.2587868201324	12.3685099643137	39
22.2644925118176	12.377909179726	39
22.2703451360647	12.3872176144706	39
22.2763432488263	12.3964329718306	39
22.2824853701578	12.4055529780543	39
22.2887699845827	12.4145753829169	39
22.2951955414664	12.4234979602747	39
22.3017604553988	12.4323185086155	39
22.3084631065858	12.4410348516009	39
22.3153018412484	12.4496448386036	39
22.3222749720312	12.4581463452382	39
22.3293807784185	12.4665372738852	39
22.3366175071589	12.4748155542085	39
22.3439833726979	12.4829791436662	39
22.3514765576183	12.4910260280149	39
22.3590952130889	12.4989542218062	39
22.3668374593205	12.5067617688769	39
22.3747013860297	12.5144467428317	39
22.3826850529102	12.5220072475182	39
22.3907864901116	12.5294414174949	39
22.3990036987257	12.5367474184918	39
22.407334651279	12.5439234478623	39
22.4157772922338	12.5509677350286	39
22.4243295384946	12.5578785419183	39
22.4329892799228	12.5646541633931	39
22.4417543798566	12.5712929276699	39
22.4506226756389	12.5777931967329	39
22.4595919791503	12.5841533667379	39
22.4686600773494	12.5903718684083	39
22.4778247328187	12.5964471674216	39
22.4870836843165	12.6023777647889	39
22.4964346473352	12.608162197224	39
22.5058753146645	12.6137990375047	39
22.515403356961	12.6192868948251	39
22.5250164233229	12.6246244151383	39
22.5347121418698	12.6298102814913	39
22.5444881203284	12.634843214349	39
22.5543419466222	12.6397219719106	39
22.564271189467	12.6444453504156	39
22.5742733989707	12.6490121844412	39
22.5843461072377	12.6534213471892	39
22.5944868289782	12.6576717507649	39
22.6046930621206	12.6617623464446	39
22.6149622884297	12.6656921249352	39
22.6252919741275	12.6694601166226	39
22.6356795705187	12.6730653918113	39
22.6461225146194	12.6765070609534	39
22.6566182297892	12.6797842748687	39
22.6671641263675	12.6828962249537	39
22.6777576023122	12.6858421433812	39
22.6883960438416	12.68862130329	39
22.6990768260794	12.6912330189639	39
22.7097973137024	12.6936766460012	39
22.7205548615908	12.6959515814734	39
22.7313468154804	12.6980572640744	39
22.7421705126183	12.6999931742583	39
22.7530232824191	12.7017588343683	39
22.7639024471242	12.7033538087543	39
22.7748053224625	12.7047777038802	39
22.7857292183127	12.706030168421	39
22.796671439367	12.7071108933501	39
22.807629285796	12.7080196120146	39
22.8186000539151	12.7087561002018	39
22.8295810368514	12.7093201761943	39
22.8405695252116	12.7097117008147	39
22.8515628077508	12.7099305774603	39
22.862558172041	12.7099767521265	39
22.8735529051404	12.7098502134203	39
22.8845442942634	12.7095509925634	39
22.8955296274489	12.709079163384	39
22.9065061942306	12.7084348422988	39
22.9174712863047	12.7076181882845	39
22.9284221981988	12.7066294028382	39
22.9393562279394	12.7054687299279	39
22.9502706777182	12.7041364559323	39
22.961162854558	12.7026329095702	39
22.9720300709772	12.7009584618189	39
22.9828696456527	12.6991135258235	39
22.9936789040816	12.6970985567944	39
23.0044551792413	12.6949140518949	39
23.015195812247	12.692560550119	39
23.0258981530083	12.6900386321581	39
23.0365595608827	12.6873489202576	39
23.0471774053274	12.6844920780636	39
23.0577490665481	12.6814688104594	39
23.0682719361457	12.6782798633909	39
23.0787434177594	12.674926023683	39
23.0891609277079	12.6714081188456	39
23.0995218956265	12.6677270168691	39
23.1098237651015	12.6638836260102	39
23.1200639943005	12.6598788945681	39
23.1302400566004	12.6557138106504	39
23.1403494412101	12.6513894019293	39
23.15038965379	12.6469067353879	39
23.1603582170681	12.642266917057	39
23.1702526714505	12.6374710917425	39
23.1800705756286	12.6325204427424	39
23.1898095071815	12.6274161915553	39
23.1994670631736	12.6221595975789	39
23.2090408607473	12.616751957799	39
23.2185285377115	12.6111946064698	39
23.2279277531238	12.6054889147846	39
23.2372361878684	12.5996362905375	39
23.2464515452283	12.5936381777759	39
23.2555715514521	12.5874960564444	39
23.2645939563146	12.5812114420195	39
23.2735165336725	12.5747858851359	39
23.2823370820133	12.5682209712034	39
23.2910534249986	12.5615183200164	39
23.2996634120013	12.5546795853538	39
23.308164918636	12.547706454571	39
23.316555847283	12.5406006481837	39
23.3248341276062	12.5333639194433	39
23.332997717064	12.5259980539043	39
23.3410446014127	12.5185048689839	39
23.348972795204	12.5108862135133	39
23.3567803422747	12.5031439672817	39
23.3644653162295	12.4952800405725	39
23.3720258209159	12.487296373692	39
23.3794599908927	12.4791949364906	39
23.3867659918896	12.4709777278765	39
23.3939420212601	12.4626467753232	39
23.4009863084264	12.4542041343685	39
23.4078971153161	12.4456518881076	39
23.4146727367909	12.4369921466795	39
23.4213115010677	12.4282270467456	39
23.4278117701307	12.4193587509634	39
23.4341719401357	12.410389447452	39
23.440390441806	12.4013213492528	39
23.4464657408194	12.3921566937836	39
23.4523963381867	12.3828977422857	39
23.4581807706218	12.3735467792671	39
23.4638176109025	12.3641061119378	39
23.4693054682228	12.3545780696412	39
23.4746429885361	12.3449650032793	39
23.4798288548891	12.3352692847324	39
23.4848617877468	12.3254933062738	39
23.4897405453084	12.31563947998	39
23.4944639238134	12.3057102371353	39
23.4990307578389	12.2957080276316	39
23.503439920587	12.2856353193645	39
23.5076903241627	12.2754945976241	39
23.5117809198424	12.2652883644816	39
23.515710698333	12.2550191381725	39
23.5194786900204	12.2446894524747	39
23.523083965209	12.2343018560835	39
23.5265256343512	12.2238589119829	39
23.5298028482665	12.213363196813	39
23.5329147983515	12.2028173002347	39
23.535860716779	12.19222382429	39
23.5386398766878	12.1815853827606	39
23.5412515923617	12.1709046005228	39
23.543695219399	12.1601841128998	39
23.5459701548712	12.1494265650115	39
23.5480758374721	12.1386346111218	39
23.5500117476561	12.1278109139839	39
23.5517774077661	12.1169581441832	39
23.5533723821521	12.1060789794781	39
23.5547962772779	12.0951761041397	39
23.5560487418188	12.0842522082895	39
23.5571294667479	12.0733099872352	39
23.5580381854123	12.0623521408062	39
23.5587746735996	12.0513813726872	39
23.559338749592	12.0404003897509	39
23.5597302742125	12.0294119013906	39
23.5599491508581	12.0184186188514	39
23.5599953255243	12.0074232545612	39
23.5598687868181	11.9964285214618	39
23.5595695659612	11.9854371323389	39
23.5590977367817	11.9744517991533	39
23.5584534156966	11.9634752323716	39
23.5576367616822	11.9525101402975	39
23.5566479762359	11.9415592284034	39
23.5554873033257	11.9306251986628	39
23.5541550293301	11.919710748884	39
23.5526514829679	11.9088185720442	39
23.5509770352167	11.8979513556251	39
23.5491320992213	11.8871117809496	39
23.5471171301922	11.8763025225206	39
23.5449326252927	11.8655262473609	39
23.5425791235168	11.8547856143552	39
23.5400572055559	11.8440832735939	39
23.5373674936553	11.8334218657195	39
23.5345106514614	11.8228040212748	39
23.5314873838572	11.8122323600541	39
23.5282984367886	11.8017094904566	39
23.5249445970808	11.7912380088428	39
23.5214266922434	11.7808204988943	39
23.5177455902668	11.7704595309757	39
23.5139021994079	11.7601576615008	39
23.5098974679659	11.7499174323017	39
23.5057795400005	11.7398540756791	39
23.5016396215478	11.7299569859365	39
23.497038167462	11.7189565270781	39
23.492750734147	11.7087067834575	39
23.4869576987967	11.6948576809169	39
23.4820983429133	11.6832406823182	39
23.4763217813269	11.6694309774435	39
23.4695214294947	11.6531737651024	39
23.4615876119138	11.634206856123	39
23.4571606969438	11.6236236990656	39
23.4524082214445	11.6122622497397	39
23.4473159002502	11.6000883586143	39
23.4418693786338	11.5870677099825	39
23.43605425291	11.5731658712235	39
23.4298560910392	11.5583483420648	39
23.4232604532317	11.5425806038442	39
23.4162529125513	11.5258281687721	39
23.4088190755193	11.5080566291936	39
23.4009446027183	11.4892317068505	39
23.3926152293958	11.4693193021436	39
23.3838167860685	11.4482855433949	39
23.374535219126	11.4260968361095	39
23.3647566114345	11.4027199122378	39
23.3544672029407	11.3781218794378	39
23.343653411276	11.3522702703372	39
23.3323018523598	11.3251330917954	39
23.3203993610039	11.2966788741657	39
23.3079330115158	11.2668767205576	39
23.2948901383031	11.2356963560986	39
23.281258356477	11.2031081771966	39
23.2670255824564	11.169083300802	39
23.2521800545715	11.1335936136699	39
23.2367103536678	11.096611821622	39
23.22060542371	11.0581114988091	39
23.2038545923859	11.0180671369727	39
23.1864475917099	10.9764541947078	39
23.1683745786274	10.9332491467245	39
23.1496261556182	10.8884295331104	39
23.1301933913006	10.8419740085928	39
23.1100678410352	10.7938623918006	39
23.0892415675287	10.7440757145265	39
23.0677071614379	10.6925962709893	39
23.0454577619734	10.6394076670961	39
23.0224870775034	10.584494869704	39
22.9987894061581	10.5278442558826	39
22.9743596564326	10.4694436621761	39
22.9491933677917	10.4092824338655	39
22.9232867312732	10.3473514742304	39
22.8966366100919	10.2836432938115	39
22.8692405601441	10.2181520594349	39
22.8410968457215	10.1508736317799	39
22.8122044378617	10.0818055614213	39
22.7825630030443	10.0109470617841	39
22.7521728912629	9.93829898060351	39
22.7210351240963	9.86386377138583	39
22.6891513827803	9.78764546486841	39
22.6565239962793	9.70964964048014	39
22.6231559293579	9.62988339780183	39
22.5890507706524	9.54835532802642	39
22.5542127207424	9.46507548541953	39
22.5186465802224	9.38005535877969	39
22.4823577377735	9.29330784289871	39
22.445352158235	9.20484721002203	39
22.4076363706757	9.11468908130912	39
22.3692174564658	9.02285039829378	39
22.3301030373483	8.92934939434445	39
22.2903012635109	8.83420556612468	39
22.2498208016572	8.73743964505341	39
22.2086708230784	8.63907356876535	39
22.166860991725	8.53913045257121	39
22.1244014522786	8.43763456091833	39
22.0813028182229	8.33461127885077	39
22.0375761599158	8.23008708346966	39
21.9932329926607	8.12408951539379	39
21.9482852647784	8.01664715021975	39
21.9027453456783	7.90778956998237	39
21.8566260139304	7.79754733461498	39
21.8099404453366	7.68595195340992	39
21.7627022010023	7.57303585647875	39
21.7149252154081	7.45883236621268	39
21.6666237844816	7.34337566874289	39
21.6178125536683	7.22670078540089	39
21.5685065060042	7.10884354417891	39
21.5187209501864	6.98984055119009	39
21.4684715086452	6.86972916212909	39
21.4177741056159	6.74854745373226	39
21.3666449552098	6.62633419523802	39
21.3151005494863	6.5031288198473	39
21.2631576465242	6.37897139618367	39
21.2108332584935	6.2539025997541	39
21.1581446397267	6.12796368440878	39
21.1051092747907	6.00119645380194	39
21.0517448665584	5.87364323285193	39
20.9980693242798	5.74534683920169	39
20.9441007516543	5.61635055467911	39
20.8898574349017	5.48669809675717	39
20.8353578308342	5.35643359001465	39
20.7806205549278	5.22560153759619	39
20.7256643693938	5.09424679267278	39
20.6705081712507	4.96241452990208	39
20.6151709803954	4.83015021688874	39
20.5596719276751	4.69749958564486	39
20.5040302429587	4.56450860405011	39
20.4482652432087	4.43122344731238	39
20.3923963205523	4.29769046942793	39
20.3364429303535	4.16395617464185	39
20.2804245792841	4.03006718890824	39
20.2243608133961	3.89607023135076	39
20.1682712061925	3.76201208572304	39
20.1121753466994	3.62793957186874	39
20.0560928275389	3.4938995171927	39
20.0000432330102	3.3599387281794	39
19.9440461271752	3.22610396194609	39
19.8881210419452	3.09244189779861	39
19.8322874651675	2.95899910878764	39
19.7765648287119	2.82582203326465	39
19.7209724965571	2.69295694643792	39
19.6655297528773	2.56044993192858	39
19.6102557901287	2.42834685332667	39
19.5551696971362	2.29669332574719	39
19.5002904471796	2.16553468738597	39
19.4456368860802	2.034915971076	39
19.3912277202876	1.90488187584323	39
19.3370815049659	1.77547673846269	39
19.2832166320805	1.64674450501456	39
19.2296513184842	1.51872870244005	39
19.1764035940042	1.39147241009764	39
19.1234912895284	1.26501823131901	39
19.0709320250917	1.13940826496508	39
19.018743197963	1.01468407698204	39
18.9669419707314	0.890886671957404	39
18.9155452593928	0.768056464676086	39
18.8645697214363	0.646233251676264	39
18.8140317439309	0.525456182805655	39
18.763947431612	0.405763732777402	39
18.7143325949679	0.287193672726175	39
18.6652027383261	0.169783041764031	39
18.6165730479402	0.053568118536802	39
18.5684583800762	-0.0614156072201837	39
18.5208732490991	-0.175133463126031	39
18.4738318155592	-0.287551622598063	39
18.427347874279	-0.398637133295953	39
18.3814348424395	-0.508357945565578	39
18.3361057476664	-0.616682940883155	39
18.2913732161176	-0.723581960298972	39
18.2472494605684	-0.82902583288152	39
18.2037462684992	-0.93298640416139	39
18.1608749901814	-1.03543656457528	39
18.1186465267638	-1.13635027790991	39
18.0770713183597	-1.23570260974599	39
18.036159332133	-1.33346975590231	39
17.9959200503846	-1.42962907087949	39
17.9563624586394	-1.52415909630411	39
17.9174950337324	-1.6170395893726	39
17.8793257318954	-1.7082515512952	39
17.8418619768434	-1.79777725574008	39
17.8051106478616	-1.88560027727694	39
17.769078067891	-1.97170551982146	39
17.7337699916157	-2.05607924507887	39
17.6991915935493	-2.13870910098807	39
17.6653474561211	-2.21958415016562	39
17.6322415577629	-2.29869489834962	39
17.5998772609954	-2.37603332284383	39
17.5682573005149	-2.4515929009614	39
17.5373837712794	-2.52536863846903	39
17.5072581165957	-2.59735709803085	39
17.4778811162054	-2.66755642765241	39
17.4492528743719	-2.73596638912462	39
17.4213728079663	-2.80258838646775	39
17.394239634569	-2.86742549434096	39
17.3678513629547	-2.93048248075624	39
17.3422052985142	-2.99176579411574	39
17.3172980621504	-3.05128351806393	39
17.2931256108451	-3.10904532235025	39
17.2696832582294	-3.16506241368059	39
17.2469656951554	-3.21934748656879	39
17.2249670102667	-3.2719146741883	39
17.20368071057	-3.32277949922352	39
17.1830997420055	-3.37195882472145	39
17.1632165100186	-3.41947080494309	39
17.1440229001303	-3.46533483621513	39
17.1255102985088	-3.50957150778127	39
17.1076696125403	-3.5522025526539	39
17.0904912914	-3.5932507984655	39
17.0739653466233	-3.63274011832028	39
17.0580813726765	-3.67069538164557	39
17.0428285675283	-3.70714240504343	39
17.0281957532207	-3.74210790314215	39
17.0141713964399	-3.77561943944774	39
17.0007436290873	-3.8077053771955	39
16.9879002688509	-3.83839483020146	39
16.975628839776	-3.86771761371399	39
16.9639165928364	-3.89570419526526	39
16.9527505265053	-3.92238564552277	39
16.9421174073266	-3.94779358914089	39
16.9320037904856	-3.97196015561235	39
16.9223960403806	-3.99491793011977	39
16.9132803511933	-4.0166999043872	39
16.9046427674601	-4.0373394275316	39
16.8964692046433	-4.0568701569144	39
16.888745469702	-4.07532600899297	39
16.8814572816632	-4.09274111017221	39
16.8745902921928	-4.10914974765599	39
16.8681301061665	-4.12458632029873	39
16.8620623022412	-4.13908528945686	39
16.8563724534257	-4.15268112984042	39
16.8510461476521	-4.16540828036451	39
16.8460690083464	-4.17730109500083	39
16.8414267149999	-4.1883937936292	39
16.83710502374	-4.19872041288911	39
16.8330897879015	-4.20831475703116	39
16.8259227052906	-4.22544038012915	39
16.8198150196901	-4.24003458150908	39
16.8146591554865	-4.25235441603266	39
16.8103510672026	-4.26264850208598	39
16.8052613845571	-4.2748101863774	39
16.8005528228817	-4.28606118705813	39
16.7966331310895	-4.29542720024245	39
16.7927268127307	-4.30476125788879	39
16.7886380022746	-4.31452901406114	39
16.7846400019476	-4.32406657703752	39
16.7806310551831	-4.33361164344256	39
16.7765804848057	-4.34323589287623	39
16.7716622827451	-4.3548950840288	39
16.7673353126477	-4.36512937716972	39
16.7624053370818	-4.3767644071148	39
16.7568204074117	-4.38991375473429	39
16.7527069629519	-4.39957812689869	39
16.7482626072017	-4.41000119242301	39
16.7434709675647	-4.42121761595306	39
16.7383154472857	-4.43326220196363	39
16.7327792408776	-4.44616984105412	39
16.7268453495493	-4.45997545624422	39
16.7204965966329	-4.47471394926951	39
16.7137156430112	-4.49042014687709	39
16.7064850025451	-4.50712874712121	39
16.6987870575012	-4.52487426565895	39
16.6947573080346	-4.53414659234021	39
16.6906040739791	-4.54369098204577	39
16.686325122977	-4.55351167401833	39
16.6819182173388	-4.56361288603118	39
16.677381114525	-4.57399881270997	39
16.6727115676284	-4.5846736238544	39
16.667907325856	-4.59564146276004	39
16.6629661350113	-4.60690644453996	39
16.6578857379764	-4.61847265444657	39
16.6526638751938	-4.63034414619331	39
16.6472982851491	-4.64252494027638	39
16.6417867048525	-4.6550190222965	39
16.6361268703212	-4.66783034128066	39
16.6303165170615	-4.6809628080038	39
16.624353380551	-4.69442029331062	39
16.6182351967205	-4.70820662643728	39
16.611959702436	-4.72232559333316	39
16.6055246359814	-4.73678093498253	39
16.5989277375399	-4.75157634572642	39
16.5921667496765	-4.76671547158421	39
16.5852394178202	-4.78220190857549	39
16.5781434907456	-4.79803920104172	39
16.5708767210556	-4.81423083996801	39
16.5634368656632	-4.83078026130483	39
16.5558216862736	-4.84769084428978	39
16.5480289498665	-4.86496590976931	39
16.5400564291778	-4.88260871852043	39
16.5319019031824	-4.90062246957254	39
16.5235631575756	-4.91901029852904	39
16.5150379852554	-4.93777527588918	39
16.506324186805	-4.95692040536974	39
16.4974195709744	-4.97644862222678	39
16.4883219551629	-4.99636279157739	39
16.4790291659008	-5.0166657067214	39
16.4695390393319	-5.03736008746317	39
16.4598494216955	-5.05844857843326	39
16.4499581698082	-5.07993374741024	39
16.4398631515465	-5.10181808364236	39
16.4295622463286	-5.12410399616936	39
16.4190533455966	-5.14679381214413	39
16.4083343532984	-5.16988977515452	39
16.3974031863703	-5.19339404354503	39
16.3862577752185	-5.21730868873858	39
16.3748960642017	-5.24163569355821	39
16.363316012113	-5.26637695054886	39
16.3515155926619	-5.29153426029912	39
16.3394927949566	-5.31710932976288	39
16.3272456239861	-5.34310377058116	39
16.3147721011022	-5.36951909740383	39
16.3020702645016	-5.39635672621131	39
16.2891381697081	-5.42361797263635	39
16.2759738900547	-5.45130405028574	39
16.2625755171656	-5.47941606906206	39
16.2489411614385	-5.50795503348546	39
16.2350689525265	-5.53692184101528	39
16.2209570398203	-5.56631728037193	39
16.2066035929304	-5.59614202985856	39
16.1920068021689	-5.62639665568276	39
16.1771648790321	-5.65708161027839	39
16.1620760566822	-5.68819723062724	39
16.1467385904295	-5.7197437365808	39
16.1311507582146	-5.75172122918202	39
16.1153108610904	-5.78412968898701	39
16.0992172237043	-5.81696897438679	39
16.0828681947803	-5.85023881992903	39
16.0662621476011	-5.8839388346398	39
16.04939748049	-5.91806850034531	39
16.0322726172934	-5.95262716999361	39
16.0148860078626	-5.98761406597638	39
15.9972361285361	-6.02302827845062	39
15.9793214826215	-6.05886876366047	39
15.9611406008777	-6.0951343422588	39
15.9426920419972	-6.13182369762913	39
15.9239743930879	-6.16893537420723	39
15.9049862701554	-6.2064677758029	39
15.8857263185851	-6.24441916392176	39
15.8661932136241	-6.28278765608703	39
15.8463856608486	-6.32157122429128	39
15.8263023964753	-6.36076769480383	39
15.8059421874616	-6.40037474981336	39
15.785303831564	-6.44038992944011	39
15.7643861573953	-6.48081063375236	39
15.7431880244822	-6.52163412478278	39
15.721708323323	-6.56285752854478	39
15.6999459754451	-6.60447783704885	39
15.6778999334621	-6.64649191031898	39
15.6555691811322	-6.68889647840901	39
15.6329527334148	-6.73168814341896	39
15.6100496365288	-6.77486338151145	39
15.5868589680094	-6.81841854492804	39
15.5633798367665	-6.8623498640056	39
15.5396113831414	-6.90665344919266	39
15.5155527789649	-6.9513252930658	39
15.4912032276145	-6.99636127234601	39
15.4665619640721	-7.04175714991509	39
15.4416282549816	-7.08750857683193	39
15.4164013987062	-7.13361109434894	39
15.3908807253863	-7.18006013592844	39
15.3650655969964	-7.22685102925895	39
15.3389554074035	-7.27397899827163	39
15.3125495824238	-7.32143916515661	39
15.2858475798808	-7.36922655237935	39
15.2588488896626	-7.41733608469703	39
15.2315530337796	-7.4657625911749	39
15.2039595664215	-7.51450080720268	39
15.1760680740158	-7.56354537651085	39
15.1478781752844	-7.6128908531871	39
15.1193895213016	-7.66253170369266	39
15.0906017955516	-7.71246230887867	39
15.0615147139859	-7.76267696600254	39
15.032128025081	-7.81316989074432	39
15.0024415098957	-7.86393521922307	39
14.9724549821291	-7.91496701001325	39
14.9421682881774	-7.96625924616103	39
14.9115813071922	-8.01780583720072	39
14.8806939511375	-8.06960062117106	39
14.8495061648474	-8.12163736663171	39
14.8180179260837	-8.17390977467945	39
14.7862292455935	-8.22641148096471	39
14.7541401671666	-8.27913605770782	39
14.7217507676927	-8.33207701571544	39
14.6890611572198	-8.3852278063969	39
14.656071479011	-8.43858182378056	39
14.6227819096021	-8.49213240653024	39
14.5891926588596	-8.54587283996146	39
14.5553039700377	-8.59979635805795	39
14.5211161198361	-8.65389614548792	39
14.4866294184576	-8.70816533962045	39
14.4518442096655	-8.76259703254188	39
14.416760870841	-8.81718427307216	39
14.3813798130411	-8.87192006878121	39
14.3457014810559	-8.9267973880053	39
14.309726353466	-8.98180916186339	39
14.2734549427003	-9.03694828627355	39
14.2368877950937	-9.09220762396926	39
14.2000254909439	-9.14758000651583	39
14.1628686445696	-9.20305823632676	39
14.1254179043681	-9.25863508868005	39
14.0876739528721	-9.31430331373466	39
14.049637506808	-9.3700556385468	39
14.0113093171532	-9.42588476908632	39
13.9726901691933	-9.48178339225309	39
13.9337808825802	-9.53774417789336	39
13.8945823113891	-9.59375978081612	39
13.8550953441764	-9.64982284280947	39
13.8153209040371	-9.70592599465699	39
13.7752599486624	-9.76206185815408	39
13.734913470397	-9.8182230481244	39
13.694282496297	-9.87440217443615	39
13.6533680881872	-9.93059184401848	39
13.6121713427186	-9.98678466287785	39
13.5706933914262	-10.0429732381144	39
13.528935400786	-10.0991501799383	39
13.4868985722733	-10.1553081036862	39
13.4445841424195	-10.2114396318375	39
13.4019933828701	-10.2675373960305	39
13.3591276004422	-10.3235940390795	39
13.3159881371816	-10.3796022169903	39
13.272576370421	-10.435554600977	39
13.2288937128369	-10.4914438794784	39
13.1849416125076	-10.5472627601742	39
13.1407215529705	-10.6030039720016	39
13.0962350532797	-10.6586602671713	39
13.0514836680636	-10.7142244231841	39
13.0064689875822	-10.7696892448475	39
12.9611926377849	-10.8250475662915	39
12.9156562803679	-10.8802922529854	39
12.8698616128318	-10.9354162037541	39
12.823810368539	-10.9904123527943	39
12.7775043167715	-11.0452736716911	39
12.7309452627882	-11.0999931714342	39
12.6841350478823	-11.1545639044342	39
12.6370755494392	-11.2089789665392	39
12.5897686809941	-11.2632314990511	39
12.5422163922888	-11.3173146907417	39
12.4944206693301	-11.3712217798695	39
12.4463835344469	-11.4249460561957	39
12.3981070463478	-11.4784808630008	39
12.3495933001785	-11.5318195991008	39
12.3008444275797	-11.5849557208637	39
12.2518625967442	-11.6378827442257	39
12.2026500124748	-11.6905942467079	39
12.1532089162417	-11.7430838694323	39
12.1035415862397	-11.7953453191383	39
12.0536503374464	-11.8473723701991	39
12.0035375216792	-11.8991588666381	39
11.953205527653	-11.9506987241451	39
11.902656781038	-12.0019859320929	39
11.8518937445166	-12.0530145555534	39
11.8009189178415	-12.1037787373142	39
11.749734837893	-12.154272699895	39
11.6983440787368	-12.2044907475636	39
11.646749251681	-12.2544272683527	39
11.5949530053342	-12.3040767360759	39
11.5429580256625	-12.3534337123445	39
11.4907670360477	-12.4024928485834	39
11.4383827973441	-12.4512488880477	39
11.3858081079365	-12.4996966678392	39
11.3330458037979	-12.5478311209224	39
11.2800987585463	-12.5956472781413	39
11.2269698835029	-12.6431402702353	39
11.1736621277496	-12.6903053298559	39
11.120178478186	-12.7371377935832	39
11.0665219595876	-12.7836331039417	39
11.0126956346629	-12.8297868114173	39
10.9587026041111	-12.8755945764731	39
10.9045460066794	-12.9210521715663	39
10.8502290192211	-12.9661554831642	39
10.7957548567524	-13.0109005137607	39
10.7411267725105	-13.0552833838926	39
10.686348058011	-13.099300334156	39
10.6314220431051	-13.1429477272228	39
10.5763520960377	-13.1862220498568	39
10.5211416235043	-13.2291199149304	39
10.4657940707092	-13.2716380634406	39
10.4103129214225	-13.3137733665255	39
10.354701698037	-13.3555228274773	39
10.2989639615328	-13.3968835834179	39
10.2431033109898	-13.4378529053088	39
10.1871233827648	-13.4784281967326	39
10.1310278496382	-13.5186069925559	39
10.0748204199595	-13.558386957594	39
10.0185048367932	-13.5977658852737	39
9.96208487706492	-13.6367416962975	39
9.90556435070712	-13.675312437307	39
9.84894709980519	-13.7134762795469	39
9.79223699774324	-13.751231517528	39
9.73543794835008	-13.7885765676918	39
9.67855388504511	-13.8255099670731	39
9.62158876998427	-13.8620303719648	39
9.56454659320589	-13.8981365565805	39
9.50743137177671	-13.9338274117189	39
9.45024714893768	-13.9691019434273	39
9.39299799324998	-14.003959271665	39
9.33568799774089	-14.0383986289672	39
9.27832127904969	-14.0724193591087	39
9.2209019765736	-14.1060209157674	39
9.16343425161372	-14.1392028611881	39
9.1059222865209	-14.1719648648461	39
9.04837028384168	-14.2043067021109	39
8.99078246546423	-14.2362282529099	39
8.93316307176421	-14.2677295003919	39
8.87551636075076	-14.2988105295909	39
8.81784660721234	-14.3294715260898	39
8.76015810186273	-14.3597127746841	39
8.70245515048685	-14.3895346580453	39
8.64474207308678	-14.4189376553849	39
8.5870232030276	-14.4479223411179	39
8.52930288618334	-14.4764893835262	39
8.4715854800829	-14.504639543423	39
8.41387535305596	-14.5323736728157	39
8.35617688337888	-14.55969271357	39
8.29849445842065	-14.5865976960733	39
8.2408324737888	-14.6130897378988	39
8.18319533247527	-14.6391700424685	39
8.12558744400242	-14.6648398977176	39
8.06801322356884	-14.6901006747575	39
8.01047709119536	-14.71495382654	39
7.95298347087091	-14.7394008865207	39
7.89553678969846	-14.7634434673225	39
7.83814147704092	-14.7870832593999	39
7.78080196366709	-14.8103220297017	39
7.72352268089754	-14.8331616203356	39
7.66630805975054	-14.8556039472314	39
7.60916253008802	-14.8776509988047	39
7.55209051976139	-14.8993048346205	39
7.49509645375755	-14.920567584057	39
7.43818475334478	-14.9414414449695	39
7.38135983521862	-14.9619286823534	39
7.32462611064785	-14.9820316270086	39
7.26798798462035	-15.0017526742026	39
7.21144985498905	-15.0210942823345	39
7.15501611161784	-15.0400589715987	39
7.09869113552749	-15.0586493226481	39
7.04247929804157	-15.0768679752584	39
6.98638495993232	-15.0947176269913	39
6.93041247056667	-15.1122010318584	39
6.87456616705204	-15.1293209989848	39
6.81885037338234	-15.1460803912728	39
6.76326939958387	-15.1624821240653	39
6.7078275408612	-15.17852916381	39
6.65252907674313	-15.1942245267226	39
6.59737827022858	-15.2095712774506	39
6.54237936693255	-15.2245725277371	39
6.48753659423196	-15.2392314350843	39
6.43285416041164	-15.2535512014171	39
6.37833625381022	-15.2675350717472	39
6.32398704196604	-15.2811863328361	39
6.26981067076309	-15.2945083118594	39
6.21581126357688	-15.30750437507	39
6.16199292042043	-15.3201779264622	39
6.10835971709013	-15.3325324064347	39
6.05491570431164	-15.3445712904552	39
6.00166490688591	-15.3562980877232	39
5.94861132283496	-15.367716339834	39
5.89575892254792	-15.3788296194427	39
5.84311164792685	-15.3896415289272	39
5.79067341153272	-15.4001556990524	39
5.73844809573132	-15.4103757876337	39
5.68643955183914	-15.4203054782006	39
5.63465159926932	-15.4299484786604	39
5.58308802467757	-15.4393085199618	39
5.53175258110807	-15.448389354759	39
5.48064898713938	-15.4571947560745	39
5.42978092603038	-15.4657285159637	39
5.37915204486619	-15.4739944441779	39
5.32876595370407	-15.4819963668284	39
5.27862622471932	-15.4897381250497	39
5.22873639135125	-15.4972235736638	39
5.17909994744906	-15.5044565798433	39
5.12972034641775	-15.5114410217752	39
5.08060100036405	-15.5181807873249	39
5.03174527924237	-15.5246797726994	39
4.98315651000065	-15.5309418811111	39
4.93483797572634	-15.5369710214419	39
4.88679291479227	-15.5427711069061	39
4.83902452000259	-15.5483460537147	39
4.79153593773871	-15.5536997797389	39
4.74433026710515	-15.5588362031734	39
4.69741055907555	-15.5637592412008	39
4.65077981563849	-15.5684728086544	39
4.60444098894348	-15.5729808166827	39
4.55839698044684	-15.5772871714123	39
4.51265064005764	-15.5813957726122	39
4.46720476528359	-15.5853105123571	39
4.422062100377	-15.5890352736912	39
4.37722533548062	-15.5925739292917	39
4.33269710577367	-15.5959303401329	39
4.28847999061764	-15.5991083541493	39
4.2445765127023	-15.6021118048996	39
4.20098913719157	-15.6049445102303	39
4.15772027086942	-15.6076102709394	39
4.11477226128585	-15.61011286944	39
4.07214739590275	-15.612456068424	39
4.02984790123984	-15.6146436095258	39
3.9878759420206	-15.6166792119858	39
3.94623362031815	-15.6185665713144	39
3.90492297470121	-15.6203093579552	39
3.86394597937998	-15.6219112159492	39
3.82330454335208	-15.623375761598	39
3.78300050954848	-15.6247065821278	39
3.74303565397937	-15.6259072343527	39
3.70341168488012	-15.6269812433389	39
3.66413024185718	-15.6279321010678	39
3.625192895034	-15.6287632651001	39
3.58660114419696	-15.6294781572391	39
3.54835641794126	-15.6300801621947	39
3.51046007281686	-15.630572626247	39
3.47291339247438	-15.6309588559096	39
3.43571758681104	-15.6312421165938	39
3.39887379111656	-15.6314256312719	39
3.36238306521907	-15.6315125791411	39
3.32624639263104	-15.631506094287	39
3.29046467969523	-15.6314092643472	39
3.25503875473052	-15.6312251291753	39
3.21996936717792	-15.6309566795041	39
3.18525718676071	-15.6306068556242	39
3.15090280301944	-15.6301785464384	39
3.11690672580368	-15.6296745894807	39
3.08326938614288	-15.6290977713147	39
3.04999113713187	-15.6284508279485	39
3.0170722548165	-15.6277364452488	39
2.98451293907911	-15.6269572593548	39
2.95231331452412	-15.6261158570932	39
2.92047343136359	-15.6252147763914	39
2.88899326630275	-15.6242565066929	39
2.85787272342556	-15.6232434893703	39
2.8271116350803	-15.6221781181408	39
2.79670976276504	-15.6210627394793	39
2.76666679801328	-15.6198996530336	39
2.73698236327946	-15.6186911120379	39
2.70765601282451	-15.6174393237275	39
2.67868723360142	-15.6161464497528	39
2.65007544614076	-15.6148146065936	39
2.6218200054363	-15.6134458659735	39
2.59392020183048	-15.6120422552739	39
2.56637526190004	-15.6106057579483	39
2.53918434934149	-15.6091383139368	39
2.51234656585675	-15.6076418200798	39
2.48586095203865	-15.6061181305328	39
2.45972648825647	-15.6045690571804	39
2.43394209554156	-15.6029963700503	39
2.40850663647281	-15.6014017977281	39
2.38341891606226	-15.599787027771	39
2.35867768264065	-15.5981537071225	39
2.33428162874293	-15.596503442526	39
2.31022939199387	-15.5948378009398	39
2.28651955599355	-15.593158309951	39
2.26315065120298	-15.5914664581894	39
2.24012115582961	-15.5897636957423	39
2.21742949671287	-15.5880514345684	39
2.19507405020979	-15.5863310489124	39
2.17305314308047	-15.5846038757186	39
2.15136505337369	-15.5828712150458	39
2.13000801131243	-15.581134330481	39
2.10898020017945	-15.5793944495543	39
2.08827975720284	-15.5776527641523	39
2.06790477444153	-15.5759104309331	39
2.0478532996709	-15.57416857174	39
2.02812333726831	-15.5724282740163	39
2.00871284909864	-15.5706905912187	39
1.98961975539985	-15.5689565432324	39
1.97084193566856	-15.567227116785	39
1.95237722954555	-15.5655032658606	39
1.93422343770137	-15.563785912114	39
1.91637832272185	-15.5620759452855	39
1.89883960999367	-15.5603742236143	39
1.88160498858991	-15.5586815742536	39
1.8646721121556	-15.5569987936841	39
1.84803859979331	-15.5553266481288	39
1.83170203694861	-15.5536658739668	39
1.81565997629575	-15.5520171781478	39
1.79990993862308	-15.5503812386063	39
1.78444941371872	-15.5487587046759	39
1.76927586125604	-15.5471501975034	39
1.75438671167923	-15.545556310463	39
1.73977936708886	-15.5439776095708	39
1.72545120212743	-15.5424146338988	39
1.71139956486493	-15.5408678959892	39
1.69762177768438	-15.5393378822687	39
1.68411513816739	-15.5378250534627	39
1.6708769199797	-15.5363298450096	39
1.65790437375676	-15.5348526674748	39
1.64519472798926	-15.5333939069653	39
1.63274518990868	-15.5319539255436	39
1.62055294637288	-15.5305330616423	39
1.60861516475159	-15.5291316304781	39
1.59692899381202	-15.5277499244658	39
1.58549156460439	-15.5263882136332	39
1.57429999134747	-15.5250467460348	39
1.56335137231418	-15.5237257481661	39
1.55264279071706	-15.5224254253781	39
1.54217131559392	-15.5211459622912	39
1.53193400269331	-15.5198875232099	39
1.52192789536013	-15.5186502525366	39
1.50259741407058	-15.516239696999	39
1.48415600406198	-15.5139150685998	39
1.46657965588767	-15.511676848341	39
1.44984424665533	-15.5095252385602	39
1.43392556836463	-15.507460176187	39
1.41879935624496	-15.5054813459982	39
1.4044413170931	-15.5035881938735	39
1.39082715761094	-15.5017799400515	39
1.37793261274311	-15.5000555923852	39
1.36573347401475	-15.4984139595975	39
1.35420561786914	-15.4968536645372	39
1.34332503400542	-15.4953731574345	39
1.33306785371626	-15.4939707291566	39
1.31879917735147	-15.4920093895097	39
1.30580076621771	-15.4902127138699	39
1.29399472220593	-15.4885733224148	39
1.28330458132219	-15.4870833640817	39
1.27065786453026	-15.485314953437	39
1.2596901032577	-15.4837773659323	39
1.24809035431151	-15.4821485609385	39
1.23686449898064	-15.4805710717176	39
1.22687201373921	-15.4791667210936	39
1.21638481875095	-15.4776928419562	39
1.20637285631372	-15.4762857523983	39
