1.20515765865591	27.7943005032775	44.5
1.1921002262679	27.7961983948312	44.5
1.17906126073989	27.7982192636731	44.5
1.16604192026819	27.800362930298	44.5
1.1530433613059	27.802629204293	44.5
1.14006673846019	27.8050178843547	44.5
1.12711320438973	27.8075287583065	44.5
1.11418390970232	27.8101616031183	44.5
1.10128000285266	27.8129161849254	44.5
1.08840263004038	27.81579225905	44.5
1.07555293510818	27.8187895700226	44.5
1.06273205944027	27.8219078516046	44.5
1.04994114186096	27.8251468268123	44.5
1.03718131853351	27.8285062079412	44.5
1.0244537228592	27.8319856965915	44.5
1.01175948537667	27.8355849836951	44.5
0.999099733661496	27.8393037495424	44.5
0.986475592226023	27.8431416638111	44.5
0.973888182419488	27.8470983855955	44.5
0.961338622328412	27.8511735634367	44.5
0.948828026677284	27.8553668353538	44.5
0.93635750672955	27.8596778288761	44.5
0.923928170188894	27.8641061610764	44.5
0.911541121100857	27.8686514386045	44.5
0.899197459754763	27.8733132577226	44.5
0.886898282585984	27.8780912043409	44.5
0.874644682078551	27.8829848540547	44.5
0.862437746668113	27.8879937721816	44.5
0.850278560645255	27.8931175138006	44.5
0.838168204059185	27.8983556237913	44.5
0.826107752621798	27.9037076368746	44.5
0.814098277612126	27.9091730776536	44.5
0.802140845781179	27.9147514606563	44.5
0.790236519257192	27.9204422903785	44.5
0.778386355451278	27.9262450613278	44.5
0.766591406963504	27.9321592580684	44.5
0.754852721489397	27.9381843552674	44.5
0.743171341726873	27.9443198177406	44.5
0.731548305283626	27.9505651005009	44.5
0.719984644584959	27.9569196488061	44.5
0.708481386782077	27.9633828982084	44.5
0.69703955366085	27.9699542746048	44.5
0.685660161551056	27.9766331942875	44.5
0.674344221236097	27.9834190639963	44.5
0.663092737863223	27.9903112809711	44.5
0.651906710854243	27.9973092330051	44.5
0.640787133816756	28.0044122985	44.5
0.629734994455888	28.0116198465203	44.5
0.618751274486562	28.0189312368499	44.5
0.607836949546295	28.0263458200489	44.5
0.596992989108535	28.0338629375111	44.5
0.58622035639655	28.0414819215228	44.5
0.575520008297866	28.0492020953216	44.5
0.56489289527927	28.0570227731571	44.5
0.554339961302389	28.0649432603515	44.5
0.543862143739837	28.0729628533613	44.5
0.533460373291951	28.0810808398398	44.5
0.52313557390413	28.0892964987007	44.5
0.512888662684753	28.0976091001815	44.5
0.502720549823722	28.106017905909	44.5
0.492632138511617	28.1145221689643	44.5
0.48262432485946	28.1231211339497	44.5
0.472697997819128	28.1318140370554	44.5
0.462854039104383	28.1406001061275	44.5
0.453093323112557	28.1494785607365	44.5
0.443416716846881	28.1584486122467	44.5
0.433825079839476	28.1675094638863	44.5
0.424319264074999	28.1766603108181	44.5
0.414900113914972	28.1859003402108	44.5
0.405568466022772	28.1952287313118	44.5
0.396325149289324	28.2046446555193	44.5
0.387170984759465	28.2141472764566	44.5
0.378106785559018	28.2237357500458	44.5
0.369133356822567	28.2334092245834	44.5
0.360251495621938	28.2431668408153	44.5
0.351461990895397	28.2530077320137	44.5
0.342765623377577	28.2629310240537	44.5
0.334163165530124	28.2729358354912	44.5
0.325655381473085	28.2830212776409	44.5
0.317243026917031	28.2931864546556	44.5
0.308926849095936	28.3034304636055	44.5
0.300707586700799	28.3137523945584	44.5
0.29258596981403	28.3241513306608	44.5
0.284562719844602	28.334626348219	44.5
0.276638549463967	28.3451765167814	44.5
0.268814162542757	28.3558008992211	44.5
0.261090254088261	28.3664985518189	44.5
0.253467510182687	28.3772685243475	44.5
0.245946607922224	28.3881098601556	44.5
0.238528215356898	28.3990215962532	44.5
0.231212991431231	28.4100027633968	44.5
0.224001585925709	28.4210523861755	44.5
0.216894639399065	28.4321694830979	44.5
0.209892783131384	28.4433530666794	44.5
0.202996639068025	28.4546021435293	44.5
0.196206819764377	28.4659157144395	44.5
0.189523928331451	28.4772927744733	44.5
0.182948558382305	28.4887323130544	44.5
0.176481293979317	28.5002333140568	44.5
0.170122709582305	28.5117947558953	44.5
0.163873369997502	28.5234156116155	44.5
0.157733830327385	28.535094848986	44.5
0.151704635921365	28.5468314305893	44.5
0.145786322327352	28.5586243139144	44.5
0.13997941524418	28.5704724514492	44.5
0.13428443047491	28.5823747907737	44.5
0.128701873881021	28.5943302746532	44.5
0.123232241337467	28.6063378411325	44.5
0.117876018688636	28.6183964236301	44.5
0.112633681705195	28.6305049510331	44.5
0.107505696041827	28.642662347792	44.5
0.102492517195868	28.6548675340165	44.5
0.0975945904668494	28.6671194255715	44.5
0.092812350916945	28.679416934173	44.5
0.0881462233323225	28.6917589674852	44.5
0.0835966221854134	28.7041444292175	44.5
0.0791639515980986	28.7165722192214	44.5
0.0748486053058095	28.7290412335888	44.5
0.0706509666225552	28.7415503647497	44.5
0.0665714084068756	28.7540985015708	44.5
0.0626102930287189	28.7666845294541	44.5
0.0587679723372567	28.7793073304357	44.5
0.0550447876296305	28.7919657832854	44.5
0.0514410696206324	28.8046587636064	44.5
0.0479571384133337	28.8173851439346	44.5
0.0445933034706494	28.8301437938395	44.5
0.0413498635878478	28.8429335800239	44.5
0.0382271068660136	28.8557533664252	44.5
0.0352253106864557	28.8686020143156	44.5
0.0323447416860667	28.8814783824041	44.5
0.0295856557336409	28.8943813269372	44.5
0.0269482979071465	28.9073097018008	44.5
0.0244329024719545	28.9202623586217	44.5
0.0220396928600322	28.9332381468702	44.5
0.0197688816500947	28.9462359139617	44.5
0.0176206705487241	28.9592545053595	44.5
0.0155952503724512	28.9722927646768	44.5
0.0136928010308077	28.9853495337802	44.5
0.0119134915103438	28.9984236528919	44.5
0.0102574798596196	29.0115139606931	44.5
0.00872491317516499	29.0246192944269	44.5
0.00731592758841448	29.0377384900018	44.5
0.00603064825361477	29.050870382095	44.5
0.00486918933670766	29.064013804256	44.5
0.00383165400519014	29.0771675890099	44.5
0.00291813441894928	29.0903305679616	44.5
0.00212871172207718	29.1035015718991	44.5
0.00146345603566189	29.1166794308978	44.5
0.000922426451560376	29.1298629744239	44.5
0.000505671027148269	29.143051031439	44.5
0.000213226781052178	29.1562424305035	44.5
4.51196898612061e-05	29.1694359998812	44.5
1.36468581879434e-06	29.1826305676428	44.5
8.19656554977843e-05	29.1958249617706	44.5
0.000286915439454027	29.2090180102623	44.5
0.000616195832862321	29.2222085412349	44.5
0.00106977758713445	29.2353953830292	44.5
0.00164762041251598	29.2485773643138	44.5
0.00234967298166655	29.2617533141887	44.5
0.00317587293421751	29.27492206229	44.5
0.00412614688231172	29.2880824388933	44.5
0.00520041041712238	29.3012332750178	44.5
0.0063985681163512	29.3143734025303	44.5
0.0077205135527032	29.3275016542487	44.5
0.00916612930334137	29.3406168640456	44.5
0.0107352869603157	29.3537178669524	44.5
0.0124278471419703	29.3668034992623	44.5
0.0142436595053232	29.3798725986336	44.5
0.0161825627594212	29.3929240041935	44.5
0.0182443846796663	29.4059565566406	44.5
0.0204289421231139	29.4189690983482	44.5
0.0227360410447399	29.4319604734672	44.5
0.0251654765146794	29.4449295280285	44.5
0.027717032736426	29.4578751100457	44.5
0.0303904830660027	29.4707960696173	44.5
0.0331855900320932	29.4836912590291	44.5
0.0361021053571353	29.4965595328557	44.5
0.0391397699793739	29.5093997480626	44.5
0.0422983140758735	29.5222107641076	44.5
0.0455774570864844	29.5349914430424	44.5
0.0489769077387636	29.547740649613	44.5
0.0524963640738492	29.5604572513611	44.5
0.0561355134732786	29.5731401187249	44.5
0.0598940326867607	29.5857881251385	44.5
0.0637715878608871	29.5984001471329	44.5
0.0677678345687862	29.6109750644355	44.5
0.0718824178407191	29.6235117600693	44.5
0.0761149721956089	29.6360091204526	44.5
0.0804651216735039	29.6484660354975	44.5
0.0849324798689752	29.6608813987089	44.5
0.0895166499654372	29.6732541072823	44.5
0.0942172247703952	29.6855830622023	44.5
0.0990337867516162	29.6978671683399	44.5
0.103965908074216	29.7101053345495	44.5
0.109013150638659	29.7222964737667	44.5
0.114175066119678	29.7344395031039	44.5
0.119451196006093	29.746533343947	44.5
0.12484107164154	29.7585769220512	44.5
0.130344214266102	29.7705691676361	44.5
0.135960135058829	29.7825090154813	44.5
0.141688335181166	29.7943954050204	44.5
0.147528305821256	29.8062272804356	44.5
0.153479528239141	29.8180035907512	44.5
0.159541473812834	29.8297232899273	44.5
0.165713604085278	29.8413853369525	44.5
0.171995370812176	29.8529886959362	44.5
0.178386216010683	29.8645323362011	44.5
0.184885572008979	29.8760152323743	44.5
0.191492861496682	29.8874363644785	44.5
0.198207497576137	29.8987947180228	44.5
0.205028883814541	29.9100892840925	44.5
0.211956414296929	29.921319059439	44.5
0.218989473679986	29.9324830465687	44.5
0.226127437246711	29.9435802538316	44.5
0.23336967096191	29.9546096955098	44.5
0.240715531528507	29.9655703919043	44.5
0.248164366444694	29.9764613694228	44.5
0.255715514061882	29.9872816606656	44.5
0.263368303643479	29.998030304512	44.5
0.271122055424464	30.0087063462052	44.5
0.278976080671773	30.0193088374376	44.5
0.286929681745469	30.0298368364344	44.5
0.294982152160717	30.040289408038	44.5
0.303132776650534	30.0506656237905	44.5
0.311380831229325	30.0609645620165	44.5
0.319725583257192	30.0711853079046	44.5
0.328166291505009	30.0813269535892	44.5
0.336702206220264	30.0913885982307	44.5
0.345332569193658	30.1013693480955	44.5
0.354056613826449	30.1112683166358	44.5
0.36287356519855	30.1210846245679	44.5
0.371782640137358	30.1308173999507	44.5
0.380783047287326	30.1404657782627	44.5
0.389873987180249	30.1500289024792	44.5
0.399054652306279	30.1595059231482	44.5
0.408324227185659	30.1688959984659	44.5
0.417681888441149	30.1781982943515	44.5
0.42712680487117	30.1874119845214	44.5
0.436658137523632	30.1965362505623	44.5
0.446275039770459	30.2055702820041	44.5
0.455976657382787	30.214513276392	44.5
0.465762128606844	30.2233644393574	44.5
0.475630584240495	30.2321229846888	44.5
0.485581147710451	30.2407881344017	44.5
0.495612935150129	30.2493591188074	44.5
0.505725055478162	30.2578351765814	44.5
0.515916610477557	30.2662155548313	44.5
0.526186694875468	30.2744995091634	44.5
0.536534396423616	30.282686303749	44.5
0.546958795979319	30.2907752113897	44.5
0.557458967587131	30.2987655135819	44.5
0.568033978561101	30.3066565005809	44.5
0.578682889567606	30.3144474714634	44.5
0.589404754708796	30.3221377341904	44.5
0.600198621606618	30.3297266056684	44.5
0.6110635314874	30.3372134118098	44.5
0.621998519267024	30.3445974875933	44.5
0.63300261363665	30.3518781771225	44.5
0.64407483714899	30.3590548336846	44.5
0.655214206305128	30.3661268198073	44.5
0.666419731641889	30.373093507316	44.5
0.67769041781972	30.3799542773892	44.5
0.689025263711106	30.3867085206137	44.5
0.700423262489498	30.3933556370385	44.5
0.711883401718738	30.3998950362282	44.5
0.723404663442996	30.4063261373158	44.5
0.73498602427719	30.4126483690534	44.5
0.746626455497885	30.4188611698641	44.5
0.758324923134673	30.4249639878909	44.5
0.770080388062019	30.4309562810461	44.5
0.781891806091557	30.4368375170598	44.5
0.793758128064839	30.4426071735264	44.5
0.805678299946539	30.4482647379518	44.5
0.817651262918066	30.4538097077984	44.5
0.829675953471618	30.4592415905298	44.5
0.841751303504655	30.4645599036549	44.5
0.853876240414764	30.4697641747703	44.5
0.866049687194941	30.4748539416026	44.5
0.878270562529257	30.4798287520492	44.5
0.890537780888901	30.4846881642188	44.5
0.902850252628607	30.4894317464702	44.5
0.915206884083446	30.494059077451	44.5
0.927606577665962	30.4985697461349	44.5
0.940048231963676	30.5029633518584	44.5
0.952530741836914	30.5072395043558	44.5
0.965052998516975	30.5113978237946	44.5
0.977613889704614	30.5154379408089	44.5
0.990212299668849	30.5193594965321	44.5
1.00284710934606	30.5231621426289	44.5
1.0155171964394	30.5268455413263	44.5
1.02822143551847	30.5304093654435	44.5
1.04095869811929	30.5338532984211	44.5
1.05372785284457	30.5371770343491	44.5
1.06652776546413	30.5403802779939	44.5
1.07935729901573	30.5434627448251	44.5
1.09221531390603	30.5464241610399	44.5
1.10510066801178	30.5492642635885	44.5
1.11801221678134	30.5519828001963	44.5
1.13094881333629	30.5545795293873	44.5
1.14390930857332	30.5570542205049	44.5
1.1568925512663	30.5594066537328	44.5
1.16989738816855	30.5616366201143	44.5
1.18292266411526	30.5637439215709	44.5
1.1959672221261	30.5657283709198	44.5
1.22516290840443	30.5698842442602	44.5
1.24517024023443	30.5727608734003	44.5
1.2651796541459	30.5756809831741	44.5
1.28519115013884	30.5786445735818	44.5
1.30520472821325	30.5816516446233	44.5
1.32522038836914	30.5847021962986	44.5
1.34523813060649	30.5877962286077	44.5
1.36525795492532	30.5909337415506	44.5
1.38527986132562	30.5941147351274	44.5
1.40530384980739	30.5973392093379	44.5
1.42532992037064	30.6006071641822	44.5
1.44535807301535	30.6039185996604	44.5
1.46538830774154	30.6072735157723	44.5
1.4854206245492	30.6106719125181	44.5
1.50545502343833	30.6141137898977	44.5
1.52549150440893	30.6175991479111	44.5
1.54553006746101	30.6211279865582	44.5
1.56557071259455	30.6247003058392	44.5
1.58561343980957	30.6283161057541	44.5
1.60565824910606	30.6319753863027	44.5
1.62570514048402	30.6356781474851	44.5
1.64575411394346	30.6394243893013	44.5
1.66580516948436	30.6432141117514	44.5
1.68585830710674	30.6470473148352	44.5
1.70591352681059	30.6509239985529	44.5
1.72597082859591	30.6548441629043	44.5
1.74603021246271	30.6588078078896	44.5
1.76609167841097	30.6628149335087	44.5
1.78615522644071	30.6668655397616	44.5
1.80622085655192	30.6709596266483	44.5
1.8262885687446	30.6750971941688	44.5
1.84635836301875	30.6792782423231	44.5
1.86643023937437	30.6835027711112	44.5
1.88650419781147	30.6877707805331	44.5
1.90658023833004	30.6920822705889	44.5
1.92665836093008	30.6964372412784	44.5
1.94673856561159	30.7008356926018	44.5
1.96682085237457	30.7052776245589	44.5
1.98690522121903	30.7097630371499	44.5
2.00699167214495	30.7142919303747	44.5
2.02708020515235	30.7188643042333	44.5
2.04717082024122	30.7234801587257	44.5
2.06726351741157	30.7281394938519	44.5
2.08735829666338	30.7328423096119	44.5
2.10745515799667	30.7375886060057	44.5
2.12755410141142	30.7423783830334	44.5
2.14765512690765	30.7472116406948	44.5
2.16775823448536	30.75208837899	44.5
2.18786342414453	30.7570085979191	44.5
2.20797069588517	30.761972297482	44.5
2.22808004970729	30.7669794776786	44.5
2.24819148561088	30.7720301385091	44.5
2.26830500359594	30.7771242799734	44.5
2.28842060366247	30.7822619020715	44.5
2.30853828581048	30.7874430048034	44.5
2.32865805003996	30.7926675881691	44.5
2.3487798963509	30.7979356521686	44.5
2.36890382474332	30.803247196802	44.5
2.38902983521722	30.8086022220691	44.5
2.40915792777258	30.8140007279701	44.5
2.42928810240942	30.8194427145048	44.5
2.44942035912772	30.8249281816734	44.5
2.4695546979275	30.8304571294758	44.5
2.48969111880875	30.8360295579119	44.5
2.50982962177148	30.8416454669819	44.5
2.52997020681567	30.8473048566857	44.5
2.55011287394134	30.8530077270233	44.5
2.57025762314848	30.8587540779947	44.5
2.59040445443709	30.8645439095999	44.5
2.61055336780717	30.870377221839	44.5
2.63070436325872	30.8762540147118	44.5
2.65085744079175	30.8821742882185	44.5
2.67101260040625	30.8881380423589	44.5
2.69116984210222	30.8941452771332	44.5
2.71132916587966	30.9001959925412	44.5
2.73149057173857	30.9062901885831	44.5
2.75165405967896	30.9124278652588	44.5
2.77181962970081	30.9186090225683	44.5
2.79198728180414	30.9248336605116	44.5
2.81215701598894	30.9311017790887	44.5
2.83232883225521	30.9374133782996	44.5
2.85250273060296	30.9437684581444	44.5
2.87267871103218	30.9501670186229	44.5
2.89285677354286	30.9566090597352	44.5
2.91303691813502	30.9630945814814	44.5
2.93321914480865	30.9696235838614	44.5
2.95340345356376	30.9761960668751	44.5
2.97358984440033	30.9828120305227	44.5
2.99377831731838	30.9894714748041	44.5
3.0139688723179	30.9961743997193	44.5
3.03416150939889	31.0029208052683	44.5
3.05435622856135	31.0097106914511	44.5
3.07455302980529	31.0165440582677	44.5
3.09475191313069	31.0234209057182	44.5
3.11495287853757	31.0303412338024	44.5
3.13515592602592	31.0373050425204	44.5
3.15536105559574	31.0443123318723	44.5
3.17556826724704	31.0513631018579	44.5
3.1957775609798	31.0584573524774	44.5
3.21598893679404	31.0655950837307	44.5
3.23620239468975	31.0727762956178	44.5
3.25641793466693	31.0800009881387	44.5
3.27663555672558	31.0872691612934	44.5
3.29685526086571	31.0945808150819	44.5
3.31707704708731	31.1019359495042	44.5
3.33730091539037	31.1093345645603	44.5
3.35752686577491	31.1167766602503	44.5
3.37775489824093	31.124262236574	44.5
3.39798501278841	31.1317912935316	44.5
3.41821720941737	31.1393638311229	44.5
3.43845148812779	31.1469798493481	44.5
3.45868784891969	31.1546393482071	44.5
3.47892629179307	31.1623423276999	44.5
3.49916681674791	31.1700887878264	44.5
3.51940942378422	31.1778787285868	44.5
3.53965411290201	31.1857121499811	44.5
3.55990088410127	31.1935890520091	44.5
3.580149737382	31.2015094346709	44.5
3.6004006727442	31.2094732979665	44.5
3.62065369018788	31.217480641896	44.5
3.64090878971302	31.2255314664592	44.5
3.66116597131964	31.2336257716563	44.5
3.68142523500773	31.2417635574872	44.5
3.70168658077729	31.2499448239518	44.5
3.72195000862833	31.2581695710503	44.5
3.74221551856083	31.2664377987826	44.5
3.76248311057481	31.2747495071487	44.5
3.78275278467026	31.2831046961486	44.5
3.80302454084718	31.2915033657823	44.5
3.82329837910557	31.2999455160499	44.5
3.84357429944543	31.3084311469512	44.5
3.86385230186677	31.3169602584863	44.5
3.88413238636958	31.3255328506553	44.5
3.90441455295386	31.334148923458	44.5
3.92469880161961	31.3428084768946	44.5
3.94498513236684	31.351511510965	44.5
3.96527354519553	31.3602580256692	44.5
3.9855640401057	31.3690480210072	44.5
4.00585661709734	31.377881496979	44.5
4.02615127617045	31.3867584535846	44.5
4.04644801732503	31.395678890824	44.5
4.06674684056109	31.4046428086972	44.5
4.08704774587861	31.4136502072043	44.5
4.10735073327761	31.4227010863451	44.5
4.12765580275808	31.4317954461197	44.5
4.14796295432002	31.4409332865282	44.5
4.16827218796344	31.4501146075705	44.5
4.18858350368832	31.4593394092465	44.5
4.20889690149468	31.4686076915564	44.5
4.22921238138251	31.4779194545001	44.5
4.24952994335181	31.4872746980776	44.5
4.26984958740259	31.4966734222889	44.5
4.29017131353483	31.506115627134	44.5
4.31049512174855	31.515601312613	44.5
4.33082101204374	31.5251304787257	44.5
4.3511489844204	31.5347031254722	44.5
4.37147903887853	31.5443192528526	44.5
4.39181117541813	31.5539788608667	44.5
4.41214539403921	31.5636819495147	44.5
4.43248169474176	31.5734285187965	44.5
4.45282007752578	31.5832185687121	44.5
4.47316054239127	31.5930520992615	44.5
4.49350308933823	31.6029291104447	44.5
4.51384771836667	31.6128496022617	44.5
4.53419442947657	31.6228135747125	44.5
4.55454322266795	31.6328210277971	44.5
4.5748940979408	31.6428719615155	44.5
4.59524705529513	31.6529663758678	44.5
4.61560209473092	31.6631042708538	44.5
4.63595921624819	31.6732856464737	44.5
4.65631841984692	31.6835105027273	44.5
4.67667970552713	31.6937788396148	44.5
4.69704307328882	31.7040906571361	44.5
4.71740852313197	31.7144459552912	44.5
4.7377760550566	31.7248447340801	44.5
4.75814566906269	31.7352869935028	44.5
4.77851736515026	31.7457727335593	44.5
4.7988911433193	31.7563019542496	44.5
4.81926700356982	31.7668746555738	44.5
4.8396449459018	31.7774908375317	44.5
4.86002497031526	31.7881505001235	44.5
4.88040707681018	31.798853643349	44.5
4.90079126538659	31.8096002672084	44.5
4.92117753604446	31.8203903717016	44.5
4.9415658887838	31.8312239568285	44.5
4.96195632360462	31.8421010225893	44.5
4.9823488405069	31.8530215689839	44.5
5.00274343949066	31.8639855960123	44.5
5.0231401205559	31.8749931036745	44.5
5.0435388837026	31.8860440919706	44.5
5.06393972893077	31.8971385609004	44.5
5.08434265624042	31.908276510464	44.5
5.10474766563154	31.9194579406615	44.5
5.12515475710413	31.9306828514927	44.5
5.14556393065819	31.9419512429578	44.5
5.16597518629372	31.9532631150567	44.5
5.18638852401073	31.9646184677894	44.5
5.20680394380921	31.9760173011558	44.5
5.22722144568916	31.9874596151561	44.5
5.24764102965058	31.9989454097902	44.5
5.26806269569347	32.0104746850582	44.5
5.28848644381784	32.0220474409599	44.5
5.30891227402368	32.0336636774954	44.5
5.32934018631098	32.0453233946647	44.5
5.34977018067977	32.0570265924679	44.5
5.37020225713002	32.0687732709048	44.5
5.39063641566174	32.0805634299756	44.5
5.41107265627494	32.0923970696802	44.5
5.43151097896961	32.1042741900186	44.5
5.45195138374575	32.1161947909907	44.5
5.47239387060336	32.1281588725967	44.5
5.49283843954244	32.1401664348365	44.5
5.513285090563	32.1522174777102	44.5
5.53373382366502	32.1643120012176	44.5
5.55418463884852	32.1764500053588	44.5
5.57463753611349	32.1886314901339	44.5
5.59509251545994	32.2008564555427	44.5
5.61554957688785	32.2131249015853	44.5
5.63600872039724	32.2254368282618	44.5
5.6564699459881	32.2377922355721	44.5
5.67693325366043	32.2501911235162	44.5
5.69739864341423	32.2626334920941	44.5
5.7178661152495	32.2751193413058	44.5
5.73833566916625	32.2876486711513	44.5
5.75880730516447	32.3002214816306	44.5
5.77928102324416	32.3128377727437	44.5
5.79975682340532	32.3254975444906	44.5
5.82023470564795	32.3382007968713	44.5
5.84071466997205	32.3509475298859	44.5
5.86119671637763	32.3637377435342	44.5
5.88168084486468	32.3765714378164	44.5
5.9021670554332	32.3894486127324	44.5
5.92265534808319	32.4023692682822	44.5
5.94314572281466	32.4153334044658	44.5
5.96363817962759	32.4283410212831	44.5
5.984132718522	32.4413921187343	44.5
6.00462933949788	32.4544866968194	44.5
6.02512804255523	32.4676247555382	44.5
6.04562882769406	32.4808062948908	44.5
6.06613169491435	32.4940313148772	44.5
6.08663664421612	32.5072998154975	44.5
6.10714367559936	32.5206117967515	44.5
6.12765278906407	32.5339672586394	44.5
6.14816398461025	32.5473662011611	44.5
6.1686772622379	32.5608086243166	44.5
6.18919262194703	32.5742945281058	44.5
6.20971006373763	32.5878239125289	44.5
6.2302295876097	32.6013967775858	44.5
6.25075119356324	32.6150131232765	44.5
6.27127488159825	32.6286729496011	44.5
6.29180065171474	32.6423762565594	44.5
6.31232850391269	32.6561230441515	44.5
6.33285843819212	32.6699133123775	44.5
6.35339045455302	32.6837470612372	44.5
6.3739245529954	32.6976242907308	44.5
6.39446073351924	32.7115450008582	44.5
6.41499899612456	32.7255091916193	44.5
6.43553934081135	32.7395168630143	44.5
6.45608176757961	32.7535680150431	44.5
6.47662627642934	32.7676626477057	44.5
6.49717286736054	32.7818007610021	44.5
6.51772154037322	32.7959823549323	44.5
6.53827229546737	32.8102074294964	44.5
6.55882513264298	32.8244759846942	44.5
6.57938005190008	32.8387880205258	44.5
6.59993705323864	32.8531435369913	44.5
6.62049613665867	32.8675425340906	44.5
6.64105730216018	32.8819850118236	44.5
6.66162054974316	32.8964709701905	44.5
6.68218587940761	32.9110004091912	44.5
6.70275329115353	32.9255733288257	44.5
6.72332278498093	32.940189729094	44.5
6.74389436088979	32.9548496099961	44.5
6.76446801888013	32.969552971532	44.5
6.78504375895194	32.9842998137017	44.5
6.80562158110522	32.9990901365053	44.5
6.82620148533997	33.0139239399426	44.5
6.8467834716562	33.0288012240138	44.5
6.86736754005389	33.0437219887187	44.5
6.88795369053306	33.0586862340575	44.5
6.9085419230937	33.0736939600301	44.5
6.92913223773582	33.0887451666365	44.5
6.9497246344594	33.1038398538766	44.5
6.97031911326446	33.1189780217506	44.5
6.99091567415099	33.1341596702585	44.5
7.01151431711898	33.1493847994001	44.5
7.03211504216846	33.1646534091755	44.5
7.0527178492994	33.1799654995847	44.5
7.07332273851181	33.1953210706278	44.5
7.0939297098057	33.2107201223046	44.5
7.11453876318106	33.2261626546153	44.5
7.13514989863789	33.2416486675598	44.5
7.1557631161762	33.257178161138	44.5
7.17637841579597	33.2727511353501	44.5
7.19699579749722	33.288367590196	44.5
7.21761526127993	33.3040275256757	44.5
7.23823680714412	33.3197309417892	44.5
7.25886043508979	33.3354778385365	44.5
7.27948614511692	33.3512682159177	44.5
7.30011393722553	33.3671020739326	44.5
7.3207438114156	33.3829794125813	44.5
7.34137576768715	33.3989002318639	44.5
7.36200980604017	33.4148645317802	44.5
7.38264592647467	33.4308723123304	44.5
7.40328412899063	33.4469235735144	44.5
7.42392441358807	33.4630183153322	44.5
7.44456678026698	33.4791565377838	44.5
7.46521122902736	33.4953382408691	44.5
7.48585775986921	33.5115634245884	44.5
7.50650637279253	33.5278320889414	44.5
7.52715706779733	33.5441442339282	44.5
7.5478098448836	33.5604998595488	44.5
7.56846470405133	33.5768989658033	44.5
7.58912164530055	33.5933415526915	44.5
7.60978066863123	33.6098276202136	44.5
7.63044177404338	33.6263571683695	44.5
7.65110496153701	33.6429301971591	44.5
7.67177023111211	33.6595467065826	44.5
7.69243758276868	33.6762066966399	44.5
7.71310701650672	33.692910167331	44.5
7.73377853232624	33.7096571186559	44.5
7.75445213022722	33.7264475506146	44.5
7.77512781020968	33.7432814632071	44.5
7.79580557227361	33.7601588564335	44.5
7.81648541641901	33.7770797302936	44.5
7.83716734264588	33.7940440847876	44.5
7.85785135095423	33.8110519199153	44.5
7.87853744134405	33.8281032356769	44.5
7.89922561381534	33.8451980320722	44.5
7.9199158683681	33.8623363091014	44.5
7.94060820500233	33.8795180667644	44.5
7.96130262371803	33.8967433050612	44.5
7.98199912451521	33.9140120239918	44.5
8.00269770739386	33.9313242235562	44.5
8.02339837235398	33.9486799037545	44.5
8.04410111939557	33.9660790645865	44.5
8.06480594851863	33.9835217060523	44.5
8.08551285972317	34.001007828152	44.5
8.10622185300918	34.0185374308854	44.5
8.12693292837666	34.0361105142527	44.5
8.14764608582561	34.0537270782538	44.5
8.16836132535603	34.0713871228887	44.5
8.18907864696792	34.0890906481573	44.5
8.20979805066129	34.1068376540598	44.5
8.23051953643613	34.1246281405961	44.5
8.25124310429244	34.1424621077663	44.5
8.27196875423022	34.1603395555702	44.5
8.29269648624948	34.1782604840079	44.5
8.3134263003502	34.1962248930795	44.5
8.3341581965324	34.2142327827848	44.5
8.35489217479607	34.232284153124	44.5
8.37562823514121	34.2503790040969	44.5
8.39636637756782	34.2685173357037	44.5
8.41710660207591	34.2866991479443	44.5
8.43784890866547	34.3049244408187	44.5
8.45859329733649	34.3231932143269	44.5
8.47933976808899	34.3415054684689	44.5
8.50008832092297	34.3598612032447	44.5
8.52083895583841	34.3782604186543	44.5
8.54159167283533	34.3967031146977	44.5
8.56234647191372	34.415189291375	44.5
8.58310335307357	34.433718948686	44.5
8.60386231631491	34.4522920866309	44.5
8.62462336163771	34.4709087052095	44.5
8.64538648904198	34.489568804422	44.5
8.66615169852773	34.5082723842683	44.5
8.68691899009495	34.5270194447484	44.5
8.70768836374364	34.5458099858623	44.5
8.7284598194738	34.56464400761	44.5
8.74923335728544	34.5835215099915	44.5
8.77000897717854	34.6024424930068	44.5
8.79078667915312	34.6214069566559	44.5
8.81156646320917	34.6404149009389	44.5
8.83234832934669	34.6594663258556	44.5
8.85313227756569	34.6785612314062	44.5
8.87391830786615	34.6976996175905	44.5
8.89470642024809	34.7168814844087	44.5
8.9154966147115	34.7361068318607	44.5
8.93628889125638	34.7553756599465	44.5
8.95708324988273	34.7746879686661	44.5
8.97787969059056	34.7940437580195	44.5
8.99867821337985	34.8134430280067	44.5
9.01947881825062	34.8328857786277	44.5
9.04028150520286	34.8523720098825	44.5
9.06108627423657	34.8719017217712	44.5
9.08189312535176	34.8914749142936	44.5
9.10270205854841	34.9110915874499	44.5
9.12351307382654	34.9307517412399	44.5
9.14432617118614	34.9504553756638	44.5
9.16514135062721	34.9702024907215	44.5
9.18595861214975	34.989993086413	44.5
9.20677795575377	35.0098271627383	44.5
9.22759938143926	35.0297047196974	44.5
9.24842288920621	35.0496257572903	44.5
9.26924847905465	35.069590275517	44.5
9.29007615098455	35.0895982743775	44.5
9.31090590499592	35.1096497538719	44.5
9.33173774108877	35.129744714	44.5
9.35257165926308	35.149883154762	44.5
9.37340765951888	35.1700650761577	44.5
9.39424574185614	35.1902904781873	44.5
9.41508590627487	35.2105593608507	44.5
9.43592815277507	35.2308717241479	44.5
9.45677248135675	35.2512275680789	44.5
9.4776188920199	35.2716268926437	44.5
9.49846738476452	35.2920696978423	44.5
9.51931795959061	35.3125559836747	44.5
9.54017061649818	35.3330857501409	44.5
9.56102535548721	35.353658997241	44.5
9.58188217655772	35.3742757249748	44.5
9.6027410797097	35.3949359333424	44.5
9.62360206494315	35.4156396223439	44.5
9.64446513225808	35.4363867919792	44.5
9.66533028165447	35.4571774422483	44.5
9.68619751313234	35.4780115731511	44.5
9.70706682669168	35.4988891846878	44.5
9.72793822233249	35.5198102768583	44.5
9.74881170005477	35.5407748496626	44.5
9.76968725985853	35.5617829031008	44.5
9.79056490174375	35.5828344371727	44.5
9.81144462571045	35.6039294518784	44.5
9.83232643175862	35.625067947218	44.5
9.85321031988826	35.6462499231913	44.5
9.87409629009938	35.6674753797985	44.5
9.89498434239196	35.6887443170395	44.5
9.91587447676602	35.7100567349142	44.5
9.93676669322155	35.7314126334228	44.5
9.95766099175855	35.7528120125652	44.5
9.97855737237702	35.7742548723414	44.5
9.99945583507697	35.7957412127514	44.5
10.0203563798584	35.8172710337952	44.5
10.0412590067213	35.8388443354729	44.5
10.0621637156656	35.8604611177843	44.5
10.0830705066915	35.8821213807295	44.5
10.1039793797988	35.9038251243086	44.5
10.1248903349875	35.9255723485214	44.5
10.1458033722578	35.9473630533681	44.5
10.1667184916095	35.9691972388486	44.5
10.1876356930427	35.9910749049629	44.5
10.2085549765574	36.012996051711	44.5
10.2294763421535	36.0349606790929	44.5
10.2503997898311	36.0569687871086	44.5
10.2713253195902	36.0790203757581	44.5
10.2922529314307	36.1011154450414	44.5
10.3131826253528	36.1232539949586	44.5
10.3341144013563	36.1454360255095	44.5
10.3550482594412	36.1676615366942	44.5
10.3759841996077	36.1899305285128	44.5
10.3969222218556	36.2122430009652	44.5
10.417862326185	36.2345989540514	44.5
10.4388045125958	36.2569983877713	44.5
10.4597487810881	36.2794413021251	44.5
10.4806951316619	36.3019276971127	44.5
10.5016435643172	36.3244575727341	44.5
10.5225940790539	36.3470309289893	44.5
10.5435466758722	36.3696477658784	44.5
10.5645013547718	36.3923080834012	44.5
10.585458115753	36.4150118815578	44.5
10.6064169588156	36.4377591603483	44.5
10.6273778839597	36.4605499197726	44.5
10.6483408911853	36.4833841598306	44.5
10.6693059804923	36.5062618805225	44.5
10.6902731518809	36.5291830818482	44.5
10.7112424053508	36.5521477638077	44.5
10.7322137409023	36.575155926401	44.5
10.7531871585352	36.5982075696281	44.5
10.7741626582496	36.621302693489	44.5
10.7951402400455	36.6444412979837	44.5
10.8161199039229	36.6676233831122	44.5
10.8371016498817	36.6908489488746	44.5
10.858085477922	36.7141179952707	44.5
10.8790713880437	36.7374305223007	44.5
10.900059380247	36.7607865299645	44.5
10.9210494545317	36.784186018262	44.5
10.9420416108978	36.8076289871934	44.5
10.9630358493455	36.8311154367586	44.5
10.9840321698746	36.8546453669576	44.5
11.0050305724852	36.8782187777904	44.5
11.0260310571773	36.901835669257	44.5
11.0470336239508	36.9254960413574	44.5
11.0680382728058	36.9491998940917	44.5
11.0890450037423	36.9729472274597	44.5
11.1100538167602	36.9967380414616	44.5
11.1310647118597	37.0205723360972	44.5
11.1520776890406	37.0444501113667	44.5
11.1730927483029	37.06837136727	44.5
11.1941098896468	37.092336103807	44.5
11.2151291130721	37.1163443209779	44.5
11.2361504185789	37.1403960187826	44.5
11.2571738061671	37.1644911972211	44.5
11.2781992758369	37.1886298562935	44.5
11.2992268275881	37.2128119959996	44.5
11.3202564614207	37.2370376163395	44.5
11.3412881773349	37.2613067173132	44.5
11.3623219753305	37.2856192989208	44.5
11.3833578554076	37.3099753611622	44.5
11.4043958175661	37.3343749040373	44.5
11.4254358618062	37.3588179275463	44.5
11.4464779881277	37.3833044316891	44.5
11.4675221965306	37.4078344164657	44.5
11.4885684870151	37.4324078818761	44.5
11.509616859581	37.4570248279203	44.5
11.5306673142284	37.4816852545983	44.5
11.5517198509572	37.5063891619101	44.5
11.5727744697676	37.5311365498557	44.5
11.5938311706594	37.5559274184352	44.5
11.6148899536327	37.5807617676484	44.5
11.6359508186874	37.6056395974955	44.5
11.6570137658236	37.6305609079763	44.5
11.6780787950413	37.655525699091	44.5
11.6991459063405	37.6805339708395	44.5
11.7202150997211	37.7055857232218	44.5
11.7412863751832	37.7306809562379	44.5
11.7623597327268	37.7558196698878	44.5
11.7834351723519	37.7810018641715	44.5
11.8045126940584	37.806227539089	44.5
11.8255922978464	37.8314966946404	44.5
11.8466739837158	37.8568093308255	44.5
11.8677577516668	37.8821654476444	44.5
11.8888436016992	37.9075650450972	44.5
11.9099315338131	37.9330081231838	44.5
11.9310215480084	37.9584946819041	44.5
11.9521136442853	37.9840247212583	44.5
11.9732078226436	38.0095982412463	44.5
11.9943040830833	38.0352152418681	44.5
12.0154024256046	38.0608757231237	44.5
12.0365028502073	38.0865796850131	44.5
12.0576053568915	38.1123271275363	44.5
12.0787099456571	38.1381180506934	44.5
12.0998166165042	38.1639524544842	44.5
12.1209253694328	38.1898303389088	44.5
12.1420362044429	38.2157517039673	44.5
12.1631491215345	38.2417165496596	44.5
12.1842641207075	38.2677248759856	44.5
12.205381201962	38.2937766829455	44.5
12.2265003652979	38.3198719705392	44.5
12.2476216107154	38.3460107387667	44.5
12.2687449382143	38.372192987628	44.5
12.2898703477946	38.3984187171231	44.5
12.3109978394565	38.424687927252	44.5
12.3321274131998	38.4510006180147	44.5
12.3532590690246	38.4773567894113	44.5
12.3743928069309	38.5037564414416	44.5
12.3955286269186	38.5301995741058	44.5
12.4166665289878	38.5566861874037	44.5
12.4378065131385	38.5832162813355	44.5
12.4589485793706	38.6097898559011	44.5
12.4800927276842	38.6364069111005	44.5
12.5012389580793	38.6630674469337	44.5
12.5223872705559	38.6897714634007	44.5
12.5435376651139	38.7165189605015	44.5
12.5646901417535	38.7433099382361	44.5
12.5858447004744	38.7701443966045	44.5
12.6070013412769	38.7970223356068	44.5
12.6281600641608	38.8239437552428	44.5
12.6493208691262	38.8509086555127	44.5
12.6704837561731	38.8779170364163	44.5
12.6916487253014	38.9049688979538	44.5
12.7128157765112	38.9320642401251	44.5
12.7339849098025	38.9592030629302	44.5
12.7551561251753	38.9863853663691	44.5
12.7763294226295	39.0136111504418	44.5
12.7975048021652	39.0408804151483	44.5
12.8186822637824	39.0681931604886	44.5
12.839861807481	39.0955493864627	44.5
12.8610434332611	39.1229490930707	44.5
12.8822271411227	39.1503922803124	44.5
12.9034129310658	39.177878948188	44.5
12.9246008030903	39.2054090966973	44.5
12.9457907571963	39.2329827258405	44.5
12.9669827933838	39.2605998356175	44.5
12.9881769116527	39.2882604260282	44.5
13.0093731120031	39.3159644970728	44.5
13.030571394435	39.3437120487512	44.5
13.0517717589484	39.3715030810635	44.5
13.0729742055432	39.3993375940095	44.5
13.0941787342195	39.4272155875893	44.5
13.1153853449773	39.4551370618029	44.5
13.1365940378166	39.4831020166504	44.5
13.1578048127373	39.5111104521316	44.5
13.1790176697395	39.5391623682467	44.5
13.2002326088231	39.5672577649955	44.5
13.2214496299883	39.5953966423782	44.5
13.2426687332349	39.6235790003947	44.5
13.263889918563	39.651804839045	44.5
13.2851131859725	39.6800741583291	44.5
13.3063385354635	39.708386958247	44.5
13.327565967036	39.7367432387987	44.5
13.34879548069	39.7651429999843	44.5
13.3700270764254	39.7935862418036	44.5
13.3912607542424	39.8220729642567	44.5
13.4124965141407	39.8506031673437	44.5
13.4337343561206	39.8791768510644	44.5
13.4549742801819	39.907794015419	44.5
13.4762162863247	39.9364546604074	44.5
13.497460374549	39.9651587860296	44.5
13.5187065448547	39.9939063922856	44.5
13.539954797242	40.0226974791754	44.5
13.5612051317106	40.051532046699	44.5
13.5824575482608	40.0804100948564	44.5
13.6037120468924	40.1093316236476	44.5
13.6249686276055	40.1382966330727	44.5
13.6462272904001	40.1673051231315	44.5
13.6674880352761	40.1963570938241	44.5
13.6887508622337	40.2254525451506	44.5
13.7100157712726	40.2545914771109	44.5
13.7312827623931	40.2837738897049	44.5
13.752551835595	40.3129997829328	44.5
13.7738229908784	40.3422691567945	44.5
13.7950962282433	40.37158201129	44.5
13.8163715476897	40.4009383464193	44.5
13.8376489492175	40.4303381621824	44.5
13.8589284328268	40.4597814585794	44.5
13.8802099985175	40.4892682356101	44.5
13.9014936462898	40.5187984932746	44.5
13.9227793761435	40.548372231573	44.5
13.9440671880787	40.5779894505052	44.5
13.9653570820953	40.6076501500711	44.5
13.9866490581934	40.6373543302709	44.5
14.007943116373	40.6671019911045	44.5
14.0292392566341	40.6968931325719	44.5
14.0505374789766	40.7267277546731	44.5
14.0718377834006	40.7566058574081	44.5
14.0931401699061	40.7865274407769	44.5
14.1144446384931	40.8164925047795	44.5
14.1357511891615	40.8465010494159	44.5
14.1570598219114	40.8765530746862	44.5
14.1783705367428	40.9066485805902	44.5
14.1996833336556	40.9367875671281	44.5
14.2209982126499	40.9669700342998	44.5
14.2423151737257	40.9971959821052	44.5
14.263634216883	41.0274654105445	44.5
14.2849553421217	41.0577783196176	44.5
14.3062785494419	41.0881347093245	44.5
14.3276038388436	41.1185345796652	44.5
14.3489312103267	41.1489779306397	44.5
14.3702606638913	41.179464762248	44.5
14.3915921995374	41.2099950744902	44.5
14.412925817265	41.2405688673661	44.5
14.434261517074	41.2711861408759	44.5
14.4555992989645	41.3018468950194	44.5
14.4769391629365	41.3325511297968	44.5
14.4982811089899	41.363298845208	44.5
14.5196251371249	41.394090041253	44.5
14.5409712473412	41.4249247179317	44.5
14.5623194396391	41.4558028752443	44.5
14.5836697140184	41.4867245131907	44.5
14.6050220704792	41.5176896317709	44.5
14.6263765090215	41.548698230985	44.5
14.6477330296453	41.5797503108328	44.5
14.6690916323505	41.6108458713144	44.5
14.6904523171372	41.6419849124299	44.5
14.7118150840054	41.6731674341791	44.5
14.733179932955	41.7043934365622	44.5
14.7545468639861	41.7356629195791	44.5
14.7759158770987	41.7669758832298	44.5
14.7972869722927	41.7983323275143	44.5
14.8186601495683	41.8297322524325	44.5
14.8400354089253	41.8611756579847	44.5
14.8614127503637	41.8926625441706	44.5
14.8827921738837	41.9241929109903	44.5
14.9041736794851	41.9557667584438	44.5
14.925557267168	41.9873840865312	44.5
14.9469429369323	42.0190448952523	44.5
14.9683306887781	42.0507491846073	44.5
14.9897205227054	42.082496954596	44.5
15.0111124387142	42.1142882052186	44.5
15.0325064368045	42.146122936475	44.5
15.0539025169762	42.1780011483652	44.5
15.0753006792294	42.2099228408892	44.5
15.096700923564	42.241888014047	44.5
15.1181032499801	42.2738966678386	44.5
15.1395076584777	42.305948802264	44.5
15.1609141490568	42.3380444173232	44.5
15.1823227217174	42.3701835130163	44.5
15.2037333764594	42.4023660893431	44.5
15.2251461132829	42.4345921463038	44.5
15.2465609321878	42.4668616838982	44.5
15.2679778331743	42.4991747021265	44.5
15.2893968162422	42.5315312009886	44.5
15.3108178813915	42.5639311804845	44.5
15.3322410286224	42.5963746406142	44.5
15.3536662579347	42.6288615813777	44.5
15.3750935693285	42.661392002775	44.5
15.3965229628038	42.6939659048061	44.5
15.4179544383605	42.726583287471	44.5
15.4393879959987	42.7592441507698	44.5
15.4608236357184	42.7919484947023	44.5
15.4822613575195	42.8246963192687	44.5
15.5037011614022	42.8574876244688	44.5
15.5251430473663	42.8903224103028	44.5
15.5465870154118	42.9232006767706	44.5
15.5680330655389	42.9561224238722	44.5
15.5894811977474	42.9890876516076	44.5
15.6109314120374	43.0220963599768	44.5
15.6323837084088	43.0551485489798	44.5
15.6538380868618	43.0882442186166	44.5
15.6752945473961	43.1213833688872	44.5
15.696753090012	43.1545659997917	44.5
15.7182137147094	43.1877921113299	44.5
15.7396764214882	43.221061703502	44.5
15.7611412103485	43.2543747763078	44.5
15.7826080812902	43.2877313297475	44.5
15.8040770343134	43.321131363821	44.5
15.8255480694181	43.3545748785283	44.5
15.8470211866043	43.3880618738694	44.5
15.868496385872	43.4215923498443	44.5
15.8899736672211	43.455166306453	44.5
15.9114530306517	43.4887837436955	44.5
15.9329344761637	43.5224446615718	44.5
15.9544180037573	43.556149060082	44.5
15.9759036134323	43.5898969392259	44.5
15.9973913051887	43.6236882990037	44.5
16.0188810790267	43.6575231394152	44.5
16.0403729349461	43.6914014604606	44.5
16.061866872947	43.7253232621398	44.5
16.0833628930294	43.7592885444528	44.5
16.1048609951932	43.7932973073995	44.5
16.1263611794385	43.8273495509801	44.5
16.1478634457653	43.8614452751946	44.5
16.1693677941735	43.8955844800428	44.5
16.1908742246633	43.9297671655248	44.5
16.2123827372344	43.9639933316406	44.5
16.2338933318871	43.9982629783903	44.5
16.2554060086213	44.0325761057737	44.5
16.2769207674369	44.066932713791	44.5
16.2984376083339	44.1013328024421	44.5
16.3199565313125	44.1357763717269	44.5
16.3414775363725	44.1702634216456	44.5
16.363000623514	44.2047939521981	44.5
16.384525792737	44.2393679633844	44.5
16.4060530440414	44.2739854552045	44.5
16.4275823774273	44.3086464276585	44.5
16.4491137928947	44.3433508807462	44.5
16.4706472904436	44.3780988144677	44.5
16.4921828700739	44.4128902288231	44.5
16.5137205317857	44.4477251238122	44.5
16.535260275579	44.4826034994352	44.5
16.5568021014537	44.5175253556919	44.5
16.5783460094099	44.5524906925825	44.5
16.5998919994476	44.5874995101069	44.5
16.6214400715668	44.6225518082651	44.5
16.6429902257674	44.6576475870571	44.5
16.6645424620495	44.6927868464829	44.5
16.6860967804131	44.7279695865425	44.5
16.7076531808581	44.7631958072359	44.5
16.7292116633847	44.7984655085632	44.5
16.7507722279926	44.8337786905242	44.5
16.7723348746821	44.8691353531191	44.5
16.793899603453	44.9045354963477	44.5
16.8154664143054	44.9399791202102	44.5
16.8370353072393	44.9754662247065	44.5
16.8586062822547	45.0109968098366	44.5
16.8801793393515	45.0465708756005	44.5
16.9017544785298	45.0821884219982	44.5
16.9233316997896	45.1178494490297	44.5
16.9449110031308	45.153553956695	44.5
16.9664923885535	45.1893019449941	44.5
16.9880758560577	45.225093413927	44.5
17.0096614056433	45.2609283634938	44.5
17.0312490373105	45.2968067936943	44.5
17.0528387510591	45.3327287045287	44.5
17.0744305468891	45.3686940959969	44.5
17.0960244248007	45.4047029680988	44.5
17.1176203847937	45.4407553208346	44.5
17.1392184268682	45.4768511542042	44.5
17.1608185510241	45.5129904682076	44.5
17.1824207572615	45.5491732628448	44.5
17.2040250455804	45.5853995381158	44.5
17.2256314159808	45.6216692940206	44.5
17.2472398684626	45.6579825305593	44.5
17.268850403026	45.6943392477317	44.5
17.2904630196707	45.730739445538	44.5
17.312077718397	45.767183123978	44.5
17.3336944992047	45.8036702830519	44.5
17.3553133620939	45.8402009227596	44.5
17.3769343070646	45.8767750431011	44.5
17.3985573341168	45.9133926440764	44.5
17.4201824432504	45.9500537256854	44.5
17.4418096344655	45.9867582879284	44.5
17.463438907762	46.0235063308051	44.5
17.4850702631401	46.0602978543156	44.5
17.5067037005996	46.0971328584599	44.5
17.5283392201405	46.1340113432381	44.5
17.549976821763	46.17093330865	44.5
17.5716165054669	46.2078987546958	44.5
17.5932582712523	46.2449076813753	44.5
17.6149021191192	46.2819600886887	44.5
17.6365480490675	46.3190559766359	44.5
17.6581960610973	46.3561953452169	44.5
17.6798461552086	46.3933781944317	44.5
17.7014983314013	46.4306045242803	44.5
17.7231525896756	46.4678743347627	44.5
17.7448089300313	46.5051876258789	44.5
17.7664673524684	46.542544397629	44.5
17.7881278569871	46.5799446500128	44.5
17.8097904435872	46.6173883830304	44.5
17.8314551122687	46.6548755966819	44.5
17.8531218630318	46.6924062909672	44.5
17.8747906958763	46.7299804658862	44.5
17.8964616108023	46.7675981214391	44.5
17.9181346078098	46.8052592576258	44.5
17.9398096868987	46.8429638744463	44.5
17.9614868480691	46.8807119719006	44.5
17.983166091321	46.9185035499887	44.5
18.0048474166544	46.9563386087107	44.5
18.0265308240692	46.9942171480664	44.5
18.0482163135655	47.0321391680559	44.5
18.0699038851433	47.0701046686793	44.5
18.0915935388025	47.1081136499364	44.5
18.1132852745433	47.1461661118274	44.5
18.1349790923654	47.1842620543522	44.5
18.1566749922691	47.2224014775107	44.5
18.1783729742542	47.2605843813031	44.5
18.2000730383208	47.2988107657293	44.5
18.2217751844689	47.3370806307893	44.5
18.2434794126985	47.3753939764832	44.5
18.2651857230095	47.4137508028108	44.5
18.286894115402	47.4521511097722	44.5
18.3086045898759	47.4905948973674	44.5
18.3303171464314	47.5290821655965	44.5
18.3520317850683	47.5676129144593	44.5
18.3737485057867	47.606187143956	44.5
18.3954673085865	47.6448048540865	44.5
18.4171881934678	47.6834660448508	44.5
18.4389111604306	47.7221707162489	44.5
18.4606362094749	47.7609188682807	44.5
18.4823633406006	47.7997105009464	44.5
18.5040925538078	47.838545614246	44.5
18.5258238490965	47.8774242081793	44.5
18.5475572264667	47.9163462827464	44.5
18.5692926859183	47.9553118379473	44.5
18.5910302274514	47.9943208737821	44.5
18.612769851066	48.0333733902506	44.5
18.634511556762	48.072469387353	44.5
18.6562553445395	48.1116088650892	44.5
18.6780012143985	48.1507918234592	44.5
18.6997491663389	48.190018262463	44.5
18.7214992003609	48.2292881821005	44.5
18.7432513164643	48.268601582372	44.5
18.7650055146491	48.3079584632772	44.5
18.7867617949155	48.3473588248162	44.5
18.8085201572633	48.386802666989	44.5
18.8302806016926	48.4262899897957	44.5
18.8520431282033	48.4658207932361	44.5
18.8738077367956	48.5053950773104	44.5
18.8955744274693	48.5450128420184	44.5
18.9173432002245	48.5846740873603	44.5
18.9391140550611	48.624378813336	44.5
18.9608869919792	48.6641270199455	44.5
18.9826620109788	48.7039187071887	44.5
19.0044391120599	48.7437538750658	44.5
19.0262182952224	48.7836325235768	44.5
19.0479995604664	48.8235546527215	44.5
19.0697829077919	48.8635202625	44.5
19.0915683371988	48.9035293529123	44.5
19.1133558486873	48.9435819239585	44.5
19.1351454422571	48.9836779756384	44.5
19.1569371179085	49.0238175079522	44.5
19.1787308756413	49.0640005208998	44.5
19.2005267154557	49.1042270144812	44.5
19.2223246373514	49.1444969886963	44.5
19.2441246413287	49.1848104435453	44.5
19.2659267273874	49.2251673790281	44.5
19.2877308955276	49.2655677951447	44.5
19.3095371457493	49.3060116918952	44.5
19.3313454780524	49.3464990692794	44.5
19.353155892437	49.3870299272974	44.5
19.3749683889031	49.4276042659493	44.5
19.3967829674507	49.4682220852349	44.5
19.4185996280797	49.5088833851544	44.5
19.4404183707902	49.5495881657077	44.5
19.4622391955822	49.5903364268947	44.5
19.4840621024556	49.6311281687156	44.5
19.5058870914105	49.6719633911703	44.5
19.5277141624469	49.7128420942588	44.5
19.5495433155648	49.7537642779811	44.5
19.5713745507641	49.7947299423373	44.5
19.5932078680449	49.8357390873272	44.5
19.6150432674072	49.8767917129509	44.5
19.6368807488509	49.9178878192085	44.5
19.6587203123761	49.9590274060998	44.5
19.6805619579828	50.000210473625	44.5
19.702405685671	50.0414370217839	44.5
19.7242514954406	50.0827070505767	44.5
19.7460993872917	50.1240205600033	44.5
19.7679493612243	50.1653775500637	44.5
19.7898014172383	50.2067780207579	44.5
19.8116555553339	50.2482219720859	44.5
19.8335117755108	50.2897094040477	44.5
19.8553700777693	50.3312403166433	44.5
19.8772304621092	50.3728147098728	44.5
19.8990929285306	50.414432583736	44.5
19.9209574770335	50.4560939382331	44.5
19.9428241076179	50.4977987733639	44.5
19.9646928202837	50.5395470891286	44.5
19.986563615031	50.5813388855271	44.5
20.0084364918598	50.6231741625594	44.5
20.03031145077	50.6650529202255	44.5
20.0521884917617	50.7069751585254	44.5
20.0740676148349	50.7489408774591	44.5
20.0959488199895	50.7909500770266	44.5
20.1178321072257	50.8330027572279	44.5
20.1397174765433	50.875098918063	44.5
20.1616049279423	50.917238559532	44.5
20.1834944614229	50.9594216816347	44.5
20.2053860769849	51.0016482843713	44.5
20.2272797746284	51.0439183677417	44.5
20.2491755543533	51.0862319317458	44.5
20.2710734161598	51.1285889763838	44.5
20.2929733600477	51.1709895016556	44.5
20.314875386017	51.2134335075612	44.5
20.3367794940679	51.2559209941006	44.5
20.3586856842002	51.2984519612738	44.5
20.380593956414	51.3410264090809	44.5
20.4025043107092	51.3836443375217	44.5
20.424416747086	51.4263057465963	44.5
20.4463312655442	51.4690106363048	44.5
20.4682478660838	51.5117590066471	44.5
20.490166548705	51.5545508576231	44.5
20.5120873134076	51.597386189233	44.5
20.5340101601917	51.6402650014767	44.5
20.5559350890573	51.6831872943542	44.5
20.5778621000043	51.7261530678655	44.5
20.5997911930328	51.7691623220106	44.5
20.6217223681428	51.8122150567895	44.5
20.6436556253342	51.8553112722022	44.5
20.6655909646072	51.8984509682488	44.5
20.6875283859615	51.9416341449291	44.5
20.7094678893974	51.9848608022432	44.5
20.7314094749147	52.0281309401912	44.5
20.7533531425136	52.071444558773	44.5
20.7752988921938	52.1148016579885	44.5
20.7972467239556	52.1582022378379	44.5
20.8191966377988	52.2016462983211	44.5
20.8411486337235	52.2451338394381	44.5
20.8631027117297	52.2886648611889	44.5
20.8850588718173	52.3322393635735	44.5
20.9070171139864	52.375857346592	44.5
20.928977438237	52.4195188102442	44.5
20.9509398445691	52.4632237545302	44.5
20.9729043329826	52.5069721794501	44.5
20.9948709034776	52.5507640850037	44.5
21.0168395560541	52.5945994711912	44.5
21.038810290712	52.6384783380125	44.5
21.0607831074514	52.6824006854676	44.5
21.0827580062723	52.7263665135564	44.5
21.1047349871747	52.7703758222791	44.5
21.1267140501585	52.8144286116356	44.5
21.1486951952238	52.858524881626	44.5
21.1706784223706	52.9026646322501	44.5
21.1926637315988	52.946847863508	44.5
21.2146511229085	52.9910745753998	44.5
21.2366405962997	53.0353447679253	44.5
21.2586321517724	53.0796584410847	44.5
21.2806257893265	53.1240155948778	44.5
21.3026215089621	53.1684162293048	44.5
21.3246193106792	53.2128603443656	44.5
21.3466191944777	53.2573479400602	44.5
21.3686211603578	53.3018790163886	44.5
21.3906252083193	53.3464535733508	44.5
21.4126313383622	53.3910716109468	44.5
21.4346395504867	53.4357331291766	44.5
21.4566498446926	53.4804381280402	44.5
21.4786622209799	53.5251866075377	44.5
21.5006766793488	53.5699785676689	44.5
21.5226932197991	53.614814008434	44.5
21.5447118423309	53.6596929298329	44.5
21.5667325469442	53.7046153318655	44.5
21.5887553336389	53.749581214532	44.5
21.6107802024151	53.7945905778323	44.5
21.6328071532728	53.8396434217664	44.5
21.654836186212	53.8847397463343	44.5
21.6768673012326	53.929879551536	44.5
21.6989004983347	53.9750628373715	44.5
21.7209357775183	54.0202896038409	44.5
21.7429731387833	54.065559850944	44.5
21.7650125821298	54.110873578681	44.5
21.7870541075578	54.1562307870517	44.5
21.8090977150673	54.2016314760563	44.5
21.8311434046582	54.2470756456946	44.5
21.8531911763306	54.2925632959668	44.5
21.8752410300845	54.3380944268728	44.5
21.8972929659198	54.3836690384126	44.5
21.9193469838366	54.4292871305862	44.5
21.9414030838349	54.4749487033936	44.5
21.9634612659147	54.5206537568348	44.5
21.9855215300759	54.5664022909099	44.5
22.0075838763186	54.6121943056187	44.5
22.0296483046428	54.6580298009614	44.5
22.0517148150484	54.7039087769378	44.5
22.0737834075356	54.7498312335481	44.5
22.0958540821041	54.7957971707921	44.5
22.1179268387542	54.84180658867	44.5
22.1400016774857	54.8878594871817	44.5
22.1620785982987	54.9339558663272	44.5
22.1841576011932	54.9800957261065	44.5
22.2062386861692	55.0262790665196	44.5
22.2283218532266	55.0725058875665	44.5
22.2331376336012	55.0823906448906	44.5
22.2381080828848	55.0921985397663	44.5
22.2432319746934	55.1019271522422	44.5
22.2485080447833	55.1115740819288	44.5
22.2539349913632	55.1211369485906	44.5
22.2595114754153	55.1306133927333	44.5
22.2652361210255	55.1400010761861	44.5
22.2711075157232	55.1492976826787	44.5
22.2771242108296	55.1585009184123	44.5
22.2832847218152	55.1676085126264	44.5
22.2895875286662	55.1766182181584	44.5
22.2960310762591	55.1855278119981	44.5
22.3026137747452	55.1943350958368	44.5
22.309333999942	55.2030378966087	44.5
22.3161900937345	55.2116340670282	44.5
22.3231803644842	55.2201214861188	44.5
22.3303030874463	55.2284980597368	44.5
22.3375565051956	55.2367617210879	44.5
22.3449388280597	55.2449104312375	44.5
22.352448234561	55.2529421796133	44.5
22.3600828718658	55.2608549845014	44.5
22.3678408562415	55.2686468935357	44.5
22.3757202735216	55.2763159841793	44.5
22.3837191795777	55.2838603641987	44.5
22.3918356007996	55.2912781721311	44.5
22.4000675345816	55.2985675777433	44.5
22.4084129498174	55.3057267824837	44.5
22.4168697874006	55.3127540199256	44.5
22.425435960733	55.3196475562033	44.5
22.4341093562397	55.3264056904397	44.5
22.4428878338899	55.3330267551666	44.5
22.4517692277257	55.3395091167352	44.5
22.4607513463961	55.3458511757197	44.5
22.4698319736977	55.3520513673121	44.5
22.4790088691215	55.3581081617078	44.5
22.4882797684061	55.3640200644835	44.5
22.4976423840955	55.3697856169656	44.5
22.5070944061047	55.3754033965902	44.5
22.5166335022885	55.3808720172544	44.5
22.5262573190177	55.3861901296578	44.5
22.5359634817595	55.3913564216358	44.5
22.5457495956636	55.3963696184831	44.5
22.5556132461527	55.4012284832684	44.5
22.5655519995186	55.4059318171395	44.5
22.5755634035228	55.4104784596192	44.5
22.585644988001	55.4148672888914	44.5
22.5957942654732	55.4190972220783	44.5
22.606008731757	55.423167215507	44.5
22.6162858665856	55.4270762649677	44.5
22.62662313423	55.4308234059609	44.5
22.6370179841238	55.4344077139355	44.5
22.6474678514935	55.4378283045173	44.5
22.6579701579907	55.4410843337266	44.5
22.6685223123283	55.4441749981871	44.5
22.6791217109203	55.4470995353234	44.5
22.6897657385235	55.4498572235498	44.5
22.7004517688835	55.4524473824481	44.5
22.7111771653821	55.4548693729352	44.5
22.7219392816883	55.4571225974213	44.5
22.7327354624109	55.4592064999569	44.5
22.7435630437538	55.4611205663702	44.5
22.7544193541735	55.462864324394	44.5
22.7653017150376	55.4644373437822	44.5
22.7762074412865	55.4658392364156	44.5
22.7871338420955	55.4670696563983	44.5
22.7980782215387	55.4681283001426	44.5
22.8090378792541	55.4690149064439	44.5
22.8200101111102	55.4697292565455	44.5
22.8309922098731	55.470271174192	44.5
22.8419814658741	55.4706405256736	44.5
22.8529751676788	55.4708372198581	44.5
22.8639706027557	55.4708612082142	44.5
22.8749650581458	55.4707124848233	44.5
22.8859558211318	55.4703910863804	44.5
22.8969401799073	55.469897092186	44.5
22.9079154242461	55.4692306241257	44.5
22.918878846171	55.4683918466405	44.5
22.9298277406216	55.4673809666862	44.5
22.9407594061221	55.4661982336823	44.5
22.9516711454475	55.4648439394505	44.5
22.9625602662895	55.4633184181425	44.5
22.9734240819204	55.4616220461581	44.5
22.9842599118564	55.4597552420515	44.5
22.9950650825184	55.4577184664287	44.5
23.0058369278923	55.4555122218337	44.5
23.0165727901865	55.4531370526244	44.5
23.0272700204875	55.450593544838	44.5
23.0379259794139	55.4478823260473	44.5
23.0485380377673	55.4450040652047	44.5
23.0591035771809	55.4419594724781	44.5
23.0696199907662	55.4387492990753	44.5
23.0800846837553	55.4353743370584	44.5
23.090495074142	55.4318354191489	44.5
23.100848593318	55.4281334185217	44.5
23.1111426867076	55.4242692485902	44.5
23.1213748143971	55.4202438627804	44.5
23.1315424517623	55.416058254296	44.5
23.1416430900906	55.4117134558735	44.5
23.1516742372007	55.4072105395266	44.5
23.1616334180573	55.4025506162827	44.5
23.1715181753814	55.397734835908	44.5
23.181326070257	55.3927643866244	44.5
23.1910546827329	55.3876404948159	44.5
23.2007016124196	55.3823644247259	44.5
23.2102644790814	55.376937478146	44.5
23.2197409232241	55.3713609940939	44.5
23.2291286066769	55.3656363484838	44.5
23.2384252131694	55.3597649537861	44.5
23.247628448903	55.3537482586797	44.5
23.2567360431171	55.347587747694	44.5
23.2657457486491	55.3412849408431	44.5
23.2746553424889	55.3348413932501	44.5
23.2834626263275	55.3282586947641	44.5
23.2921654270995	55.3215384695673	44.5
23.300761597519	55.3146823757748	44.5
23.3092490166095	55.3076921050251	44.5
23.3176255902275	55.300569382063	44.5
23.3258892515787	55.2933159643137	44.5
23.3340379617283	55.2859336414495	44.5
23.342069710104	55.2784242349482	44.5
23.3499825149921	55.2707895976435	44.5
23.3577744240265	55.2630316132678	44.5
23.36544351467	55.2551521959877	44.5
23.3729878946894	55.2471532899315	44.5
23.3804057026218	55.2390368687097	44.5
23.3876951082341	55.2308049349276	44.5
23.3948543129745	55.2224595196918	44.5
23.4018815504163	55.2140026821087	44.5
23.408775086694	55.2054365087762	44.5
23.4155332209305	55.1967631132696	44.5
23.4221542856573	55.1879846356194	44.5
23.4286366472259	55.1791032417836	44.5
23.4349787062105	55.1701211231132	44.5
23.4411788978029	55.1610404958116	44.5
23.4472356921986	55.1518636003877	44.5
23.4531475949743	55.1425927011032	44.5
23.4589131474563	55.1332300854137	44.5
23.464530927081	55.1237780634046	44.5
23.4699995477452	55.1142389672208	44.5
23.4753176601486	55.1046151504916	44.5
23.4804839521266	55.0949089877497	44.5
23.4854971489738	55.0851228738457	44.5
23.4903560137591	55.0752592233566	44.5
23.4950593476302	55.0653204699906	44.5
23.4996059901099	55.0553090659865	44.5
23.5039948193821	55.0452274815082	44.5
23.508224752569	55.0350782040361	44.5
23.5122947459978	55.0248637377523	44.5
23.5162037954585	55.0145866029236	44.5
23.5199509364516	55.0042493352793	44.5
23.5235352444262	54.9938544853855	44.5
23.526955835008	54.9834046180157	44.5
23.5302118642173	54.9729023115186	44.5
23.5333025286778	54.9623501571809	44.5
23.5362270658141	54.951750758589	44.5
23.5389847540406	54.9411067309858	44.5
23.5415749129388	54.9304207006258	44.5
23.543996903426	54.9196953041271	44.5
23.546250127912	54.9089331878209	44.5
23.5483340304476	54.8981370070984	44.5
23.5502480968609	54.8873094257554	44.5
23.5519918548848	54.8764531153358	44.5
23.5535648742729	54.8655707544717	44.5
23.5549667669063	54.8546650282227	44.5
23.5561971868891	54.8437386274137	44.5
23.5572558306333	54.8327942479706	44.5
23.5581424369347	54.8218345902552	44.5
23.5588567870362	54.810862358399	44.5
23.5593987046828	54.7998802596362	44.5
23.5597680561643	54.7888910036352	44.5
23.5599647503488	54.7778973018305	44.5
23.559988738705	54.7669018667536	44.5
23.559840015314	54.7559074113634	44.5
23.5595186168712	54.7449166483775	44.5
23.5590246226768	54.733932289602	44.5
23.5583581546165	54.7229570452631	44.5
23.5575193771313	54.7119936233383	44.5
23.5565084971769	54.7010447288877	44.5
23.555325764173	54.6901130633872	44.5
23.5539714699412	54.6792013240618	44.5
23.5524459486333	54.6683122032198	44.5
23.5507495766488	54.6574483875888	44.5
23.5488827725422	54.6466125576529	44.5
23.5468459969195	54.6358073869909	44.5
23.5446397523245	54.625035541617	44.5
23.5422645831151	54.6142996793228	44.5
23.5397210753288	54.6036024490217	44.5
23.537009856538	54.5929464900953	44.5
23.5341315956954	54.582334431742	44.5
23.5310870029689	54.5717688923283	44.5
23.527876829566	54.5612524787431	44.5
23.5245018675491	54.5507877857539	44.5
23.5209629496396	54.5403773953673	44.5
23.5172609490124	54.5300238761912	44.5
23.5133967790809	54.5197297828017	44.5
23.5093713932711	54.5094976551121	44.5
23.5051857847868	54.499330017747	44.5
23.5008409863642	54.4892293794187	44.5
23.4963380700173	54.4791982323085	44.5
23.4917307821149	54.4693493046803	44.5
23.4869906992762	54.4594182062166	44.5
23.4818665510517	54.4486824403176	44.5
23.4765045468479	54.437448336406	44.5
23.4711495514857	54.4262289201103	44.5
23.4668310745158	54.4171811484336	44.5
23.4618390800652	54.4067222734822	44.5
23.456107019557	54.3947128692368	44.5
23.4495664299208	54.3810094990794	44.5
23.4421472063558	54.3654652873269	44.5
23.4337778750946	54.3479304907667	44.5
23.4292142763243	54.3383691849906	44.5
23.4243858661669	54.3282530701907	44.5
23.4192834468448	54.3175628764841	44.5
23.4138977861629	54.3062792619302	44.5
23.4082196260328	54.2943828303908	44.5
23.4022396909966	54.2818541493906	44.5
23.3959486967507	54.2686737679782	44.5
23.3893373586697	54.2548222345857	44.5
23.3823964003304	54.24028011489	44.5
23.3751165620351	54.2250280096725	44.5
23.3674886093364	54.2090465726803	44.5
23.3595033415601	54.192316528486	44.5
23.3511516003297	54.1748186903485	44.5
23.3424242780902	54.1565339780735	44.5
23.3333123266315	54.1374434358737	44.5
23.3238067656127	54.1175282502294	44.5
23.3138986910859	54.0967697677492	44.5
23.3035792840201	54.07514951303	44.5
23.2928398188246	54.0526492065177	44.5
23.2816716718736	54.0292507823677	44.5
23.2700663300294	54.0049364063052	44.5
23.2580153991667	53.9796884934859	44.5
23.2455106126963	53.9534897263562	44.5
23.2325438400888	53.9263230725137	44.5
23.2191070953989	53.8981718025679	44.5
23.2051925457887	53.8690195080003	44.5
23.190792520052	53.8388501190252	44.5
23.175899517138	53.8076479224499	44.5
23.1605062146751	53.7753975795351	44.5
23.1446054774949	53.7420841438558	44.5
23.1281903661558	53.7076930791613	44.5
23.1112541454673	53.6722102772357	44.5
23.0937902930134	53.6356220757588	44.5
23.0757925076769	53.597915276166	44.5
23.0572547181627	53.559077161509	44.5
23.0381710915223	53.5190955143162	44.5
23.0185360416771	53.4779586344535	44.5
22.9983442379428	53.435655356984	44.5
22.9775906135526	53.3921750700294	44.5
22.9562703741817	53.3475077326295	44.5
22.9343790064707	53.3016438926036	44.5
22.9119122865499	53.2545747044102	44.5
22.8888662885628	53.2062919470077	44.5
22.8652373931898	53.1567880417151	44.5
22.8410222961728	53.1060560700721	44.5
22.8162180168383	53.0540897917	44.5
22.7908219066215	53.0008836621614	44.5
22.7648316575904	52.9464328508216	44.5
22.7382453109695	52.8907332587082	44.5
22.7110612656566	52.8337815363582	44.5
22.6832782857131	52.7755750995103	44.5
22.6548955015994	52.7161121316914	44.5
22.6259124059041	52.6553915752611	44.5
22.5963288484112	52.5934131210687	44.5
22.5661450311649	52.5301771981068	44.5
22.5353615035353	52.4656849631644	44.5
22.5039791572837	52.3999382904812	44.5
22.4719992216277	52.3329397614002	44.5
22.4394232583064	52.2646926540217	44.5
22.4062531566461	52.1952009328569	44.5
22.3724911286253	52.124469238481	44.5
22.33813970394	52.0525028771871	44.5
22.3032017250691	51.9793078106393	44.5
22.2676803423396	51.9048906455268	44.5
22.2315790089922	51.8292586232166	44.5
22.1949014762459	51.7524196094078	44.5
22.1576517883643	51.6743820837845	44.5
22.1198342777198	51.5951551296696	44.5
22.0814535598598	51.5147484236782	44.5
22.0425145285715	51.4331722253714	44.5
22.0030223509474	51.3504373669092	44.5
21.9629824624505	51.2665552427045	44.5
21.9224005619795	51.1815377990765	44.5
21.8812826069345	51.0953975239041	44.5
21.8396348082818	51.0081474362795	44.5
21.7974636256195	50.9198010761616	44.5
21.7547757622427	50.8303724940297	44.5
21.7115781602088	50.7398762405366	44.5
21.6678779954028	50.6483273561626	44.5
21.6236826726027	50.5557413608688	44.5
21.5789998205445	50.4621342437503	44.5
21.533837286988	50.3675224526903	44.5
21.4882031337815	50.2719228840132	44.5
21.4421056319277	50.175352872138	44.5
21.3955532566482	50.0778301792321	44.5
21.3485546824499	49.9793729848648	44.5
21.3011187781892	49.8799998756606	44.5
21.2532546021381	49.7797298349527	44.5
21.2049713970489	49.6785822324368	44.5
21.15627858522	49.5765768138241	44.5
21.1071857635608	49.4737336904955	44.5
21.0577026986575	49.3700733291544	44.5
21.0078393218375	49.2656165414806	44.5
20.9576057242357	49.1603844737837	44.5
20.9070121518594	49.0543985966567	44.5
20.8560690006532	48.9476806946293	44.5
20.8047868115649	48.8402528558215	44.5
20.7531762656105	48.7321374615974	44.5
20.7012481789396	48.623357176218	44.5
20.6490134979005	48.5139349364954	44.5
20.5964832941058	48.403893941446	44.5
20.5436687594975	48.293257641944	44.5
20.4905812014121	48.1820497303749	44.5
20.4372320376466	48.0702941302892	44.5
20.3836327915229	47.9580149860555	44.5
20.3297950869537	47.8452366525144	44.5
20.2757306435075	47.7319836846317	44.5
20.2214512714744	47.6182808271524	44.5
20.1669688669304	47.5041530042535	44.5
20.112295406804	47.3896253091979	44.5
20.0574429439401	47.274722993988	44.5
20.0024236021666	47.159471459019	44.5
19.9472495713588	47.0438962427323	44.5
19.891933102505	46.9280230112696	44.5
19.8364865027719	46.8118775481254	44.5
19.7809221305699	46.6954857438016	44.5
19.7252523906179	46.5788735854601	44.5
19.6694897290093	46.4620671465767	44.5
19.613646628277	46.345092576595	44.5
19.5577356024585	46.2279760905788	44.5
19.5017691921616	46.110743958867	44.5
19.4457599596291	45.9934224967258	44.5
19.3897204838049	45.8760380540032	44.5
19.3336633553987	45.7586170047818	44.5
19.2776011719514	45.6411857370328	44.5
19.2215465329008	45.5237706422718	44.5
19.1655120346499	45.4063981052291	44.5
19.1095102656359	45.2890944935315	44.5
19.0535538014009	45.1718861473853	44.5
18.9976551996613	45.05479936926	44.5
18.941826995378	44.9378604135708	44.5
18.8860816958262	44.8210954763622	44.5
18.8304317756657	44.704530684991	44.5
18.7748896720102	44.5881920878093	44.5
18.7194677794978	44.4721056438483	44.5
18.6641784453608	44.3562972125003	44.5
18.6090339644956	44.2407925432033	44.5
18.5540465745324	44.1256172651228	44.5
18.4992284509057	44.0107968768359	44.5
18.4445917019236	43.8963567360141	44.5
18.3901483638384	43.7823220491064	44.5
18.335910395916	43.6687178610226	44.5
18.2818896755061	43.5555690448163	44.5
18.228097993112	43.4429002913685	44.5
18.1745470474608	43.3307360990699	44.5
18.1212484405731	43.219100763505	44.5
18.068213672833	43.1080183671346	44.5
18.015454138058	42.9975127689796	44.5
17.9629811185691	42.8876075943032	44.5
17.9108057802607	42.7783262242949	44.5
17.8589391676703	42.6696917857535	44.5
17.8073921990488	42.5617271407699	44.5
17.7561756614303	42.4544548764107	44.5
17.7053002057017	42.347897294401	44.5
17.6547763416734	42.2420764008077	44.5
17.6046144331484	42.1370138957228	44.5
17.554824692993	42.0327311629464	44.5
17.505417178206	41.9292492596699	44.5
17.4564017849894	41.8265889061591	44.5
17.4077882438177	41.7247704754373	44.5
17.3595861145083	41.6238139829688	44.5
17.3118047812911	41.5237390763417	44.5
17.2644534478787	41.4245650249512	44.5
17.2175411325361	41.3263107096827	44.5
17.171076663151	41.2289946125951	44.5
17.1250686723033	41.1326348066039	44.5
17.0795255923354	41.0372489451641	44.5
17.034455650422	40.9428542519537	44.5
16.9898668636399	40.8494675105568	44.5
16.9457670340384	40.7571050541467	44.5
16.9021637437086	40.665782755169	44.5
16.8590643498539	40.5755160150248	44.5
16.8164759798596	40.4863197537539	44.5
16.774405526363	40.3982083997178	44.5
16.7328596423233	40.3111958792834	44.5
16.6918447360915	40.2252956065052	44.5
16.6513669664806	40.1405204728095	44.5
16.611432237835	40.0568828366768	44.5
16.5720461951009	39.9743945133252	44.5
16.5332142188964	39.8930667643937	44.5
16.4949414205807	39.8129102876253	44.5
16.4572326373247	39.7339352065499	44.5
16.4200924271809	39.656151060168	44.5
16.3835250641529	39.5795667926331	44.5
16.3475345332658	39.5041907429356	44.5
16.312124525636	39.4300306345855	44.5
16.277298433541	39.3570935652957	44.5
16.2430593454894	39.2853859966653	44.5
16.2094100412911	39.2149137438624	44.5
16.1763529871269	39.1456819653077	44.5
16.1438903306186	39.0776951523573	44.5
16.1120238958989	39.0109571189859	44.5
16.0807551786815	38.9454709914703	44.5
16.0500853413307	38.8812391980722	44.5
16.0200152079316	38.8182634587213	44.5
15.9905452593602	38.756544774699	44.5
15.9616756283529	38.6960834183209	44.5
15.9334060945767	38.6368789226203	44.5
15.9057360796993	38.5789300710312	44.5
15.8786646424708	38.5222348870976	44.5
15.8521904750699	38.4667906268263	44.5
15.8263119060298	38.4125937848183	44.5
15.8010269082372	38.3596401110175	44.5
15.7763331074446	38.3079246285362	44.5
15.7522277907834	38.2574416514807	44.5
15.7287079152773	38.2081848027781	44.5
15.7057701163551	38.1601470320021	44.5
15.6834107163637	38.1133206331995	44.5
15.6616257330817	38.067697262716	44.5
15.6404108882318	38.0232679570231	44.5
15.6197616159945	37.9800231505436	44.5
15.5996730715211	37.9379526934784	44.5
15.5801401394464	37.897045869632	44.5
15.5611574424022	37.8572914142398	44.5
15.5427193495303	37.8186775317931	44.5
15.5248199849956	37.7811919138663	44.5
15.5074532364991	37.7448217569425	44.5
15.4906127637911	37.7095537802401	44.5
15.4742920071843	37.6753742435386	44.5
15.4584841960668	37.6422689650054	44.5
15.4431823574155	37.6102233390214	44.5
15.4283793243087	37.5792223540077	44.5
15.4140677444397	37.5492506102515	44.5
15.4002400886294	37.5202923377324	44.5
15.38688865934	37.4923314139489	44.5
15.3740055991876	37.4653513817441	44.5
15.3615828994556	37.4393354671323	44.5
15.3496124086074	37.414266597125	44.5
15.3380858408001	37.3901274175575	44.5
15.3269947843971	37.3669003109146	44.5
15.3163307104814	37.344567414157	44.5
15.3060849813688	37.3231106365477	44.5
15.2962488591207	37.3025116774782	44.5
15.2868135140574	37.2827520442943	44.5
15.2777700332713	37.2638130701229	44.5
15.2691094291399	37.2456759316978	44.5
15.2608226478386	37.2283216671861	44.5
15.2529005778545	37.2117311940143	44.5
15.2453340584986	37.1958853266948	44.5
15.2381138884198	37.1807647946517	44.5
15.2312308341173	37.1663502600472	44.5
15.2246756384542	37.1526223356079	44.5
15.2184390291701	37.1395616024512	44.5
15.2125117273948	37.1271486279108	44.5
15.2068844561607	37.1153639833638	44.5
15.2015479489168	37.1041882620563	44.5
15.1964929580407	37.0936020969299	44.5
15.1917102633527	37.0835861784478	44.5
15.1871906806282	37.0741212724211	44.5
15.1789043450277	37.0567680446747	44.5
15.1715615200487	37.0413907245329	44.5
15.1650908946254	37.0278399692812	44.5
15.1594225502353	37.0159693530878	44.5
15.1544882333191	37.0056359374424	44.5
15.148318589614	36.992715513287	44.5
15.1434376070658	36.9824937977318	44.5
15.1385890584862	36.9723400073869	44.5
15.1340134536505	36.9627578144674	44.5
15.1296946913696	36.9537134991143	44.5
15.1253382465656	36.9445907457697	44.5
15.1208105684049	36.9351183710743	44.5
15.1155541085525	36.9241435234791	44.5
15.1109187278505	36.9144874268078	44.5
15.1052117095256	36.9026272584599	44.5
15.1001371382213	36.8921068521346	44.5
15.0943078825458	36.8800502061344	44.5
15.087655289118	36.8663260511846	44.5
15.0827280873765	36.8561846387795	44.5
15.0773823858066	36.8452034010535	44.5
15.0715966034875	36.8333425424961	44.5
15.0653488909102	36.8205622118444	44.5
15.0586171555744	36.8068225784242	44.5
15.0513790875856	36.7920839084902	44.5
15.0436121852521	36.7763066415677	44.5
15.0352937806818	36.7594514667929	44.5
15.0264010653791	36.7414793992539	44.5
15.0217321814013	36.7320624558274	44.5
15.0169111158422	36.7223518563316	44.5
15.0119349894939	36.7123428533223	44.5
15.00680091916	36.7020307340408	44.5
15.001506018456	36.6914108228001	44.5
14.9960473986088	36.6804784833705	44.5
14.9904221692567	36.6692291213651	44.5
14.9846274392494	36.6576581866254	44.5
14.978660317448	36.6457611756072	44.5
14.9725179135244	36.6335336337662	44.5
14.9661973387618	36.6209711579434	44.5
14.9596957068544	36.608069398751	44.5
14.9530101347072	36.594824062958	44.5
14.9461377432359	36.5812309158758	44.5
14.939075658167	36.5672857837439	44.5
14.9318210108376	36.5529845561154	44.5
14.9243709389952	36.5383231882431	44.5
14.9167225875977	36.5232977034646	44.5
14.9088731096133	36.5079041955881	44.5
14.9008196668206	36.4921388312785	44.5
14.892559430608	36.4759978524423	44.5
14.8840895827742	36.4594775786139	44.5
14.8754073163276	36.4425744093408	44.5
14.8665098362865	36.4252848265698	44.5
14.8573943604792	36.4076053970319	44.5
14.8480581203431	36.3895327746286	44.5
14.8384983617257	36.3710637028172	44.5
14.8287123456836	36.3521950169966	44.5
14.8186973492829	36.332923646893	44.5
14.8084506663988	36.3132466189453	44.5
14.797969608516	36.2931610586909	44.5
14.7872515055279	36.2726641931517	44.5
14.776293706537	36.2517533532189	44.5
14.7650935806549	36.2304259760397	44.5
14.7536485178017	36.208679607402	44.5
14.7419559295062	36.1865119041207	44.5
14.7300132497062	36.1639206364232	44.5
14.7178179355474	36.1409036903347	44.5
14.7053674681844	36.1174590700643	44.5
14.6926593535798	36.0935849003906	44.5
14.6796911233047	36.0692794290471	44.5
14.6664603353381	36.0445410291079	44.5
14.6529645748671	36.0193682013736	44.5
14.6392014550867	35.9937595767568	44.5
14.6251686179999	35.9677139186676	44.5
14.6108637352173	35.9412301253996	44.5
14.5962845087571	35.9143072325151	44.5
14.5814286718452	35.8869444152313	44.5
14.5662939897149	35.8591409908053	44.5
14.5508782604069	35.8308964209204	44.5
14.5351793155691	35.8022103140714	44.5
14.5191950212567	35.7730824279502	44.5
14.5029232787318	35.7435126718316	44.5
14.4863620252637	35.7135011089591	44.5
14.4695092349285	35.68304795893	44.5
14.452362919409	35.6521536000818	44.5
14.4349211287948	35.6208185718773	44.5
14.4171819523822	35.5890435772903	44.5
14.3991435194739	35.5568294851916	44.5
14.380804000179	35.5241773327343	44.5
14.3621616062131	35.4910883277396	44.5
14.3432145916977	35.4575638510825	44.5
14.3239612539609	35.4236054590772	44.5
14.3043999343363	35.3892148858632	44.5
14.284529018964	35.3543940457904	44.5
14.2643469395895	35.3191450358053	44.5
14.2438521743629	35.2834701378267	44.5
14.2230432485405	35.2473718204798	44.5
14.2019187347754	35.210852738098	44.5
14.1804772531435	35.1739157279607	44.5
14.1587174711479	35.1365638073911	44.5
14.136638103723	35.0988001708536	44.5
14.1142379132392	35.0606281870516	44.5
14.0915157095074	35.0220513960249	44.5
14.0684703497831	34.9830735062475	44.5
14.0451007387714	34.9436983917252	44.5
14.0214058286307	34.9039300890927	44.5
13.997384618978	34.8637727947121	44.5
13.9730361568925	34.8232308617695	44.5
13.9483595369207	34.7823087973734	44.5
13.9233539010805	34.7410112596519	44.5
13.8980184388656	34.6993430548501	44.5
13.8723523872502	34.6573091344283	44.5
13.8463550306932	34.6149145921591	44.5
13.8200257011427	34.5721646612251	44.5
13.7933637780407	34.5290647113165	44.5
13.766368688327	34.4856202457288	44.5
13.7390399064442	34.4418368984604	44.5
13.7113769543417	34.3977204313099	44.5
13.6833794014805	34.353276730974	44.5
13.6550468648374	34.3085118061451	44.5
13.6263790089095	34.2634317846087	44.5
13.5973755457186	34.2180429103411	44.5
13.5680362348159	34.1723515406068	44.5
13.5383608832861	34.1263641430567	44.5
13.5083493457519	34.0800872928248	44.5
13.4780015243785	34.0335276696265	44.5
13.4473173688784	33.986692054856	44.5
13.416296876515	33.9395873286838	44.5
13.3849400921079	33.8922204671541	44.5
13.3532471080368	33.8445985392831	44.5
13.3212180642462	33.7967287041556	44.5
13.2888531482497	33.7486182080236	44.5
13.2561525951346	33.7002743814031	44.5
13.223116687566	33.6517046361722	44.5
13.1897457557918	33.6029164626683	44.5
13.1560401776466	33.553917426786	44.5
13.1220003785563	33.5047151670747	44.5
13.0876268315428	33.455317391836	44.5
13.0529200572282	33.4057318762212	44.5
13.0178806238391	33.3559664593293	44.5
12.9825091472113	33.3060290413044	44.5
12.9468062907944	33.2559275804329	44.5
12.9107727656556	33.2056700902419	44.5
12.8744093304848	33.1552646365961	44.5
12.8377167915987	33.1047193347956	44.5
12.8006960029454	33.0540423466737	44.5
12.7633478661086	33.0032418776941	44.5
12.7256733303123	32.952326174049	44.5
12.6876733924251	32.9013035197562	44.5
12.6493490969648	32.8501822337569	44.5
12.6107015361026	32.7989706670135	44.5
12.5717318496675	32.7476771996067	44.5
12.5324412251514	32.6963102378337	44.5
12.4928308977124	32.6448782113052	44.5
12.4529021501805	32.5933895700435	44.5
12.4126563130609	32.5418527815797	44.5
12.3720947645393	32.4902763280515	44.5
12.3312189304858	32.4386687033008	44.5
12.2900302844597	32.3870384099712	44.5
12.2485303477137	32.3353939566058	44.5
12.2067206891984	32.2837438547443	44.5
12.1646029255669	32.2320966160213	44.5
12.1221787211788	32.1804607492632	44.5
12.0794497881053	32.1288447575864	44.5
12.036417886133	32.0772571354945	44.5
11.9930848227688	32.0257063659758	44.5
11.9494524532441	31.9742009176014	44.5
11.9055226805193	31.9227492416223	44.5
11.8612974552883	31.8713597690673	44.5
11.8167787759828	31.8200409078404	44.5
11.7719686887767	31.7688010398185	44.5
11.7268692875911	31.717648517949	44.5
11.6814827140978	31.6665916633472	44.5
11.6358111577245	31.6156387623943	44.5
11.589856855659	31.5647980638345	44.5
11.5436220928536	31.5140777758731	44.5
11.4971092020295	31.4634860632735	44.5
11.4503205636813	31.4130310444554	44.5
11.4032586060815	31.362720788592	44.5
11.355925805285	31.3125633127078	44.5
11.3083246851331	31.2625665787759	44.5
11.2604578172586	31.2127384908162	44.5
11.2123278210897	31.163086891992	44.5
11.1639373638547	31.1136195617088	44.5
11.1152891605865	31.064344212711	44.5
11.0663859741267	31.0152684881796	44.5
11.0172306151305	30.9663999588302	44.5
10.9678259420707	30.9177461200104	44.5
10.9181748612425	30.8693143887972	44.5
10.8682803267678	30.8211121010948	44.5
10.8181453405994	30.7731465087322	44.5
10.7677729525259	30.7254247765606	44.5
10.7171662601759	30.6779539795514	44.5
10.6663284090223	30.6307410998931	44.5
10.6152625923869	30.5837930240898	44.5
10.5639720514451	30.5371165400579	44.5
10.5124600752297	30.4907183342243	44.5
10.4607300006359	30.4446049886238	44.5
10.4087852124256	30.3987829779966	44.5
10.3566291432316	30.3532586668861	44.5
10.3042652735623	30.3080383067363	44.5
10.2516971318063	30.2631280329896	44.5
10.1989282942363	30.2185338621839	44.5
10.1459623850139	30.1742616890511	44.5
10.0928030761942	30.1303172836136	44.5
10.0394540877298	30.086706288283	44.5
9.98591918747554	30.0434342149566	44.5
9.93220219119292	30.0005064421159	44.5
9.87830696255445	29.9579282119237	44.5
9.82423741314812	29.9157046273218	44.5
9.76999750248189	29.8738406491287	44.5
9.71559123798805	29.832341093137	44.5
9.66102267502771	29.7912106272112	44.5
9.60629591689526	29.7504537683851	44.5
9.55141511482274	29.7100748799595	44.5
9.49638446798436	29.6700781685999	44.5
9.44120822350088	29.6304676814339	44.5
9.38589067644407	29.5912473031487	44.5
9.33043616984116	29.5524207530892	44.5
9.27484909467927	29.5139915823551	44.5
9.21913388990356	29.4759631709225	44.5
9.16329504219087	29.4383387256266	44.5
9.10733708503424	29.4011212807831	44.5
9.05126459750034	29.3643137000647	44.5
8.99508220296999	29.327918678441	44.5
8.93879456787881	29.2919387441188	44.5
8.88240640045776	29.2563762604824	44.5
8.82592244947374	29.2212334280335	44.5
8.76934750297017	29.1865122863319	44.5
8.71268638700759	29.1522147159354	44.5
8.65594396440422	29.1183424403399	44.5
8.59912513347659	29.0848970279201	44.5
8.54223482678006	29.0518798938692	44.5
8.48527800984947	29.0192923021393	44.5
8.42825967993967	28.9871353673817	44.5
8.37118486476617	28.955410056887	44.5
8.31405862124565	28.9241171925255	44.5
8.25688603423658	28.8932574526871	44.5
8.19967221527985	28.8628313742219	44.5
8.14242230133925	28.83283935438	44.5
8.08514145354218	28.8032816527521	44.5
8.02783485592013	28.7741583932094	44.5
7.97050771414932	28.745469565844	44.5
7.91316525429129	28.7172150289092	44.5
7.85581272153343	28.6893945107594	44.5
7.79845537892965	28.6620076117905	44.5
7.74109850614088	28.6350538063804	44.5
7.68374739817571	28.6085324448285	44.5
7.62640736413097	28.5824427552968	44.5
7.56908372593228	28.5567838457492	44.5
7.51178181707468	28.5315547058926	44.5
7.45450698136318	28.5067542091165	44.5
7.39726457165338	28.4823811144332	44.5
7.34005994859201	28.4584340684187	44.5
7.28289847935757	28.4349116071519	44.5
7.22578553640084	28.4118121581559	44.5
7.16872649618557	28.3891340423372	44.5
7.11172673792896	28.3668754759266	44.5
7.0547916423423	28.3450345724192	44.5
6.99792659037157	28.3236093445146	44.5
6.94113696193798	28.3025977060571	44.5
6.88442813467858	28.2819974739758	44.5
6.82780548268685	28.2618063702253	44.5
6.77127437525326	28.2420220237253	44.5
6.71484017560589	28.2226419723012	44.5
6.65850823965099	28.2036636646241	44.5
6.60228391471359	28.1850844621512	44.5
6.54617253827803	28.166901641066	44.5
6.49017943672862	28.1491123942182	44.5
6.43430992409017	28.1317138330645	44.5
6.37856930076861	28.1147029896082	44.5
6.32296285229154	28.0980768183398	44.5
6.26749584804884	28.0818321981772	44.5
6.21217354003326	28.0659659344057	44.5
6.15700116158098	28.0504747606182	44.5
6.10198392611222	28.0353553406559	44.5
6.04712702587181	28.020604270548	44.5
5.99243563066977	28.0062180804519	44.5
5.93791488662195	27.992193236594	44.5
5.88356991489051	27.9785261432091	44.5
5.8294058104246	27.9652131444812	44.5
5.77542764070091	27.9522505264837	44.5
5.72164044446425	27.9396345191192	44.5
5.66804923046815	27.9273612980601	44.5
5.61465897621542	27.9154269866886	44.5
5.56147462669876	27.9038276580373	44.5
5.50850109314136	27.8925593367287	44.5
5.45574325173742	27.8816180009161	44.5
5.40320594239281	27.8709995842234	44.5
5.35089396746561	27.8606999776856	44.5
5.29881209050672	27.8507150316889	44.5
5.24696503500041	27.8410405579107	44.5
5.19535748310494	27.8316723312601	44.5
5.14399407439316	27.8226060918182	44.5
5.09287940459303	27.8138375467778	44.5
5.04201802432825	27.8053623723843	44.5
4.99141443785886	27.7971762158753	44.5
4.9410731018218	27.7892746974212	44.5
4.89099842397148	27.7816534120653	44.5
4.8411947619204	27.774307931664	44.5
4.79166642187973	27.7672338068271	44.5
4.74241765739986	27.7604265688578	44.5
4.69345266811104	27.7538817316932	44.5
4.6447755984639	27.7475947938442	44.5
4.59639053647011	27.7415612403362	44.5
4.5483015124429	27.7357765446486	44.5
4.50051249773768	27.7302361706557	44.5
4.45302740349261	27.7249355745666	44.5
4.4058500793692	27.7198702068654	44.5
4.3589843122929	27.7150355142514	44.5
4.31243382519364	27.7104269415796	44.5
4.26620227574647	27.7060399338004	44.5
4.22029325511212	27.7018699379003	44.5
4.17471028667758	27.697912404842	44.5
4.12945682479671	27.6941627915042	44.5
4.08453625353079	27.6906165626226	44.5
4.03995188538913	27.6872691927293	44.5
3.99570696006965	27.6841161680936	44.5
3.95180464319946	27.681152988662	44.5
3.90824802507546	27.6783751699982	44.5
3.86504011940491	27.6757782452237	44.5
3.82218386204601	27.673357766958	44.5
3.7796821097485	27.6711093092582	44.5
3.73753763889426	27.6690284695603	44.5
3.69575314423784	27.6671108706182	44.5
3.65433123764709	27.6653521624448	44.5
3.61327444684377	27.6637480242519	44.5
3.57258521414406	27.6622941663905	44.5
3.5322658951992	27.6609863322907	44.5
3.49231875773606	27.6598203004025	44.5
3.45274598029774	27.6587918861353	44.5
3.41354965098412	27.657896943799	44.5
3.37473176619248	27.6571313685431	44.5
3.33629422935807	27.6564910982981	44.5
3.29823884969471	27.6559721157147	44.5
3.26056734093533	27.6555704501048	44.5
3.22328132007262	27.655282179381	44.5
3.18638230609957	27.6551034319976	44.5
3.14987171875007	27.6550303888902	44.5
3.11375087723949	27.6550592854159	44.5
3.07802099900526	27.6551864132942	44.5
3.0426831984475	27.6554081225463	44.5
3.00773848566953	27.6557208234361	44.5
2.97318776521851	27.6561209884098	44.5
2.93903183482601	27.6566051540366	44.5
2.9052713841786	27.6571699229194	44.5
2.87190699432916	27.657811964981	44.5
2.8389391385419	27.6585280173527	44.5
2.80636818363473	27.6593148837776	44.5
2.77419439133693	27.6601694339991	44.5
2.74241791964704	27.6610886031494	44.5
2.71103882419055	27.6620693911378	44.5
2.68005705957775	27.6631088620392	44.5
2.64947248076149	27.6642041434827	44.5
2.61928484439493	27.6653524260395	44.5
2.58949381018939	27.666550962612	44.5
2.56009894227208	27.6677970678218	44.5
2.53109971054389	27.669088117398	44.5
2.5024954920372	27.6704215475661	44.5
2.47428557227364	27.6717948544362	44.5
2.44646914662188	27.6732055933912	44.5
2.41904532165539	27.6746513784756	44.5
2.39201311651027	27.6761298817837	44.5
2.36537146424299	27.677638832848	44.5
2.3391192131882	27.6791760180279	44.5
2.31325512831649	27.6807392798978	44.5
2.2877778925922	27.6823265166356	44.5
2.26268610833118	27.6839356814112	44.5
2.23797829855857	27.6855647817752	44.5
2.21365290836662	27.6872118790466	44.5
2.18970830627241	27.688875087702	44.5
2.16614278557571	27.6905525747636	44.5
2.14295456571669	27.6922425591875	44.5
2.12014179363375	27.6939433112527	44.5
2.09770254512128	27.6956531519489	44.5
2.07563482618746	27.6973704523653	44.5
2.05393657441203	27.699093633079	44.5
2.03260566030408	27.7008211635433	44.5
2.01163988865981	27.7025515614759	44.5
1.99103699992035	27.7042833922481	44.5
1.97079467152953	27.7060152682723	44.5
1.95091051929165	27.7077458483911	44.5
1.93138209872926	27.7094738372654	44.5
1.91220690644098	27.7111979847628	44.5
1.89338238145922	27.7129170853464	44.5
1.87490590660803	27.7146299774627	44.5
1.85677480986084	27.7163355429304	44.5
1.83898636569826	27.7180327063287	44.5
1.82153779646585	27.7197204343857	44.5
1.80442627373192	27.7213977353669	44.5
1.7876489196453	27.7230636584636	44.5
1.77120280829312	27.7247172931812	44.5
1.7550849670586	27.726357768728	44.5
1.73929237797885	27.7279842534031	44.5
1.72382197910261	27.7295959539852	44.5
1.70867066584808	27.731192115121	44.5
1.69383529236067	27.7327720187134	44.5
1.67931267287078	27.7343349833101	44.5
1.66509958305163	27.7358803634921	44.5
1.65119276137698	27.737407549262	44.5
1.63758891047895	27.7389159654324	44.5
1.6242846985058	27.7404050710143	44.5
1.61127676047971	27.7418743586058	44.5
1.59856169965455	27.7433233537802	44.5
1.58613608887368	27.7447516144745	44.5
1.57399647192773	27.7461587303781	44.5
1.56213936491237	27.7475443223209	44.5
1.55056125758611	27.7489080416617	44.5
1.53925861472808	27.7502495696769	44.5
1.52822787749579	27.7515686169488	44.5
1.51746546478294	27.752864922754	44.5
1.50696777457721	27.7541382544518	44.5
1.496731185318	27.7553884068726	44.5
1.48675205725425	27.7566152017066	44.5
1.46755154290327	27.7589981360028	44.5
1.44933680130211	27.7612861448131	44.5
1.43207819807922	27.7634787062229	44.5
1.41574593816266	27.7655756693601	44.5
1.40031010922918	27.7675772348246	44.5
1.38574072515324	27.769483935118	44.5
1.37200776945608	27.771296615073	44.5
1.35908123875479	27.7730164122837	44.5
1.34693118621132	27.7746447375345	44.5
1.33552776498157	27.77618325523	44.5
1.32484127166441	27.7776338638249	44.5
1.31484218975077	27.7789986762533	44.5
1.30106847344584	27.7808901239701	44.5
1.28867796315072	27.7826022720957	44.5
1.27757473492958	27.7841443677112	44.5
1.26766491079162	27.7855262483258	44.5
1.25615044989901	27.7871373442956	44.5
1.24419470091073	27.7888147108111	44.5
1.23291591042141	27.7903993439849	44.5
1.2220913554985	27.7919206273887	44.5
1.21187500938659	27.7933564411989	44.5
