1.20515765865591	-14.7788513550486	55
1.1921002262679	-14.7769534634949	55
1.17906126073989	-14.7749325946531	55
1.16604192026819	-14.7727889280281	55
1.1530433613059	-14.7705226540331	55
1.14006673846019	-14.7681339739714	55
1.12711320438973	-14.7656231000196	55
1.11418390970232	-14.7629902552078	55
1.10128000285266	-14.7602356734007	55
1.08840263004038	-14.7573595992761	55
1.07555293510818	-14.7543622883035	55
1.06273205944027	-14.7512440067215	55
1.04994114186096	-14.7480050315138	55
1.03718131853351	-14.7446456503849	55
1.0244537228592	-14.7411661617346	55
1.01175948537667	-14.737566874631	55
0.999099733661496	-14.7338481087837	55
0.986475592226023	-14.730010194515	55
0.973888182419488	-14.7260534727306	55
0.961338622328412	-14.7219782948894	55
0.948828026677284	-14.7177850229723	55
0.93635750672955	-14.71347402945	55
0.923928170188894	-14.7090456972497	55
0.911541121100857	-14.7045004197216	55
0.899197459754763	-14.6998386006035	55
0.886898282585984	-14.6950606539852	55
0.874644682078551	-14.6901670042714	55
0.862437746668113	-14.6851580861445	55
0.850278560645255	-14.6800343445255	55
0.838168204059185	-14.6747962345348	55
0.826107752621798	-14.6694442214516	55
0.814098277612126	-14.6639787806725	55
0.802140845781179	-14.6584003976698	55
0.790236519257192	-14.6527095679476	55
0.778386355451278	-14.6469067969984	55
0.766591406963504	-14.6409926002577	55
0.754852721489397	-14.6349675030587	55
0.743171341726873	-14.6288320405855	55
0.731548305283626	-14.6225867578252	55
0.719984644584959	-14.61623220952	55
0.708481386782077	-14.6097689601177	55
0.69703955366085	-14.6031975837213	55
0.685660161551056	-14.5965186640386	55
0.674344221236097	-14.5897327943298	55
0.663092737863223	-14.582840577355	55
0.651906710854243	-14.575842625321	55
0.640787133816756	-14.5687395598261	55
0.629734994455888	-14.5615320118058	55
0.618751274486562	-14.5542206214762	55
0.607836949546295	-14.5468060382772	55
0.596992989108535	-14.539288920815	55
0.58622035639655	-14.5316699368033	55
0.575520008297866	-14.5239497630045	55
0.56489289527927	-14.516129085169	55
0.554339961302389	-14.5082085979746	55
0.543862143739837	-14.5001890049649	55
0.533460373291951	-14.4920710184863	55
0.52313557390413	-14.4838553596254	55
0.512888662684753	-14.4755427581446	55
0.502720549823722	-14.4671339524171	55
0.492632138511617	-14.4586296893618	55
0.48262432485946	-14.4500307243764	55
0.472697997819128	-14.4413378212707	55
0.462854039104383	-14.4325517521986	55
0.453093323112557	-14.4236732975896	55
0.443416716846881	-14.4147032460794	55
0.433825079839476	-14.4056423944398	55
0.424319264074999	-14.3964915475081	55
0.414900113914972	-14.3872515181153	55
0.405568466022772	-14.3779231270143	55
0.396325149289324	-14.3685072028068	55
0.387170984759465	-14.3590045818695	55
0.378106785559018	-14.3494161082803	55
0.369133356822567	-14.3397426337427	55
0.360251495621938	-14.3299850175108	55
0.351461990895397	-14.3201441263124	55
0.342765623377577	-14.3102208342724	55
0.334163165530124	-14.3002160228349	55
0.325655381473085	-14.2901305806852	55
0.317243026917031	-14.2799654036705	55
0.308926849095936	-14.2697213947206	55
0.300707586700799	-14.2593994637677	55
0.29258596981403	-14.2490005276653	55
0.284562719844602	-14.2385255101071	55
0.276638549463967	-14.2279753415447	55
0.268814162542757	-14.217350959105	55
0.261090254088261	-14.2066533065072	55
0.253467510182687	-14.1958833339786	55
0.245946607922224	-14.1850419981705	55
0.238528215356898	-14.1741302620729	55
0.231212991431231	-14.1631490949294	55
0.224001585925709	-14.1520994721507	55
0.216894639399065	-14.1409823752282	55
0.209892783131384	-14.1297987916467	55
0.202996639068025	-14.1185497147968	55
0.196206819764377	-14.1072361438866	55
0.189523928331451	-14.0958590838528	55
0.182948558382305	-14.0844195452717	55
0.176481293979317	-14.0729185442693	55
0.170122709582305	-14.0613571024309	55
0.163873369997502	-14.0497362467106	55
0.157733830327385	-14.0380570093401	55
0.151704635921365	-14.0263204277368	55
0.145786322327352	-14.0145275444117	55
0.13997941524418	-14.0026794068769	55
0.13428443047491	-13.9907770675524	55
0.128701873881021	-13.9788215836729	55
0.123232241337467	-13.9668140171936	55
0.117876018688636	-13.954755434696	55
0.112633681705195	-13.942646907293	55
0.107505696041827	-13.9304895105341	55
0.102492517195868	-13.9182843243096	55
0.0975945904668494	-13.9060324327546	55
0.092812350916945	-13.8937349241531	55
0.0881462233323225	-13.8813928908409	55
0.0835966221854134	-13.8690074291086	55
0.0791639515980986	-13.8565796391047	55
0.0748486053058095	-13.8441106247373	55
0.0706509666225552	-13.8316014935764	55
0.0665714084068756	-13.8190533567553	55
0.0626102930287189	-13.806467328872	55
0.0587679723372567	-13.7938445278904	55
0.0550447876296305	-13.7811860750407	55
0.0514410696206324	-13.7684930947197	55
0.0479571384133337	-13.7557667143915	55
0.0445933034706494	-13.7430080644866	55
0.0413498635878478	-13.7302182783022	55
0.0382271068660136	-13.7173984919009	55
0.0352253106864557	-13.7045498440105	55
0.0323447416860667	-13.691673475922	55
0.0295856557336409	-13.6787705313889	55
0.0269482979071465	-13.6658421565254	55
0.0244329024719545	-13.6528894997044	55
0.0220396928600322	-13.6399137114559	55
0.0197688816500947	-13.6269159443644	55
0.0176206705487241	-13.6138973529666	55
0.0155952503724512	-13.6008590936493	55
0.0136928010308077	-13.5878023245459	55
0.0119134915103438	-13.5747282054342	55
0.0102574798596196	-13.561637897633	55
0.00872491317516499	-13.5485325638992	55
0.00731592758841448	-13.5354133683243	55
0.00603064825361477	-13.5222814762311	55
0.00486918933670766	-13.5091380540701	55
0.00383165400519014	-13.4959842693162	55
0.00291813441894928	-13.4828212903645	55
0.00212871172207718	-13.469650286427	55
0.00146345603566189	-13.4564724274283	55
0.000922426451560376	-13.4432888839022	55
0.000505671027148269	-13.4301008268871	55
0.000213226781052178	-13.4169094278226	55
4.51196898612061e-05	-13.4037158584449	55
1.36468581879434e-06	-13.3905212906833	55
8.19656554977843e-05	-13.3773268965555	55
0.000286915439454027	-13.3641338480638	55
0.000616195832862321	-13.3509433170912	55
0.00106977758713445	-13.3377564752969	55
0.00164762041251598	-13.3245744940123	55
0.00234967298166655	-13.3113985441374	55
0.00317587293421751	-13.2982297960361	55
0.00412614688231172	-13.2850694194328	55
0.00520041041712238	-13.2719185833083	55
0.0063985681163512	-13.2587784557958	55
0.0077205135527032	-13.2456502040775	55
0.00916612930334137	-13.2325349942805	55
0.0107352869603157	-13.2194339913737	55
0.0124278471419703	-13.2063483590638	55
0.0142436595053232	-13.1932792596925	55
0.0161825627594212	-13.1802278541326	55
0.0182443846796663	-13.1671953016856	55
0.0204289421231139	-13.1541827599779	55
0.0227360410447399	-13.1411913848589	55
0.0251654765146794	-13.1282223302976	55
0.027717032736426	-13.1152767482804	55
0.0303904830660027	-13.1023557887088	55
0.0331855900320932	-13.089460599297	55
0.0361021053571353	-13.0765923254705	55
0.0391397699793739	-13.0637521102636	55
0.0422983140758735	-13.0509410942185	55
0.0455774570864844	-13.0381604152837	55
0.0489769077387636	-13.0254112087132	55
0.0524963640738492	-13.012694606965	55
0.0561355134732786	-13.0000117396013	55
0.0598940326867607	-12.9873637331877	55
0.0637715878608871	-12.9747517111932	55
0.0677678345687862	-12.9621767938906	55
0.0718824178407191	-12.9496400982568	55
0.0761149721956089	-12.9371427378735	55
0.0804651216735039	-12.9246858228286	55
0.0849324798689752	-12.9122704596172	55
0.0895166499654372	-12.8998977510438	55
0.0942172247703952	-12.8875687961238	55
0.0990337867516162	-12.8752846899863	55
0.103965908074216	-12.8630465237766	55
0.109013150638659	-12.8508553845594	55
0.114175066119678	-12.8387123552222	55
0.119451196006093	-12.8266185143791	55
0.12484107164154	-12.8145749362749	55
0.130344214266102	-12.80258269069	55
0.135960135058829	-12.7906428428448	55
0.141688335181166	-12.7787564533057	55
0.147528305821256	-12.7669245778905	55
0.153479528239141	-12.7551482675749	55
0.159541473812834	-12.7434285683988	55
0.165713604085278	-12.7317665213736	55
0.171995370812176	-12.7201631623899	55
0.178386216010683	-12.708619522125	55
0.184885572008979	-12.6971366259518	55
0.191492861496682	-12.6857154938476	55
0.198207497576137	-12.6743571403033	55
0.205028883814541	-12.6630625742336	55
0.211956414296929	-12.6518327988871	55
0.218989473679986	-12.6406688117574	55
0.226127437246711	-12.6295716044945	55
0.23336967096191	-12.6185421628164	55
0.240715531528507	-12.6075814664218	55
0.248164366444694	-12.5966904889033	55
0.255715514061882	-12.5858701976605	55
0.263368303643479	-12.5751215538141	55
0.271122055424464	-12.5644455121209	55
0.278976080671773	-12.5538430208885	55
0.286929681745469	-12.5433150218917	55
0.294982152160717	-12.5328624502881	55
0.303132776650534	-12.5224862345356	55
0.311380831229325	-12.5121872963096	55
0.319725583257192	-12.5019665504215	55
0.328166291505009	-12.4918249047369	55
0.336702206220264	-12.4817632600955	55
0.345332569193658	-12.4717825102306	55
0.354056613826449	-12.4618835416903	55
0.36287356519855	-12.4520672337582	55
0.371782640137358	-12.4423344583754	55
0.380783047287326	-12.4326860800634	55
0.389873987180249	-12.4231229558469	55
0.399054652306279	-12.4136459351779	55
0.408324227185659	-12.4042558598602	55
0.417681888441149	-12.3949535639746	55
0.42712680487117	-12.3857398738047	55
0.436658137523632	-12.3766156077638	55
0.446275039770459	-12.367581576322	55
0.455976657382787	-12.3586385819341	55
0.465762128606844	-12.3497874189687	55
0.475630584240495	-12.3410288736373	55
0.485581147710451	-12.3323637239244	55
0.495612935150129	-12.3237927395187	55
0.505725055478162	-12.3153166817447	55
0.515916610477557	-12.3069363034948	55
0.526186694875468	-12.2986523491627	55
0.536534396423616	-12.2904655545771	55
0.546958795979319	-12.2823766469364	55
0.557458967587131	-12.2743863447442	55
0.568033978561101	-12.2664953577452	55
0.578682889567606	-12.2587043868627	55
0.589404754708796	-12.2510141241357	55
0.600198621606618	-12.2434252526577	55
0.6110635314874	-12.2359384465163	55
0.621998519267024	-12.2285543707328	55
0.63300261363665	-12.2212736812036	55
0.64407483714899	-12.2140970246415	55
0.655214206305128	-12.2070250385188	55
0.666419731641889	-12.2000583510101	55
0.67769041781972	-12.1931975809369	55
0.689025263711106	-12.1864433377124	55
0.700423262489498	-12.1797962212876	55
0.711883401718738	-12.1732568220979	55
0.723404663442996	-12.1668257210103	55
0.73498602427719	-12.1605034892727	55
0.746626455497885	-12.154290688462	55
0.758324923134673	-12.1481878704352	55
0.770080388062019	-12.14219557728	55
0.781891806091557	-12.1363143412663	55
0.793758128064839	-12.1305446847997	55
0.805678299946539	-12.1248871203743	55
0.817651262918066	-12.1193421505277	55
0.829675953471618	-12.1139102677963	55
0.841751303504655	-12.1085919546712	55
0.853876240414764	-12.1033876835558	55
0.866049687194941	-12.0982979167235	55
0.878270562529257	-12.0933231062769	55
0.890537780888901	-12.0884636941073	55
0.902850252628607	-12.0837201118559	55
0.915206884083446	-12.0790927808751	55
0.927606577665962	-12.0745821121912	55
0.940048231963676	-12.0701885064677	55
0.952530741836914	-12.0659123539703	55
0.965052998516975	-12.0617540345315	55
0.977613889704614	-12.0577139175172	55
0.990212299668849	-12.053792361794	55
1.00284710934606	-12.0499897156973	55
1.0155171964394	-12.0463063169999	55
1.02822143551847	-12.0427424928826	55
1.04095869811929	-12.039298559905	55
1.05372785284457	-12.035974823977	55
1.06652776546413	-12.0327715803322	55
1.07935729901573	-12.029689113501	55
1.09221531390603	-12.0267276972862	55
1.10510066801178	-12.0238875947377	55
1.11801221678134	-12.0211690581298	55
1.13094881333629	-12.0185723289389	55
1.14390930857332	-12.0160976378212	55
1.1568925512663	-12.0137452045933	55
1.16989738816855	-12.0115152382118	55
1.18292266411526	-12.0094079367552	55
1.1959672221261	-12.0074234874063	55
1.22061946519376	-12.0039069899489	55
1.23609251675092	-12.0016701220883	55
1.25157681332737	-11.9993901589904	55
1.26707235492312	-11.9970671006551	55
1.28257914153817	-11.9947009470826	55
1.29809717317253	-11.9922916982727	55
1.31362644982618	-11.9898393542256	55
1.32916697149913	-11.9873439149411	55
1.34471873819138	-11.9848053804193	55
1.36028174990293	-11.9822237506602	55
1.37585600663377	-11.9795990256638	55
1.39144150838392	-11.9769312054301	55
1.40703825515337	-11.974220289959	55
1.42264624694212	-11.9714662792507	55
1.43826548375016	-11.968669173305	55
1.45389596557751	-11.965828972122	55
1.46953769242416	-11.9629456757018	55
1.4851906642901	-11.9600192840442	55
1.50085488117535	-11.9570497971493	55
1.51653034307989	-11.954037215017	55
1.53221705000373	-11.9509815376475	55
1.54791500194688	-11.9478827650407	55
1.56362419890932	-11.9447408971965	55
1.57934464089106	-11.941555934115	55
1.5950763278921	-11.9383278757963	55
1.61081925991244	-11.9350567222402	55
1.62657343695208	-11.9317424734468	55
1.64233885901102	-11.9283851294161	55
1.65811552608926	-11.924984690148	55
1.6739034381868	-11.9215411556427	55
1.68970259530364	-11.9180545259001	55
1.70551299743978	-11.9145248009201	55
1.72133464459521	-11.9109519807028	55
1.73716753676995	-11.9073360652482	55
1.75301167396399	-11.9036770545563	55
1.76886705617732	-11.8999749486271	55
1.78473368340996	-11.8962297474606	55
1.80061155566189	-11.8924414510568	55
1.81650067293312	-11.8886100594156	55
1.83240103522366	-11.8847355725372	55
1.84831264253349	-11.8808179904214	55
1.86423549486262	-11.8768573130683	55
1.88016959221105	-11.8728535404779	55
1.89611493457878	-11.8688066726502	55
1.91207152196581	-11.8647167095852	55
1.92803935437214	-11.8605836512829	55
1.94401843179777	-11.8564074977433	55
1.9600087542427	-11.8521882489663	55
1.97601032170693	-11.847925904952	55
1.99202313419046	-11.8436204657005	55
2.00804719169329	-11.8392719312116	55
2.02408249421541	-11.8348803014854	55
2.04012904175684	-11.8304455765219	55
2.05618683431756	-11.825967756321	55
2.07225587189759	-11.8214468408829	55
2.08833615449691	-11.8168828302075	55
2.10442768211554	-11.8122757242947	55
2.12053045475346	-11.8076255231446	55
2.13664447241068	-11.8029322267573	55
2.15276973508721	-11.7981958351326	55
2.16890624278303	-11.7934163482706	55
2.18505399549815	-11.7885937661712	55
2.20121299323257	-11.7837280888346	55
2.21738323598629	-11.7788193162607	55
2.23356472375931	-11.7738674484494	55
2.24975745655163	-11.7688724854009	55
2.26596143436325	-11.763834427115	55
2.28217665719417	-11.7587532735918	55
2.29840312504438	-11.7536290248313	55
2.3146408379139	-11.7484616808335	55
2.33088979580272	-11.7432512415984	55
2.34714999871083	-11.7379977071259	55
2.36342144663825	-11.7327010774162	55
2.37970413958496	-11.7273613524691	55
2.39599807755098	-11.7219785322847	55
2.41230326053629	-11.7165526168631	55
2.42861968854091	-11.7110836062041	55
2.44494736156482	-11.7055715003078	55
2.46128627960803	-11.7000162991741	55
2.47763644267054	-11.6944180028032	55
2.49399785075235	-11.688776611195	55
2.51037050385346	-11.6830921243494	55
2.52675440197388	-11.6773645422665	55
2.54314954511358	-11.6715938649464	55
2.55955593327259	-11.6657800923889	55
2.5759735664509	-11.6599232245941	55
2.59240244464851	-11.654023261562	55
2.60884256786542	-11.6480802032925	55
2.62529393610162	-11.6420940497858	55
2.64175654935713	-11.6360648010417	55
2.65823040763194	-11.6299924570604	55
2.67471551092604	-11.6238770178417	55
2.69121185923945	-11.6177184833857	55
2.70771945257215	-11.6115168536924	55
2.72423829092415	-11.6052721287618	55
2.74076837429546	-11.5989843085939	55
2.75730970268606	-11.5926533931887	55
2.77386227609596	-11.5862793825461	55
2.79042609452516	-11.5798622766663	55
2.80700115797366	-11.5734020755491	55
2.82358746644146	-11.5668987791946	55
2.84018501992856	-11.5603523876028	55
2.85679381843496	-11.5537629007737	55
2.87341386196066	-11.5471303187073	55
2.89004515050566	-11.5404546414036	55
2.90668768406996	-11.5337358688625	55
2.92334146265355	-11.5269740010842	55
2.94000648625645	-11.5201690380685	55
2.95668275487865	-11.5133209798156	55
2.97337026852014	-11.5064298263253	55
2.99006902718094	-11.4994955775977	55
3.00677903086103	-11.4925182336328	55
3.02350027956043	-11.4854977944305	55
3.04023277327912	-11.478434259991	55
3.05697651201711	-11.4713276303142	55
3.0737314957744	-11.4641779054	55
3.090497724551	-11.4569850852485	55
3.10727519834689	-11.4497491698598	55
3.12406391716208	-11.4424701592337	55
3.14086388099657	-11.4351480533703	55
3.15767508985036	-11.4277828522695	55
3.17449754372345	-11.4203745559315	55
3.19133124261583	-11.4129231643562	55
3.20817618652752	-11.4054286775435	55
3.22503237545851	-11.3978910954936	55
3.2418998094088	-11.3903104182063	55
3.25877848837838	-11.3826866456817	55
3.27566841236727	-11.3750197779198	55
3.29256958137545	-11.3673098149206	55
3.30948199540294	-11.3595567566841	55
3.32640565444972	-11.3517606032102	55
3.34334055851581	-11.3439213544991	55
3.36028670760119	-11.3360390105506	55
3.37724410170587	-11.3281135713648	55
3.39421274082986	-11.3201450369418	55
3.41119262497314	-11.3121334072814	55
3.42818375413572	-11.3040786823837	55
3.4451861283176	-11.2959808622486	55
3.46219974751878	-11.2878399468763	55
3.47922461173926	-11.2796559362667	55
3.49626072097904	-11.2714288304197	55
3.51330807523811	-11.2631586293355	55
3.53036667451649	-11.2548453330139	55
3.54743651881417	-11.246488941455	55
3.56451760813115	-11.2380894546588	55
3.58160994246742	-11.2296468726253	55
3.598713521823	-11.2211611953544	55
3.61582834619787	-11.2126324228463	55
3.63295441559205	-11.2040605551009	55
3.65009173000552	-11.1954455921181	55
3.66724028943829	-11.186787533898	55
3.68440009389037	-11.1780863804406	55
3.70157114336174	-11.1693421317459	55
3.71875343785241	-11.1605547878139	55
3.73594697736238	-11.1517243486446	55
3.75315176189165	-11.142850814238	55
3.77036779144022	-11.133934184594	55
3.78759506600809	-11.1249744597128	55
3.80483358559526	-11.1159716395942	55
3.82208335020173	-11.1069257242383	55
3.8393443598275	-11.0978367136451	55
3.85661661447257	-11.0887046078146	55
3.87390011413693	-11.0795294067468	55
3.8911948588206	-11.0703111104417	55
3.90850084852357	-11.0610497188993	55
3.92581808324583	-11.0517452321195	55
3.94314656298739	-11.0423976501025	55
3.96048628774826	-11.0330069728481	55
3.97783725752842	-11.0235732003564	55
3.99519947232789	-11.0140963326274	55
4.01257293214665	-11.0045763696611	55
4.02995763698471	-10.9950133114575	55
4.04735358684207	-10.9854071580165	55
4.06476078171873	-10.9757579093383	55
4.08217922161469	-10.9660655654227	55
4.09960890652995	-10.9563301262699	55
4.11704983646451	-10.9465515918797	55
4.13450201141837	-10.9367299622522	55
4.15196543139153	-10.9268652373874	55
4.16944009638399	-10.9169574172853	55
4.18692600639575	-10.9070065019458	55
4.2044231614268	-10.8970124913691	55
4.22193156147716	-10.886975385555	55
4.23945120654681	-10.8768951845037	55
4.25698209663577	-10.866771888215	55
4.27452423174402	-10.856605496689	55
4.29207761187158	-10.8463960099257	55
4.30964223701843	-10.8361434279251	55
4.32721810718458	-10.8258477506872	55
4.34480522237004	-10.815508978212	55
4.36240358257479	-10.8051271104994	55
4.38001318779884	-10.7947021475495	55
4.39763403804219	-10.7842340893624	55
4.41526613330484	-10.7737229359379	55
4.43290947358679	-10.7631686872761	55
4.45056405888804	-10.752571343377	55
4.46822988920859	-10.7419309042406	55
4.48590696454844	-10.7312473698668	55
4.50359528490758	-10.7205207402558	55
4.52129485028603	-10.7097510154074	55
4.53900566068378	-10.6989381953218	55
4.55672771610082	-10.6880822799988	55
4.57446101653717	-10.6771832694385	55
4.59220556199281	-10.6662411636409	55
4.60996135246776	-10.655255962606	55
4.627728387962	-10.6442276663338	55
4.64550666847555	-10.6331562748242	55
4.66329619400839	-10.6220417880774	55
4.68109696456053	-10.6108842060932	55
4.69890898013197	-10.5996835288718	55
4.71673224072271	-10.588439756413	55
4.73456674633275	-10.5771528887169	55
4.75241249696209	-10.5658229257835	55
4.77026949261073	-10.5544498676127	55
4.78813773327867	-10.5430337142047	55
4.80601721896591	-10.5315744655594	55
4.82390794967245	-10.5200721216767	55
4.84180992539829	-10.5085266825568	55
4.85972314614342	-10.4969381481995	55
4.87764761190786	-10.4853065186049	55
4.89558332269159	-10.473631793773	55
4.91353027849463	-10.4619139737038	55
4.93148847931696	-10.4501530583972	55
4.9494579251586	-10.4383490478534	55
4.96743861601953	-10.4265019420722	55
4.98543055189977	-10.4146117410538	55
5.0034337327993	-10.402678444798	55
5.02144815871813	-10.3907020533049	55
5.03947382965626	-10.3786825665745	55
5.05751074561369	-10.3666199846068	55
5.07555890659042	-10.3545143074018	55
5.09361831258645	-10.3423655349595	55
5.11168896360178	-10.3301736672798	55
5.12977085963641	-10.3179387043629	55
5.14786400069034	-10.3056606462086	55
5.16596838676357	-10.293339492817	55
5.18408401785609	-10.2809752441881	55
5.20221089396792	-10.2685679003219	55
5.22034901509904	-10.2561174612184	55
5.23849838124947	-10.2436239268776	55
5.2566589924192	-10.2310872972994	55
5.27483084860822	-10.218507572484	55
5.29301394981654	-10.2058847524312	55
5.31120829604417	-10.1932188371411	55
5.32941388729109	-10.1805098266138	55
5.34763072355731	-10.1677577208491	55
5.36585880484284	-10.154962519847	55
5.38409813114766	-10.1421242236077	55
5.40234870247178	-10.1292428321311	55
5.4206105188152	-10.1163183454171	55
5.43888358017792	-10.1033507634659	55
5.45716788655993	-10.0903400862773	55
5.47546343796125	-10.0772863138514	55
5.49377023438187	-10.0641894461882	55
5.51208827582179	-10.0510494832877	55
5.530417562281	-10.0378664251499	55
5.54875809375952	-10.0246402717748	55
5.56710987025734	-10.0113710231623	55
5.58547289177445	-9.99805867931258	55
5.60384715831087	-9.98470324022552	55
5.62223266986658	-9.97130470590114	55
5.64062942644159	-9.95786307633946	55
5.65903742803591	-9.94437835154046	55
5.67745667464952	-9.93085053150414	55
5.69588716628243	-9.91727961623051	55
5.71432890293464	-9.90366560571958	55
5.73278188460615	-9.89000849997132	55
5.75124611129697	-9.87630829898577	55
5.76972158300707	-9.86256500276289	55
5.78820829973649	-9.84877861130271	55
5.80670626148519	-9.83494912460522	55
5.8252154682532	-9.82107654267041	55
5.84373592004051	-9.80716086549829	55
5.86226761684712	-9.79320209308886	55
5.88081055867302	-9.77920022544212	55
5.89936474551823	-9.76515526255806	55
5.91793017738273	-9.75106720443669	55
5.93650685426654	-9.73693605107802	55
5.95509477616964	-9.72276180248202	55
5.97369394309205	-9.70854445864872	55
5.99230435503375	-9.69428401957811	55
6.01092601199475	-9.67998048527018	55
6.02955891397506	-9.66563385572495	55
6.04820306097466	-9.65124413094239	55
6.06685845299356	-9.63681131092253	55
6.08552509003176	-9.62233539566536	55
6.10420297208926	-9.60781638517087	55
6.12289209916606	-9.59325427943908	55
6.14159247126216	-9.57864907846996	55
6.16030408837756	-9.56400078226355	55
6.17902695051226	-9.54930939081981	55
6.19776105766625	-9.53457490413876	55
6.21650640983955	-9.51979732222041	55
6.23526300703215	-9.50497664506474	55
6.25403084924404	-9.49011287267176	55
6.27280993647524	-9.47520600504147	55
6.29160026872573	-9.46025604217386	55
6.31040184599553	-9.44526298406896	55
6.32921466828462	-9.43022683072672	55
6.34803873559301	-9.41514758214718	55
6.36687404792071	-9.40002523833033	55
6.3857206052677	-9.38485979927616	55
6.40457840763399	-9.36965126498469	55
6.42344745501958	-9.3543996354559	55
6.44232774742447	-9.33910491068981	55
6.46121928484866	-9.32376709068639	55
6.48012206729215	-9.30838617544567	55
6.49903609475494	-9.29296216496764	55
6.51796136723703	-9.27749505925229	55
6.53689788473842	-9.26198485829963	55
6.5558456472591	-9.24643156210966	55
6.57480465479909	-9.23083517068238	55
6.59377490735838	-9.21519568401779	55
6.61275640493696	-9.19951310211588	55
6.63174914753485	-9.18378742497666	55
6.65075313515203	-9.16801865260013	55
6.66976836778851	-9.15220678498629	55
6.6887948454443	-9.13635182213514	55
6.70783256811938	-9.12045376404667	55
6.72688153581376	-9.1045126107209	55
6.74594174852745	-9.08852836215781	55
6.76501320626043	-9.07250101835741	55
6.78409590901271	-9.0564305793197	55
6.80318985678429	-9.04031704504467	55
6.82229504957517	-9.02416041553234	55
6.84141148738535	-9.00796069078269	55
6.86053917021482	-8.99171787079573	55
6.8796780980636	-8.97543195557146	55
6.89882827093168	-8.95910294510987	55
6.91798968881906	-8.94273083941098	55
6.93716235172574	-8.92631563847477	55
6.95634625965171	-8.90985734230125	55
6.97554141259699	-8.89335595089042	55
6.99474781056156	-8.87681146424227	55
7.01396545354543	-8.86022388235682	55
7.03319434154861	-8.84359320523406	55
7.05243447457108	-8.82691943287397	55
7.07168585261286	-8.81020256527659	55
7.09094847567393	-8.79344260244188	55
7.1102223437543	-8.77663954436987	55
7.12950745685397	-8.75979339106055	55
7.14880381497294	-8.74290414251391	55
7.16811141811121	-8.72597179872996	55
7.18743026626878	-8.70899635970869	55
7.20676035944565	-8.69197782545012	55
7.22610169764182	-8.67491619595424	55
7.24545428085728	-8.65781147122104	55
7.26481810909205	-8.64066365125053	55
7.28419318234612	-8.62347273604271	55
7.30357950061948	-8.60623872559758	55
7.32297706391215	-8.58896161991513	55
7.34238587222412	-8.57164141899537	55
7.36180592555538	-8.55427812283831	55
7.38123722390594	-8.53687173144393	55
7.40067976727581	-8.51942224481223	55
7.42013355566497	-8.50192966294323	55
7.43959858907343	-8.48439398583691	55
7.45907486750119	-8.46681521349329	55
7.47856239094826	-8.44919334591235	55
7.49806115941462	-8.4315283830941	55
7.51757117290028	-8.41382032503853	55
7.53709243140524	-8.39606917174566	55
7.5566249349295	-8.37827492321547	55
7.57616868347306	-8.36043757944797	55
7.59572367703591	-8.34255714044316	55
7.61528991561807	-8.32463360620105	55
7.63486739921953	-8.30666697672161	55
7.65445612784029	-8.28865725200486	55
7.67405610148034	-8.2706044320508	55
7.6936673201397	-8.25250851685943	55
7.71328978381835	-8.23436950643075	55
7.7329234925163	-8.21618740076475	55
7.75256844623356	-8.19796219986145	55
7.77222464497011	-8.17969390372083	55
7.79189208872597	-8.1613825123429	55
7.81157077750112	-8.14302802572766	55
7.83126071129557	-8.12463044387511	55
7.85096189010932	-8.10618976678525	55
7.87067431394237	-8.08770599445807	55
7.89039798279472	-8.06917912689358	55
7.91013289666637	-8.05060916409178	55
7.92987905555732	-8.03199610605267	55
7.94963645946757	-8.01333995277624	55
7.96940510839712	-7.99464070426251	55
7.98918500234596	-7.97589836051146	55
8.00897614131411	-7.9571129215231	55
8.02877852530156	-7.93828438729742	55
8.0485921543083	-7.91941275783445	55
8.06841702833435	-7.90049803313415	55
8.08825314737969	-7.88154021319654	55
8.10810051144434	-7.86253929802163	55
8.12795912052828	-7.84349528760939	55
8.14782897463152	-7.82440818195985	55
8.16771007375407	-7.805277981073	55
8.18760241789591	-7.78610468494883	55
8.20750600705705	-7.76688829358736	55
8.22742084123749	-7.74762880698856	55
8.24734692043723	-7.72832622515246	55
8.26728424465627	-7.70898054807905	55
8.28723281389461	-7.68959177576832	55
8.30719262815225	-7.67015990822029	55
8.32716368742919	-7.65068494543493	55
8.34714599172542	-7.63116688741228	55
8.36713954104096	-7.6116057341523	55
8.3871443353758	-7.59200148565501	55
8.40716037472994	-7.57235414192042	55
8.42718765910337	-7.55266370294851	55
8.4472261884961	-7.53293016873929	55
8.46727596290814	-7.51315353929276	55
8.48733698233947	-7.49333381460891	55
8.50740924679011	-7.47347099468776	55
8.52749275626004	-7.45356507952929	55
8.54758751074927	-7.4336160691335	55
8.5676935102578	-7.41362396350042	55
8.58781075478563	-7.39358876263001	55
8.60793924433277	-7.3735104665223	55
8.62807897889919	-7.35338907517727	55
8.64822995848493	-7.33322458859493	55
8.66839218308995	-7.31301700677528	55
8.68856565271428	-7.29276632971832	55
8.70875036735791	-7.27247255742404	55
8.72894632702084	-7.25213568989245	55
8.74915353170307	-7.23175572712356	55
8.76937198140459	-7.21133266911735	55
8.78960167612542	-7.19086651587382	55
8.80984261586554	-7.17035726739299	55
8.83009480062497	-7.14980492367484	55
8.85035823040369	-7.12920948471939	55
8.87063290520171	-7.10857095052662	55
8.89091882501904	-7.08788932109653	55
8.91121598985566	-7.06716459642914	55
8.93152439971158	-7.04639677652443	55
8.9518440545868	-7.02558586138242	55
8.97217495448132	-7.00473185100309	55
8.99251709939515	-6.98383474538645	55
9.01287048932827	-6.9628945445325	55
9.03323512428069	-6.94191124844123	55
9.0536110042524	-6.92088485711266	55
9.07399812924342	-6.89981537054677	55
9.09439649925374	-6.87870278874357	55
9.11480611428336	-6.85754711170306	55
9.13522697433227	-6.83634833942523	55
9.15565907940049	-6.8151064719101	55
9.17610242948801	-6.79382150915765	55
9.19655702459482	-6.77249345116789	55
9.21702286472093	-6.75112229794082	55
9.23749994986635	-6.72970804947644	55
9.25798828003106	-6.70825070577474	55
9.27848785521508	-6.68675026683574	55
9.29899867541839	-6.66520673265942	55
9.319520740641	-6.64362010324579	55
9.34005405088291	-6.62199037859484	55
9.36059860614412	-6.60031755870659	55
9.38115440642463	-6.57860164358102	55
9.40172145172444	-6.55684263321814	55
9.42229974204355	-6.53504052761795	55
9.44288927738196	-6.51319532678045	55
9.46349005773967	-6.49130703070564	55
9.48410208311668	-6.46937563939352	55
9.50472535351298	-6.44740115284407	55
9.52535986892859	-6.42538357105733	55
9.5460056293635	-6.40332289403326	55
9.5666626348177	-6.38121912177189	55
9.58733088529121	-6.35907225427321	55
9.60801038078401	-6.33688229153721	55
9.62870112129611	-6.31464923356391	55
9.64940310682752	-6.29237308035329	55
9.67011633737822	-6.27005383190535	55
9.69084081294822	-6.24769148822011	55
9.71157653353752	-6.22528604929755	55
9.73232349914612	-6.20283751513769	55
9.75308170977402	-6.18034588574051	55
9.77385116542122	-6.15781116110601	55
9.79463186608772	-6.13523334123421	55
9.81542381177352	-6.11261242612509	55
9.83622700247862	-6.08994841577867	55
9.85704143820302	-6.06724131019493	55
9.87786711894672	-6.04449110937388	55
9.89870404470971	-6.02169781331552	55
9.91955221549201	-5.99886142201984	55
9.9404116312936	-5.97598193548686	55
9.9612822921145	-5.95305935371656	55
9.98216419795469	-5.93009367670895	55
10.0030573488142	-5.90708490446403	55
10.023961744693	-5.88403303698179	55
10.0448773855911	-5.86093807426225	55
10.0658042715085	-5.83780001630539	55
10.0867424024452	-5.81461886311122	55
10.1076917784012	-5.79139461467974	55
10.1286523993764	-5.76812727101094	55
10.149624265371	-5.74481683210484	55
10.1706073763849	-5.72146329796142	55
10.1916017324181	-5.6980666685807	55
10.2126073334706	-5.67462694396265	55
10.2336241795424	-5.6511441241073	55
10.2546522706335	-5.62761820901464	55
10.2756916067439	-5.60404919868466	55
10.2967421878735	-5.58043709311737	55
10.3178040140225	-5.55678189231278	55
10.3388770851908	-5.53308359627086	55
10.3599614013784	-5.50934220499164	55
10.3810569625853	-5.4855577184751	55
10.4021637688115	-5.46173013672126	55
10.423281820057	-5.4378594597301	55
10.4444111163217	-5.41394568750163	55
10.4655516576058	-5.38998882003584	55
10.4867034439092	-5.36598885733275	55
10.5078664752319	-5.34194579939234	55
10.5290407515739	-5.31785964621462	55
10.5502262729351	-5.29373039779959	55
10.5714230393157	-5.26955805414725	55
10.5926310507156	-5.2453426152576	55
10.6138503071348	-5.22108408113063	55
10.6350808085733	-5.19678245176635	55
10.656322555031	-5.17243772716476	55
10.6775755465081	-5.14804990732586	55
10.6988397830045	-5.12361899224965	55
10.7201152645202	-5.09914498193612	55
10.7414019910551	-5.07462787638529	55
10.7626999626094	-5.05006767559713	55
10.784009179183	-5.02546437957167	55
10.8053296407759	-5.0008179883089	55
10.826661347388	-4.97612850180882	55
10.8480042990195	-4.95139592007143	55
10.8693584956703	-4.92662024309672	55
10.8907239373404	-4.90180147088469	55
10.9121006240297	-4.87693960343536	55
10.9334885557384	-4.85203464074872	55
10.9548877324664	-4.82708658282476	55
10.9762981542136	-4.80209542966349	55
10.9977198209802	-4.77706118126492	55
11.0191527327661	-4.75198383762902	55
11.0405968895712	-4.72686339875583	55
11.0620522913957	-4.70169986464531	55
11.0835189382395	-4.67649323529748	55
11.1049968301025	-4.65124351071234	55
11.1264859669849	-4.62595069088989	55
11.1479863488866	-4.60061477583013	55
11.1694979758075	-4.57523576553305	55
11.1910208477478	-4.54981365999867	55
11.2125549647074	-4.52434845922697	55
11.2341003266862	-4.49884016321796	55
11.2556569336844	-4.47328877197164	55
11.2772247857018	-4.447694285488	55
11.2988038827386	-4.42205670376706	55
11.3203942247947	-4.3963760268088	55
11.34199581187	-4.37065225461323	55
11.3636086439647	-4.34488538718035	55
11.3852327210786	-4.31907542451016	55
11.4068680432119	-4.29322236660265	55
11.4285146103645	-4.26732621345784	55
11.4501724225363	-4.24138696507571	55
11.4718414797275	-4.21540462145627	55
11.4935217819379	-4.18937918259951	55
11.5152133291677	-4.16331064850545	55
11.5369161214167	-4.13719901917407	55
11.5586301586851	-4.11104429460539	55
11.5803554409728	-4.08484647479939	55
11.6020919682797	-4.05860555975608	55
11.623839740606	-4.03232154947545	55
11.6455987579515	-4.00599444395752	55
11.6673690203164	-3.97962424320228	55
11.6891505277005	-3.95321094720972	55
11.710943280104	-3.92675455597985	55
11.7327472775267	-3.90025506951266	55
11.7545625199688	-3.87371248780817	55
11.7763890074301	-3.84712681086636	55
11.7982267399108	-3.82049803868725	55
11.8200757174107	-3.79382617127081	55
11.84193593993	-3.76711120861707	55
11.8638074074685	-3.74035315072602	55
11.8856901200264	-3.71355199759765	55
11.9075840776035	-3.68670774923198	55
11.9294892801999	-3.65982040562898	55
11.9514057278157	-3.63288996678868	55
11.9733334204507	-3.60591643271107	55
11.9952723581051	-3.57889980339615	55
12.0172225407787	-3.55184007884391	55
12.0391839684717	-3.52473725905436	55
12.0611566411839	-3.4975913440275	55
12.0831405589155	-3.47040233376333	55
12.1051357216663	-3.44317022826185	55
12.1271421294364	-3.41589502752305	55
12.1491597822259	-3.38857673154694	55
12.1711886800346	-3.36121534033352	55
12.1932288228627	-3.33381085388279	55
12.21528021071	-3.30636327219474	55
12.2373428435766	-3.27887259526939	55
12.2594167214626	-3.25133882310672	55
12.2815018443678	-3.22376195570674	55
12.3035982122923	-3.19614199306945	55
12.3257058252362	-3.16847893519485	55
12.3478246831993	-3.14077278208294	55
12.3699547861817	-3.11302353373371	55
12.3920961341835	-3.08523119014717	55
12.4142487272045	-3.05739575132332	55
12.4364125652448	-3.02951721726216	55
12.4585876483045	-3.00159558796368	55
12.4807739763834	-2.9736308634279	55
12.5029715494816	-2.9456230436548	55
12.5251803675992	-2.91757212864439	55
12.547400430736	-2.88947811839667	55
12.5696317388921	-2.86134101291164	55
12.5918742920676	-2.83316081218929	55
12.6141280902623	-2.80493751622963	55
12.6363931334763	-2.77667112503267	55
12.6586694217097	-2.74836163859838	55
12.6809569549623	-2.72000905692679	55
12.7032557332342	-2.69161338001789	55
12.7255657565254	-2.66317460787167	55
12.747887024836	-2.63469274048814	55
12.7702195381658	-2.6061677778673	55
12.7925632965149	-2.57759972000915	55
12.8149182998833	-2.54898856691369	55
12.8372845482711	-2.52033431858091	55
12.8596620416781	-2.49163697501083	55
12.8820507801044	-2.46289653620343	55
12.90445076355	-2.43411300215871	55
12.9268619920149	-2.40528637287669	55
12.9492844654992	-2.37641664835736	55
12.9717181840027	-2.34750382860071	55
12.9941631475255	-2.31854791360675	55
13.0166193560676	-2.28954890337548	55
13.039086809629	-2.2605067979069	55
13.0615655082098	-2.231421597201	55
13.0840554518098	-2.2022933012578	55
13.1065566404291	-2.17312191007728	55
13.1290690740677	-2.14390742365945	55
13.1515927527256	-2.11464984200431	55
13.1741276764028	-2.08534916511186	55
13.1966738450994	-2.05600539298209	55
13.2192312588152	-2.02661852561501	55
13.2417999175503	-1.99718856301062	55
13.2643798213047	-1.96771550516892	55
13.2869709700784	-1.93819935208991	55
13.3095733638714	-1.90864010377358	55
13.3321870026837	-1.87903776021995	55
13.3548118865153	-1.849392321429	55
13.3774480153663	-1.81970378740074	55
13.4000953892365	-1.78997215813517	55
13.422754008126	-1.76019743363228	55
13.4454238720348	-1.73037961389209	55
13.4681049809629	-1.70051869891458	55
13.4907973349103	-1.67061468869976	55
13.513500933877	-1.64066758324763	55
13.536215777863	-1.61067738255819	55
13.5589418668683	-1.58064408663143	55
13.5816792008929	-1.55056769546736	55
13.6044277799368	-1.52044820906599	55
13.627187604	-1.4902856274273	55
13.6499586730825	-1.46007995055129	55
13.6727409871843	-1.42983117843798	55
13.6955345463054	-1.39953931108735	55
13.7183393504458	-1.36920434849941	55
13.7411553996055	-1.33882629067416	55
13.7639826937846	-1.3084051376116	55
13.7868212329829	-1.27794088931173	55
13.8096710172005	-1.24743354577454	55
13.8325320464374	-1.21688310700004	55
13.8554043206936	-1.18628957298824	55
13.8782878399691	-1.15565294373912	55
13.9011826042639	-1.12497321925268	55
13.9240886135779	-1.09425039952894	55
13.9470058679113	-1.06348448456788	55
13.969934367264	-1.03267547436951	55
13.992874111636	-1.00182336893383	55
14.0158251010273	-0.970928168260839	55
14.0387873354379	-0.939989872350536	55
14.0617608148678	-0.909008481202916	55
14.084745539317	-0.877983994817994	55
14.1077415087855	-0.846916413195752	55
14.1307487232733	-0.8158057363362	55
14.1537671827804	-0.784651964239336	55
14.1767968873068	-0.753455096905162	55
14.1998378368525	-0.722215134333672	55
14.2228900314175	-0.690932076524875	55
14.2459534710018	-0.659605923478763	55
14.2690281556053	-0.628236675195337	55
14.2921140852282	-0.596824331674606	55
14.3152112598704	-0.565368892916561	55
14.3383196795319	-0.533870358921204	55
14.3614393442127	-0.502328729688527	55
14.3845702539128	-0.470744005218547	55
14.4077124086322	-0.439116185511255	55
14.4308658083709	-0.407445270566649	55
14.4540304531288	-0.375731260384731	55
14.4772063429061	-0.343974154965503	55
14.5003934777027	-0.312173954308959	55
14.5235918575186	-0.280330658415108	55
14.5468014823538	-0.248444267283942	55
14.5700223522083	-0.216514780915466	55
14.593254467082	-0.184542199309673	55
14.6164978269751	-0.152526522466578	55
14.6397524318875	-0.120467750386164	55
14.6630182818192	-0.0883658830684393	55
14.6862953767702	-0.0562209205134021	55
14.7095837167404	-0.0240328627210555	55
14.73288330173	0.00819829030860753	55
14.7561941317389	0.0404725385755764	55
14.7795162067671	0.0727898820798618	55
14.8028495268146	0.105150320821453	55
14.8261940918813	0.137553854800364	55
14.8495499019674	0.170000484016585	55
14.8729169570728	0.202490208470111	55
14.8962952571975	0.235023028160954	55
14.9196848023414	0.267598943089107	55
14.9430855925047	0.300217953254579	55
14.9664976276873	0.332880058657354	55
14.9899209078892	0.365585259297449	55
15.0133554331103	0.398333555174846	55
15.0368012033508	0.431124946289559	55
15.0602582186106	0.463959432641589	55
15.0837264788896	0.496837014230929	55
15.107205984188	0.529757691057577	55
15.1306967345057	0.562721463121536	55
15.1541987298426	0.59572833042281	55
15.1777119701989	0.628778292961398	55
15.2012364555745	0.661871350737295	55
15.2247721859694	0.695007503750505	55
15.2483191613835	0.728186752001024	55
15.271877381817	0.76140909548886	55
15.2954468472698	0.794674534214002	55
15.3190275577418	0.82798306817646	55
15.3426195132332	0.861334697376224	55
15.3662227137438	0.894729421813304	55
15.3898371592738	0.928167241487701	55
15.4134628498231	0.961648156399404	55
15.4370997853916	0.99517216654842	55
15.4607479659795	1.02873927193474	55
15.4844073915867	1.06234947255838	55
15.5080780622131	1.09600276841934	55
15.5317599778589	1.1296991595176	55
15.5554531385239	1.16343864585317	55
15.5791575442083	1.19722122742606	55
15.602873194912	1.23104690423626	55
15.6266000906349	1.26491567628377	55
15.6503382313772	1.29882754356859	55
15.6740876171387	1.33278250609073	55
15.6978482479196	1.36678056385017	55
15.7216201237197	1.40082171684693	55
15.7454032445392	1.434905965081	55
15.769197610378	1.46903330855239	55
15.793003221236	1.50320374726108	55
15.8168200771134	1.53741728120708	55
15.84064817801	1.5716739103904	55
15.864487523926	1.60597363481103	55
15.8883381148612	1.64031645446897	55
15.9121999508158	1.67470236936422	55
15.9360730317896	1.70913137949679	55
15.9599573577828	1.74360348486666	55
15.9838529287952	1.77811868547386	55
16.007759744827	1.81267698131836	55
16.031677805878	1.84727837240017	55
16.0556071119484	1.88192285871929	55
16.079547663038	1.91661044027572	55
16.103499459147	1.95134111706948	55
16.1274625002752	1.98611488910054	55
16.1514367864228	2.0209317563689	55
16.1754223175896	2.05579171887459	55
16.1994190937758	2.09069477661758	55
16.2234271149812	2.12564092959789	55
16.247446381206	2.16063017781551	55
16.27147689245	2.19566252127044	55
16.2955186487133	2.23073795996268	55
16.319571649996	2.26585649389223	55
16.3436358962979	2.3010181230591	55
16.3677113876192	2.33622284746328	55
16.3917981239597	2.37147066710477	55
16.4158961053195	2.40676158198358	55
16.4400053316987	2.44209559209968	55
16.4641258030971	2.47747269745311	55
16.4882575195149	2.51289289804385	55
16.5124004809519	2.5483561938719	55
16.5365546874082	2.58386258493726	55
16.5607201388839	2.61941207123993	55
16.5848968353788	2.65500465277992	55
16.609084776893	2.69064032955722	55
16.6332839634266	2.72631910157183	55
16.6574943949794	2.76204096882375	55
16.6817160715516	2.79780593131298	55
16.705948993143	2.83361398903953	55
16.7301931597537	2.86946514200338	55
16.7544485713838	2.90535939020455	55
16.7787152280331	2.94129673364303	55
16.8029931297017	2.97727717231882	55
16.8272822763897	3.01330070623193	55
16.8515826680969	3.04936733538234	55
16.8758943048234	3.08547705977007	55
16.9002171865692	3.1216298793951	55
16.9245513133344	3.15782579425746	55
16.9488966851188	3.19406480435712	55
16.9732533019225	3.23034690969409	55
16.9976211637456	3.26667211026838	55
17.0220002705879	3.30304040607998	55
17.0463906224495	3.33945179712889	55
17.0707922193304	3.37590628341511	55
17.0952050612307	3.41240386493865	55
17.1196291481502	3.44894454169949	55
17.144064480089	3.48552831369765	55
17.1685110570471	3.52215518093312	55
17.1929688790246	3.5588251434059	55
17.2174379460213	3.59553820111599	55
17.2419182580373	3.6322943540634	55
17.2664098150726	3.66909360224812	55
17.2909126171272	3.70593594567015	55
17.3154266642012	3.74282138432949	55
17.3399519562944	3.77974991822614	55
17.3644884934069	3.81672154736011	55
17.3890362755387	3.85373627173138	55
17.4135953026898	3.89079409133997	55
17.4381655748603	3.92789500618587	55
17.46274709205	3.96503901626908	55
17.487339854259	4.0022261215896	55
17.5119438614873	4.03945632214744	55
17.5365591137349	4.07672961794259	55
17.5611856110018	4.11404600897505	55
17.5858233532881	4.15140549524482	55
17.6104723405936	4.1888080767519	55
17.6351325729184	4.2262537534963	55
17.6598040502625	4.26374252547801	55
17.6844867726259	4.30127439269702	55
17.7091807400086	4.33884935515335	55
17.7338859524106	4.37646741284699	55
17.7586024098319	4.41412856577795	55
17.7833301122726	4.45183281394622	55
17.8080690597325	4.4895801573518	55
17.8328192522117	4.52737059599468	55
17.8575806897102	4.56520412987489	55
17.882353372228	4.6030807589924	55
17.9071372997651	4.64100048334723	55
17.9319324723215	4.67896330293936	55
17.9567388898972	4.71696921776881	55
17.9815565524922	4.75501822783557	55
18.0063854601065	4.79311033313964	55
18.0312256127401	4.83124553368103	55
18.056077010393	4.86942382945973	55
18.0809396530652	4.90764522047573	55
18.1058135407567	4.94590970672906	55
18.1306986734675	4.98421728821968	55
18.1555950511976	5.02256796494764	55
18.180502673947	5.06096173691289	55
18.2054215417157	5.09939860411546	55
18.2303516545037	5.13787856655533	55
18.255293012311	5.17640162423253	55
18.2802456151377	5.21496777714703	55
18.3052094629835	5.25357702529885	55
18.3301845558487	5.29222936868797	55
18.3551708937332	5.33092480731441	55
18.380168476637	5.36966334117816	55
18.4051773045601	5.40844497027923	55
18.4301973775025	5.4472696946176	55
18.4552286954642	5.48613751419328	55
18.4802712584452	5.52504842900628	55
18.5053250664455	5.5640024390566	55
18.5303901194651	5.60299954434422	55
18.555466417504	5.64203974486915	55
18.5805539605622	5.68112304063139	55
18.6056527486397	5.72024943163095	55
18.6307627817365	5.75941891786783	55
18.6558840598526	5.798631499342	55
18.681016582988	5.83788717605349	55
18.7061603511427	5.8771859480023	55
18.7313153643167	5.91652781518842	55
18.7564816225099	5.95591277761185	55
18.7816591257225	5.99534083527259	55
18.8068478739544	6.03481198817064	55
18.8320478672056	6.074326236306	55
18.8572591054761	6.11388357967868	55
18.8824815887659	6.15348401828867	55
18.907715317075	6.19312755213597	55
18.9329602904034	6.23281418122058	55
18.958216508751	6.2725439055425	55
18.983483972118	6.31231672510174	55
19.0087626805043	6.35213263989829	55
19.0340526339099	6.39199164993215	55
19.0593538323348	6.43189375520331	55
19.084666275779	6.4718389557118	55
19.1099899642424	6.51182725145759	55
19.1353248977252	6.5518586424407	55
19.1606710762273	6.59193312866112	55
19.1860284997487	6.63205071011885	55
19.2113971682894	6.67221138681389	55
19.2367770818493	6.71241515874625	55
19.2621682404286	6.75266202591591	55
19.2875706440272	6.79295198832289	55
19.3129842926451	6.83328504596718	55
19.3384091862822	6.87366119884878	55
19.3638453249387	6.91408044696769	55
19.3892927086145	6.95454279032392	55
19.4147513373096	6.99504822891746	55
19.440221211024	7.03559676274831	55
19.4657023297576	7.07618839181647	55
19.4911946935106	7.11682311612194	55
19.5166983022829	7.15750093566472	55
19.5422131560744	7.19822185044482	55
19.5677392548853	7.23898586046223	55
19.5932765987155	7.27979296571695	55
19.618825187565	7.32064316620898	55
19.6443850214337	7.36153646193832	55
19.6699561003218	7.40247285290498	55
19.6955384242292	7.44345233910895	55
19.7211319931558	7.48447492055023	55
19.7467368071018	7.52554059722881	55
19.7723528660671	7.56664936914472	55
19.7979801700516	7.60780123629793	55
19.8236187190555	7.64899619868846	55
19.8492685130787	7.6902342563163	55
19.8749295521211	7.73151540918146	55
19.9006018361829	7.77283965728391	55
19.926285365264	7.81420700062369	55
19.9519801393643	7.85561743920077	55
19.977686158484	7.89707097301517	55
20.003403422623	7.93856760206688	55
20.0291319317812	7.9801073263559	55
20.0548716859588	8.02169014588224	55
20.0806226851556	8.06331606064588	55
20.1063849293718	8.10498507064684	55
20.1321584186073	8.14669717588511	55
20.157943152862	8.18845237636069	55
20.1837391321361	8.23025067207358	55
20.2095463564294	8.27209206302379	55
20.2353648257421	8.31397654921131	55
20.2611945400741	8.35590413063614	55
20.2870354994253	8.39787480729827	55
20.3128877037959	8.43988857919772	55
20.3387511531857	8.48194544633449	55
20.3646258475949	8.52404540870856	55
20.3905117870233	8.56618846631995	55
20.4164089714711	8.60837461916865	55
20.4423174009381	8.65060386725466	55
20.4682370754245	8.69287621057799	55
20.4941679949302	8.73519164913862	55
20.5201101594551	8.77755018293657	55
20.5460635689994	8.81995181197183	55
20.5720282235629	8.8623965362444	55
20.5980041231458	8.90488435575428	55
20.6239912677479	8.94741527050147	55
20.6499896573694	8.98998928048598	55
20.6759992920101	9.0326063857078	55
20.7020201716702	9.07526658616693	55
20.7280522963495	9.11796988186337	55
20.7540956660482	9.16071627279713	55
20.7801502807661	9.20350575896819	55
20.8062161405033	9.24633834037657	55
20.8322932452599	9.28921401702226	55
20.8583815950357	9.33213278890526	55
20.8844811898309	9.37509465602557	55
20.9105920296453	9.4180996183832	55
20.9367141144791	9.46114767597813	55
20.9628474443321	9.50423882881038	55
20.9889920192045	9.54737307687994	55
21.0151478390961	9.59055042018682	55
21.041314904007	9.633770858731	55
21.0674932139373	9.6770343925125	55
21.0936827688868	9.72034102153131	55
21.1198835688557	9.76369074578742	55
21.1460956138438	9.80708356528086	55
21.1723189038512	9.8505194800116	55
21.198553438878	9.89399848997965	55
21.224799218924	9.93752059518502	55
21.2510562439894	9.9810857956277	55
21.277324514074	10.0246940913077	55
21.3036040291779	10.068345482225	55
21.3298947893012	10.1120399683796	55
21.3561967944437	10.1557775497715	55
21.3825100446055	10.1995582264008	55
21.4088345397867	10.2433819982673	55
21.4351702799871	10.2872488653712	55
21.4615172652068	10.3311588277124	55
21.4878754954459	10.3751118852908	55
21.5142449707042	10.4191080381066	55
21.5406256909818	10.4631472861598	55
21.5670176562788	10.5072296294502	55
21.593420866595	10.5513550679779	55
21.6198353219305	10.595523601743	55
21.6462610222853	10.6397352307453	55
21.6726979676595	10.683989954985	55
21.6991461580529	10.728287774462	55
21.7256055934656	10.7726286891763	55
21.7520762738977	10.8170126991279	55
21.778558199349	10.8614398043168	55
21.8050513698196	10.905910004743	55
21.8315557853095	10.9504233004065	55
21.8580714458188	10.9949796913074	55
21.8845983513473	11.0395791774456	55
21.9111365018951	11.084221758821	55
21.9376858974622	11.1289074354338	55
21.9642465380487	11.1736362072839	55
21.9908184236544	11.2184080743713	55
22.0174015542794	11.2632230366961	55
22.0439959299237	11.3080810942581	55
22.0706015505873	11.3529822470574	55
22.0972184162703	11.3979264950941	55
22.1238465269725	11.4429138383681	55
22.150485882694	11.4879442768793	55
22.1771364834348	11.5330178106279	55
22.2037983291949	11.5781344396138	55
22.2304714199743	11.6232941638371	55
22.2571557557731	11.6684969832976	55
22.2628184634742	11.6779221575381	55
22.2686285167837	11.6872572230715	55
22.2745844821578	11.6964998766102	55
22.2806848900511	11.7056478376676	55
22.2869282352794	11.7146988491212	55
22.2933129773905	11.7236506777694	55
22.299837541045	11.7325011148824	55
22.3065003164043	11.7412479767473	55
22.3132996595283	11.7498891052069	55
22.3202338927809	11.7584223681919	55
22.3273013052438	11.7668456602474	55
22.3345001531386	11.7751569030521	55
22.3418286602575	11.7833540459313	55
22.3492850184008	11.7914350663626	55
22.3568673878239	11.7993979704751	55
22.3645738976905	11.8072407935413	55
22.3724026465346	11.8149616004621	55
22.3803517027296	11.8225584862439	55
22.3884191049648	11.8300295764687	55
22.3966028627295	11.8373730277569	55
22.4049009568038	11.8445870282217	55
22.4133113397573	11.8516697979165	55
22.4218319364537	11.8586195892738	55
22.4304606445633	11.8654346875366	55
22.4391953350816	11.8721134111813	55
22.4480338528543	11.8786541123329	55
22.4569740171094	11.8850551771712	55
22.4660136219952	11.8913150263292	55
22.4751504371244	11.8974321152829	55
22.4843822081246	11.903404934732	55
22.4937066571945	11.9092320109728	55
22.5031214836657	11.9149119062614	55
22.5126243645708	11.9204432191685	55
22.522212955216	11.9258245849255	55
22.5318848897602	11.931054675761	55
22.541637781798	11.9361322012282	55
22.5514692249495	11.9410559085238	55
22.561376793453	11.9458245827966	55
22.5713580427644	11.9504370474476	55
22.5814105101597	11.9548921644202	55
22.5915317153429	11.9591888344809	55
22.6017191610583	11.9633259974907	55
22.6119703337059	11.9673026326665	55
22.6222827039623	11.9711177588332	55
22.6326537274045	11.9747704346653	55
22.6430808451375	11.9782597589198	55
22.6535614844263	11.9815848706582	55
22.6640930593297	11.9847449494588	55
22.6746729713393	11.9877392156196	55
22.6852986100201	11.9905669303501	55
22.6959673536548	11.993227395954	55
22.7066765698905	11.9957199560013	55
22.7174236163884	11.9980439954901	55
22.7282058414755	12.0001989409985	55
22.7390205847991	12.0021842608257	55
22.7498651779832	12.003999465124	55
22.7607369452866	12.0056441060187	55
22.7716332042635	12.0071177777194	55
22.7825512664249	12.0084201166196	55
22.7934884379025	12.0095508013867	55
22.8044420201128	12.0105095530412	55
22.8154093104233	12.0112961350253	55
22.8263876028193	12.0119103532618	55
22.8373741885712	12.0123520562016	55
22.8483663569036	12.0126211348609	55
22.8593613956634	12.0127175228488	55
22.8703565919892	12.0126411963829	55
22.8813492329809	12.0123921742955	55
22.8923366063688	12.0119705180293	55
22.903316001183	12.0113763316215	55
22.914284708422	12.0106097616787	55
22.9252400217215	12.0096709973407	55
22.9361792380219	12.0085602702335	55
22.9470996582352	12.0072778544124	55
22.9579985879111	12.0058240662942	55
22.9688733379018	12.0041992645795	55
22.9797212250255	12.0024038501638	55
22.9905395727283	12.0004382660386	55
23.0013257117449	11.9983029971826	55
23.0120769807568	11.9959985704413	55
23.0227907270493	11.9935255543974	55
23.0334643071658	11.9908845592309	55
23.04409508756	11.9880762365676	55
23.0546804452461	11.9851012793192	55
23.0652177684454	11.9819604215118	55
23.0757044572311	11.9786544381052	55
23.0861379241696	11.9751841448012	55
23.0965155949591	11.9715503978428	55
23.1068349090646	11.9677540938028	55
23.1170933203498	11.9637961693622	55
23.1272882977051	11.9596776010798	55
23.1374173256725	11.9553994051506	55
23.1474779050659	11.9509626371555	55
23.1574675535878	11.9463683918006	55
23.167383806442	11.9416178026472	55
23.1772242169414	11.936712041832	55
23.186986357112	11.9316523197782	55
23.1966678182918	11.9264398848964	55
23.2062662117251	11.921076023277	55
23.215779169152	11.9155620583726	55
23.2252043433925	11.9098993506714	55
23.2345394089259	11.9040892973619	55
23.2437820624645	11.8981333319879	55
23.2529300235219	11.8920329240945	55
23.2619810349755	11.8857895788663	55
23.2709328636237	11.8794048367551	55
23.2797833007368	11.8728802731007	55
23.2885301626017	11.8662174977414	55
23.2971712910612	11.8594181546173	55
23.3057045540462	11.8524839213647	55
23.3141278461017	11.8454165089019	55
23.3224390889065	11.838217661007	55
23.3306362317857	11.8308891538882	55
23.3387172522169	11.8234327957448	55
23.3466801563294	11.8158504263218	55
23.3545229793957	11.8081439164552	55
23.3622437863165	11.800315167611	55
23.3698406720983	11.792366111416	55
23.3773117623231	11.7842987091808	55
23.3846552136113	11.7761149514161	55
23.3918692140761	11.7678168573418	55
23.3989519837709	11.7594064743884	55
23.4059017751281	11.750885877692	55
23.4127168733909	11.7422571695823	55
23.4193955970357	11.7335224790641	55
23.4259362981873	11.7246839612914	55
23.4323373630256	11.7157437970363	55
23.4385972121836	11.7067041921505	55
23.4447143011373	11.6975673770213	55
23.4506871205864	11.688335606021	55
23.4565141968272	11.6790111569511	55
23.4621940921157	11.6695963304799	55
23.4677254050228	11.6600934495748	55
23.4731067707799	11.6505048589296	55
23.4783368616153	11.6408329243855	55
23.4834143870826	11.6310800323476	55
23.4883380943781	11.6212485891962	55
23.4931067686509	11.6113410206926	55
23.4977192333019	11.6013597713812	55
23.5021743502745	11.591307303986	55
23.5064710203352	11.5811860988027	55
23.5106081833451	11.5709986530874	55
23.5145848185209	11.5607474804398	55
23.5183999446875	11.5504351101834	55
23.5220526205196	11.5400640867412	55
23.5255419447741	11.5296369690081	55
23.5288670565125	11.5191563297194	55
23.5320271353131	11.508624754816	55
23.5350214014739	11.4980448428064	55
23.5378491162044	11.4874192041255	55
23.5405095818084	11.4767504604908	55
23.5430021418557	11.4660412442551	55
23.5453261813445	11.4552941977573	55
23.5474811268528	11.4445119726702	55
23.5494664466801	11.4336972293465	55
23.5512816509783	11.4228526361625	55
23.5529262918731	11.411980868859	55
23.5543999635738	11.4010846098822	55
23.555702302474	11.3901665477207	55
23.5568329872411	11.3792293762431	55
23.5577917388955	11.3682757940328	55
23.5585783208797	11.3573085037223	55
23.5591925391162	11.3463302113264	55
23.5596342420559	11.3353436255744	55
23.5599033207153	11.324351457242	55
23.5599997087032	11.3133564184823	55
23.5599233822372	11.3023612221564	55
23.5596743601499	11.2913685811647	55
23.5592527038836	11.2803812077768	55
23.5586585174758	11.2694018129626	55
23.5578919475331	11.2584331057236	55
23.5569531831951	11.2474777924241	55
23.5558424560879	11.2365385761238	55
23.5545600402667	11.2256181559105	55
23.5531062521486	11.2147192262346	55
23.5514814504339	11.2038444762439	55
23.5496860360181	11.1929965891202	55
23.547720451893	11.1821782414173	55
23.5455851830369	11.1713921024008	55
23.5432807562956	11.1606408333888	55
23.5408077402518	11.1499270870964	55
23.5381667450852	11.1392535069799	55
23.5353584224219	11.1286227265856	55
23.5323834651735	11.1180373688995	55
23.5292426073662	11.1075000457002	55
23.5259366239595	11.0970133569145	55
23.5224663306556	11.086579889976	55
23.5188325836972	11.0762022191865	55
23.5150362796571	11.065882905081	55
23.5110783552166	11.0556244937959	55
23.5069597869342	11.0454295164405	55
23.502681591005	11.0353004884731	55
23.4982448230099	11.0252399090798	55
23.493650577655	11.0152502605578	55
23.4888999885015	11.0053340077037	55
23.4839942276864	10.9954935972043	55
23.4789345056326	10.9857314570336	55
23.4737220707508	10.9760499958539	55
23.4683582091314	10.9664516024205	55
23.4629063302239	10.9570438665814	55
23.4574341431221	10.9477679095808	55
23.4515679518723	10.9378240724007	55
23.4458844168365	10.9281898581091	55
23.4398806256129	10.918012776056	55
23.4343720474448	10.9086751361962	55
23.4278827288699	10.8976750373816	55
23.4203008228382	10.8848228885669	55
23.4145821381188	10.8751291040862	55
23.4082911844021	10.864465265443	55
23.4013921079984	10.8527705977907	55
23.3938485062966	10.8399833959628	55
23.3856235000809	10.8260411470685	55
23.3766798058469	10.8108806530887	55
23.3669798081186	10.7944381534713	55
23.3618343676309	10.7857161027284	55
23.3564856317646	10.776649447727	55
23.3509288374215	10.7672301147789	55
23.3451592143147	10.7574500180247	55
23.339171987228	10.7473010632642	55
23.3329623782763	10.7367751517877	55
23.3265256091652	10.7258641842075	55
23.3198569034509	10.7145600642887	55
23.3129514888004	10.7028547027801	55
23.3058045992509	10.6907400212458	55
23.29841147747	10.6782079558959	55
23.2907673770155	10.6652504614179	55
23.2828675645954	10.6518595148078	55
23.2747073223277	10.6380271192009	55
23.2662819500002	10.6237453077032	55
23.2575867673307	10.6090061472225	55
23.2486171162263	10.5938017422994	55
23.2393683630441	10.5781242389384	55
23.2298359008505	10.5619658284394	55
23.220015151681	10.545318751228	55
23.2099015688007	10.5281753006876	55
23.1994906389636	10.5105278269896	55
23.188777884673	10.4923687409254	55
23.1777588664407	10.4736905177365	55
23.1664291850477	10.4544857009467	55
23.1547844838034	10.4347469061923	55
23.142820450806	10.4144668250537	55
23.130532821202	10.3936382288866	55
23.1179173794464	10.3722539726526	55
23.1049699615624	10.3503069987509	55
23.0916864574013	10.327790340849	55
23.0780628129025	10.304697127714	55
23.0640950323533	10.2810205870437	55
23.0497791806489	10.2567540492977	55
23.035111385552	10.2318909515284	55
23.0200878399532	10.2064248412123	55
23.0047048041302	10.180349380081	55
22.9889586080085	10.1536583479525	55
22.9728456534206	10.1263456465618	55
22.9563624163663	10.0984053033928	55
22.9395054492722	10.0698314755087	55
22.9222713832522	10.0406184533834	55
22.9046569303668	10.0107606647329	55
22.8866588858832	9.9802526783457	55
22.8682741305354	9.94908920791468	55
22.8494996327837	9.91726511586772	55
22.8303324510749	9.884775417199	55
22.8107697361022	9.85161528330011	55
22.7908087330646	9.81778004579108	55
22.7704467839276	9.78326520035159	55
22.7496813296824	9.74806641055205	55
22.7285099126061	9.71217951168466	55
22.7069301785215	9.67560051459461	55
22.6849398790572	9.63832560951114	55
22.662536873907	9.6003511698787	55
22.6397191330905	9.56167375618798	55
22.6164847392122	9.5222901198071	55
22.5928318897221	9.48219720681269	55
22.5687588991751	9.44139216182105	55
22.5442642014912	9.39987233181916	55
22.5193463522151	9.35763526999594	55
22.4940040307764	9.31467873957321	55
22.4682360427493	9.27100071763693	55
22.4420413221124	9.22659939896825	55
22.415418933509	9.18147319987459	55
22.3883680745062	9.13562076202056	55
22.3608880777155	9.08904095602191	55
22.332978411556	9.04173288273906	55
22.3046386792781	8.9936958716214	55
22.2758686176588	8.94492947849342	55
22.2466680956931	8.8954334833355	55
22.2170371132855	8.84520788806477	55
22.1869757999422	8.79425291431582	55
22.1564844134624	8.74256900122168	55
22.1255633386302	8.69015680319449	55
22.094213085906	8.63701718770638	55
22.0624342901187	8.58315123307034	55
22.0302277091567	8.52856022622092	55
21.9975942226604	8.4732456604952	55
21.9645348307131	8.41720923341347	55
21.9310506525334	8.36045284446011	55
21.8971429251664	8.30297859286441	55
21.8628130021754	8.2447887753814	55
21.8280623523341	8.18588588407268	55
21.7928925583176	8.12627260408715	55
21.7573053153947	8.06595181144193	55
21.7213024301191	8.00492657080312	55
21.6848858190215	7.94320013326669	55
21.6480575073009	7.88077593413917	55
21.6108196275168	7.81765759071867	55
21.5731744182804	7.75384890007546	55
21.5351242229464	7.68935383683294	55
21.496671488305	7.62417655094849	55
21.4578187632732	7.55832136549412	55
21.4185686975868	7.49179277443752	55
21.378924040492	7.42459544042266	55
21.3388876394367	7.35673419255071	55
21.2984624387631	7.28821402416092	55
21.2576514783983	7.21904009061132	55
21.2164578925469	7.14921770705956	55
21.1748849083821	7.07875234624388	55
21.1329358447378	7.00764963626365	55
21.0906141108	6.93591535836049	55
21.0479232047986	6.86355544469888	55
21.0048667126991	6.79057597614703	55
20.9614483068943	6.7169831800578	55
20.9176717448961	6.64278342804932	55
20.8735408680268	6.56798323378605	55
20.8290596001114	6.49258925075937	55
20.7842319461686	6.41660827006856	55
20.7390619911031	6.34004721820152	55
20.6935538983971	6.26291315481572	55
20.6477119088017	6.1852132705188	55
20.6015403390289	6.10695488464967	55
20.5550435804434	6.02814544305906	55
20.508226097754	5.94879251589049	55
20.4610924277052	5.86890379536112	55
20.4136471777695	5.78848709354239	55
20.3658950248385	5.70755034014108	55
20.3178407139146	5.62610158027995	55
20.2694890568032	5.54414897227857	55
20.2208449308039	5.46170078543427	55
20.1719132774024	5.3787653978028	55
20.1226991009621	5.2953512939793	55
20.073207467416	5.21146706287898	55
20.0234435029581	5.12712139551798	55
19.9734123927353	5.04232308279431	55
19.9231193795389	4.95708101326848	55
19.8725697624968	4.8714041709444	55
19.8217688957643	4.78530163305031	55
19.7707221872167	4.69878256781938	55
19.7194350971404	4.61185623227075	55
19.6679131369249	4.52453196999016	55
19.6161618677543	4.43681920891086	55
19.5641868992991	4.34872745909451	55
19.511993888408	4.26026631051181	55
19.4595885377992	4.17144543082351	55
19.4069765947527	4.08227456316108	55
19.3541638498013	3.9927635239076	55
19.3011561354229	3.90292220047855	55
19.2479593247317	3.81276054910275	55
19.1945793301705	3.72228859260294	55
19.1410221022016	3.63151641817686	55
19.0872936279992	3.54045417517787	55
19.0333999301407	3.44911207289582	55
18.9793470652984	3.35750037833803	55
18.9251411229316	3.2656294140098	55
18.8707882239777	3.17350955569555	55
18.8162945195442	3.08115123023942	55
18.7616661896005	2.98856491332614	55
18.7069094416694	2.89576112726195	55
18.6520305095188	2.80275043875528	55
18.5970356518536	2.70954345669762	55
18.5419311510071	2.61615082994442	55
18.4867233116329	2.52258324509573	55
18.4314184593966	2.42885142427726	55
18.3760229396671	2.33496612292096	55
18.320543116209	2.24093812754595	55
18.2649853698738	2.14677825353943	55
18.2093560972915	2.05249734293727	55
18.1536617095627	1.95810626220511	55
18.0979086309501	1.8636159000189	55
18.04210329757	1.76903716504592	55
17.9862521560844	1.67438098372549	55
17.9303616623921	1.57965829804988	55
17.8744382803213	1.48488006334509	55
17.8184884803202	1.39005724605158	55
17.7625187381495	1.29520082150524	55
17.7065355335739	1.20032177171805	55
17.6505453490537	1.10543108315912	55
17.5945546684362	1.01053974453527	55
17.5385699756485	0.91565874457312	55
17.4825977533885	0.820799069803543	55
17.4266444818186	0.72597170234779	55
17.3707166372576	0.631187617703523	55
17.3148206908733	0.536457782530684	55
17.2589631073751	0.441793152437777	55
17.2031503437066	0.347204669767651	55
17.1473888477379	0.252703261383624	55
17.0916850569584	0.158299836455635	55
17.036045397169	0.0640052842460594	55
16.9804762811752	-0.0301695281041585	55
16.9249841074787	-0.124213757789386	55
16.869575258971	-0.21811658855348	55
16.8142561016252	-0.311867232903529	55
16.7590329831885	-0.405454934324025	55
16.7039122318752	-0.498868969490728	55
16.6489001550591	-0.592098650484592	55
16.5940030379655	-0.68513332700587	55
16.5392271423645	-0.777962388588007	55
16.484578705263	-0.870575266811537	55
16.4300639375974	-0.962961437518244	55
16.3756890229261	-1.05511042302493	55
16.321460116122	-1.14701179433751	55
16.2673833420652	-1.23865517336498	55
16.2134647943353	-1.33003023513328	55
16.159710533904	-1.42112670999942	55
16.1061265878277	-1.51193438586536	55
16.0527189479398	-1.60244311039192	55
15.9994935695437	-1.69264279321292	55
15.9464563701048	-1.78252340814896	55
15.8936132279433	-1.87207499542156	55
15.8409699809266	-1.96128766386706	55
15.7885324251621	-2.05015159315048	55
15.7363063136893	-2.13865703597972	55
15.6842973551727	-2.22679432031934	55
15.6325112125943	-2.31455385160461	55
15.5809535019456	-2.40192611495547	55
15.5296297909209	-2.4889016773905	55
15.4785455976094	-2.57547119004088	55
15.4277063891876	-2.66162539036438	55
15.3771175806123	-2.74735510435931	55
15.3267845333127	-2.83265124877852	55
15.2767125538829	-2.91750483334333	55
15.2269068927748	-3.00190696295753	55
15.1773727429904	-3.08584883992134	55
15.1281152387744	-3.1693217661454	55
15.0791394543065	-3.25231714536468	55
15.0304504023941	-3.33482648535258	55
14.9820530331651	-3.41684140013468	55
14.9339522327598	-3.49835361220299	55
14.886152822024	-3.57935495472968	55
14.8386595552014	-3.65983737378117	55
14.7914771186256	-3.73979293053212	55
14.7446101294136	-3.8192138034793	55
14.6980631341573	-3.89809229065563	55
14.6518406076169	-3.97642081184418	55
14.6059469514129	-4.05419191079204	55
14.5603864927186	-4.13139825742441	55
14.5151634829529	-4.20803265005844	55
14.4702820964729	-4.28408801761734	55
14.425746429266	-4.35955742184428	55
14.3815604976428	-4.43443405951629	55
14.3377282369294	-4.50871126465839	55
14.2942535001601	-4.58238251075742	55
14.2511400567699	-4.65544141297605	55
14.2083915912868	-4.72788173036686	55
14.1660117020246	-4.79969736808611	55
14.1240038997754	-4.87088237960786	55
14.082371606502	-4.94143096893789	55
14.0411181540304	-5.01133749282769	55
14.0002467827425	-5.08059646298842	55
13.9597606402685	-5.14920254830487	55
13.9196627801796	-5.21715057704941	55
13.8799561606801	-5.28443553909605	55
13.8406436433005	-5.35105258813431	55
13.8017279915895	-5.41699704388324	55
13.763211869807	-5.48226439430537	55
13.7250978416162	-5.54685029782073	55
13.6873883687764	-5.61075058552074	55
13.6500858098355	-5.67396126338225	55
13.6131924188224	-5.73647851448147	55
13.5767103439397	-5.79829870120796	55
13.5406416262559	-5.85941836747861	55
13.5049881983983	-5.91983424095156	55
13.4697518832455	-5.97954323524024	55
13.4349343926196	-6.03854245212731	55
13.4005373259791	-6.09682918377859	55
13.366562169111	-6.15440091495711	55
13.333010292824	-6.21125532523703	55
13.2998829516401	-6.26739029121758	55
13.2671812824882	-6.32280388873712	55
13.2349063033955	-6.37749439508705	55
13.203058912181	-6.43146029122578	55
13.1716398851475	-6.48470026399271	55
13.1406498757742	-6.53721320832221	55
13.1100894134092	-6.58899822945758	55
13.0799589019624	-6.64005464516504	55
13.0502586185973	-6.69038198794767	55
13.0209887124243	-6.73998000725937	55
12.9921492031927	-6.7888486717189	55
12.9637399799835	-6.83698817132379	55
12.9357607999016	-6.88439891966433	55
12.908211286769	-6.93108155613752	55
12.8810909298173	-6.97703694815955	55
12.8543990825998	-7.02226619300896	55
12.8281349634604	-7.06677061703161	55
12.8022976575677	-7.11055177219319	55
12.7768861191727	-7.15361143225525	55
12.7518991738663	-7.19595158894989	55
12.7273355208369	-7.23757444815425	55
12.7031937351288	-7.27848242606507	55
12.6794722698999	-7.31867814537321	55
12.6561694586792	-7.3581644314383	55
12.633283517625	-7.39694430846319	55
12.6108125477828	-7.43502099566856	55
12.588754537343	-7.47239790346745	55
12.5671073638988	-7.50907862963984	55
12.5458687967042	-7.54506695550717	55
12.5250364989315	-7.58036684210691	55
12.5046080299297	-7.61498242636713	55
12.4845808474818	-7.64891801728101	55
12.464952310063	-7.68217809208144	55
12.4457196790987	-7.71476729241556	55
12.426880121222	-7.74669042051928	55
12.4084307105316	-7.77795243539187	55
12.3903684308499	-7.80855844897053	55
12.3726901779808	-7.83851372230488	55
12.3553927619674	-7.86782366173157	55
12.33847290935	-7.89649381504881	55
12.3219272654239	-7.92452986769093	55
12.3057523964975	-7.95193763890294	55
12.2899447921496	-7.97872307791504	55
12.2745008674879	-8.00489226011725	55
12.2594169654064	-8.0304513832339	55
12.2446893588435	-8.05540676349821	55
12.2303142530399	-8.07976483182683	55
12.2162877877963	-8.10353212999442	55
12.2026060397312	-8.12671530680816	55
12.189265024539	-8.14932111428236	55
12.1762606992478	-8.17135640381294	55
12.1635889644772	-8.19282812235207	55
12.1512456666961	-8.21374330858266	55
12.1392266004807	-8.23410908909292	55
12.1275275107722	-8.25393267455095	55
12.116144095135	-8.27322135587925	55
12.105072006014	-8.2919825004293	55
12.094306852993	-8.31022354815611	55
12.0838442050523	-8.32795200779276	55
12.0736795928267	-8.34517545302499	55
12.0638085108632	-8.36190151866568	55
12.0542264198788	-8.3781378968295	55
12.0449287490187	-8.39389233310737	55
12.0359108981138	-8.4091726227411	55
12.027168239939	-8.42398660679786	55
12.0186961224705	-8.4383421683448	55
12.010489871144	-8.45224722862358	55
12.0025447911127	-8.46570974322488	55
11.9948561695047	-8.47873769826306	55
11.9874192776813	-8.4913391065506	55
11.9802293734946	-8.5035220037727	55
11.9732817035457	-8.51529444466187	55
11.966571505442	-8.52666449917243	55
11.9600940100556	-8.53764024865506	55
11.9538444437808	-8.54822978203141	55
11.9478180307923	-8.5584411919686	55
11.9420099953027	-8.56828257105378	55
11.9364155638205	-8.57776200796875	55
11.9310299674083	-8.58688758366437	55
11.92584844394	-8.59566736753529	55
11.9160786149367	-8.61222175664726	55
11.9070682018352	-8.62748935396864	55
11.8987795831493	-8.64153390843406	55
11.8911754631344	-8.65441861683455	55
11.8842189440388	-8.66620600140319	55
11.8778735983552	-8.67695778740087	55
11.8721035410723	-8.68673478070197	55
11.8668735019268	-8.6955967453801	55
11.8599655319575	-8.70730185245432	55
11.8540815291779	-8.71727191070086	55
11.8476412550754	-8.72818453174688	55
11.8415081092189	-8.73857674226417	55
11.8363888410315	-8.74725100332792	55
11.8310917434666	-8.75622658440457	55
11.8258284832847	-8.76514481490162	55
11.8205083221312	-8.77415425372203	55
11.8153993977158	-8.78278977754476	55
11.8098067902842	-8.79222065893527	55
11.8045619162582	-8.80104370476586	55
11.7982861437848	-8.81157434519065	55
11.7908569242197	-8.82400449040852	55
11.7852009531601	-8.83344273397813	55
11.778937793365	-8.84387004999076	55
11.7720284899433	-8.85534479472797	55
11.7644335792466	-8.8679252628684	55
11.756113170121	-8.88166949714165	55
11.7470270251588	-8.89663509798218	55
11.7371346419498	-8.91287903318326	55
11.7318734015335	-8.92149795877359	55
11.7263953343333	-8.93045744755085	55
11.7206953391982	-8.93976435779536	55
11.7147683136494	-8.9494254725575	55
11.7086091564195	-8.9594474937093	55
11.7022127699909	-8.96983703599626	55
11.6955740631358	-8.98060062108893	55
11.6886879534545	-8.99174467163464	55
11.6815493699152	-9.00327550530917	55
11.6741532553927	-9.01519932886845	55
11.6664945692076	-9.02752223220022	55
11.6585682896654	-9.04025018237573	55
11.6503694165957	-9.05338901770145	55
11.6418929738913	-9.0669444417707	55
11.6331340120473	-9.08092201751536	55
11.6240876106999	-9.09532716125758	55
11.6147488811661	-9.11016513676144	55
11.6051129689825	-9.12544104928461	55
11.5951750564443	-9.14115983963011	55
11.5849303651445	-9.15732627819788	55
11.5743741585132	-9.17394495903659	55
11.5635017443564	-9.19102029389523	55
11.5523084773954	-9.20855650627487	55
11.5407897618058	-9.22655762548025	55
11.5289410537565	-9.24502748067156	55
11.5167578639489	-9.26396969491607	55
11.5042357601561	-9.28338767923984	55
11.4913703697619	-9.30328462667936	55
11.4781573823	-9.32366350633332	55
11.4645925519931	-9.3445270574142	55
11.4506717002917	-9.36587778330002	55
11.4363907184137	-9.38771794558599	55
11.4217455698835	-9.4100495581362	55
11.4067322930705	-9.43287438113535	55
11.3913470037289	-9.45619391514034	55
11.3755858975364	-9.48000939513206	55
11.3594452526335	-9.504321784567	55
11.3429214321627	-9.52913176942896	55
11.3260108868072	-9.55443975228074	55
11.3087101573305	-9.58024584631581	55
11.2910158771152	-9.60654986941003	55
11.2729247747023	-9.63335133817328	55
11.2544336763302	-9.66064946200118	55
11.2355395084738	-9.68844313712678	55
11.2162393003836	-9.71673094067222	55
11.1965301866249	-9.74551112470043	55
11.1764094096171	-9.77478161026681	55
11.1558743221722	-9.80453998147093	55
11.1349223900346	-9.83478347950818	55
11.1135511944199	-9.86550899672149	55
11.0917584345495	-9.89671307067258	55
11.0695419298607	-9.92839187970472	55
11.0468996207379	-9.96054124528616	55
11.0238295682322	-9.99315663899124	55
11.0003299536949	-10.0262331898819	55
10.9763990784096	-10.0597656918894	55
10.9520353632254	-10.0937486111958	55
10.9272373481894	-10.128176093616	55
10.9020036921796	-10.1630419719792	55
10.8763331725375	-10.1983397735105	55
10.8502246847011	-10.2340627272131	55
10.8236772418373	-10.2702037712492	55
10.7966899744749	-10.3067555603225	55
10.7692621301372	-10.3437104730593	55
10.741393072975	-10.3810606193905	55
10.7130822833989	-10.4187978479335	55
10.6843293577125	-10.4569137533731	55
10.655134007745	-10.495399683844	55
10.6254960604839	-10.5342467483124	55
10.5954154577075	-10.5734458239572	55
10.5648922556183	-10.6129875635522	55
10.5339266244751	-10.6528624028474	55
10.5025188482261	-10.6930605679511	55
10.4706693241415	-10.7335720827114	55
10.4383785624463	-10.7743867760976	55
10.4056471859532	-10.8154942895826	55
10.3724759296949	-10.8568840845239	55
10.3388656405574	-10.8985454495457	55
10.3048172769124	-10.9404675079203	55
10.2703319082502	-10.9826392249503	55
10.2354107148123	-11.0250494153496	55
10.2000549872243	-11.0676867506257	55
10.1642661261285	-11.1105397664611	55
10.1280456418168	-11.153596870095	55
10.0913951538634	-11.1968463477052	55
10.0543163907575	-11.2402763717894	55
10.016811189536	-11.2838750085474	55
9.97888149541652	-11.3276302252623	55
9.94052936142972	-11.3715298976826	55
9.90175694805244	-11.4155618174037	55
9.8625665228402	-11.4597136992497	55
9.8229604600601	-11.5039731886547	55
9.78294124032345	-11.5483278690452	55
9.74251145021861	-11.5927652692213	55
9.70167378194367	-11.6372728707383	55
9.66043103293925	-11.681838115289	55
9.61878610552121	-11.7264484120846	55
9.57674200651342	-11.771091145237	55
9.53430184688048	-11.8157536811403	55
9.49146884136053	-11.8604233758525	55
9.44824630809793	-11.905087582477	55
9.40463766827603	-11.9497336585448	55
9.36064644574993	-11.9943489733956	55
9.31627626667924	-12.0389209155599	55
9.27153085916076	-12.0834369001405	55
9.22641405286132	-12.1278843761943	55
9.18092977865048	-12.1722508341141	55
9.13508206823326	-12.2165238130099	55
9.08887505378293	-12.260690908091	55
9.04231296757372	-12.3047397780475	55
8.9954001416136	-12.3486581524321	55
8.94814100727702	-12.3924338390417	55
8.90054009493763	-12.4360547312992	55
8.85260203360107	-12.4795088156351	55
8.80433155053769	-12.5227841788691	55
8.7557334709153	-12.5658690155921	55
8.70681271743193	-12.6087516355476	55
8.65757430994857	-12.6514204710137	55
8.60802336512192	-12.6938640841843	55
8.55816509603715	-12.7360711745514	55
8.5080048118406	-12.7780305862865	55
8.4575479173726	-12.819731315622	55
8.40679991280016	-12.8611625182334	55
8.35576639324976	-12.902313516621	55
8.30445304844004	-12.943173807491	55
8.25286566231463	-12.9837330691377	55
8.20101011267482	-13.0239811688253	55
8.14889237081236	-13.0639081701691	55
8.09651850114216	-13.1035043405177	55
8.04389466083511	-13.1427601583342	55
7.99102709945076	-13.1816663205784	55
7.93792215857007	-13.2202137500882	55
7.88458627142824	-13.2583936029613	55
7.83102596254733	-13.296197275937	55
7.77724784736913	-13.3336164137778	55
7.72325863188783	-13.3706429166512	55
7.6690651122828	-13.4072689475113	55
7.61467417455131	-13.4434869394806	55
7.56009279414134	-13.4792896032315	55
7.50532803558424	-13.5146699343683	55
7.45038705212754	-13.5496212208086	55
7.39527708536771	-13.584137050165	55
7.34000546488283	-13.6182113171273	55
7.28457960786543	-13.6518382308435	55
7.22900701875518	-13.6850123223019	55
7.17329528887152	-13.7177284517121	55
7.11745209593971	-13.7499818154423	55
7.06148520251774	-13.781767948378	55
7.00540245295108	-13.8130827201481	55
6.94921177003405	-13.8439223301288	55
6.89292115166806	-13.8742833024351	55
6.8365386675199	-13.9041624809114	55
6.78007245567999	-13.9335570241235	55
6.7235307193207	-13.9624644003489	55
6.66692172335457	-13.9908823825687	55
6.61025379109261	-14.0188090434582	55
6.55353530090257	-14.0462427503786	55
6.4967746828672	-14.0731821603677	55
6.43998041544253	-14.0996262151313	55
6.38316102211615	-14.1255741360345	55
6.32632506806546	-14.1510254190927	55
6.26948115681598	-14.1759798299626	55
6.21263792689956	-14.2004373989339	55
6.15580404851272	-14.22439841592	55
6.09898822017489	-14.2478634254492	55
6.04219916538666	-14.2708332216563	55
5.98544562928808	-14.2933088432733	55
5.92873637531696	-14.3152915686207	55
5.87208018186708	-14.336782910599	55
5.81548583894649	-14.3577846116792	55
5.75896214483578	-14.3782986388948	55
5.70251790274639	-14.3983271788323	55
5.64616191747879	-14.4178726326228	55
5.58990299208086	-14.4369376109327	55
5.53374992450609	-14.4555249289556	55
5.47771150427187	-14.4736376014028	55
5.42179650911775	-14.4912788374947	55
5.36601370166377	-14.5084520359521	55
5.31037182606865	-14.5251607799874	55
5.25487960468812	-14.5414088322953	55
5.19954573473316	-14.5572001300448	55
5.14437888492828	-14.5725387798695	55
5.08938769216982	-14.5874290528593	55
5.03458075818418	-14.6018753795516	55
4.97996664618612	-14.6158823449222	55
4.925553877537	-14.6294546833766	55
4.87135092840311	-14.6425972737411	55
4.81736622641388	-14.6553151342543	55
4.76360814732018	-14.6676134175579	55
4.71008501165259	-14.6794974056879	55
4.65680508137969	-14.6909725050659	55
4.6037765565663	-14.7020442414905	55
4.55100757203175	-14.7127182551279	55
4.4985061940082	-14.7230002955035	55
4.44628041679885	-14.7328962164932	55
4.39433815943627	-14.742411971314	55
4.34268726234061	-14.7515536075158	55
4.29133548397794	-14.7603272619721	55
4.24029049751847	-14.7687391558716	55
4.18955988749484	-14.776795589709	55
4.13915114646038	-14.7845029382762	55
4.08907167164742	-14.7918676456539	55
4.03932876162552	-14.7988962202023	55
3.98992961295975	-14.8055952295524	55
3.94088131686898	-14.8119712955973	55
3.89219085588415	-14.8180310894834	55
3.8438651005065	-14.8237813266013	55
3.79591080586592	-14.8292287615772	55
3.74833460837913	-14.834380183264	55
3.70114302240804	-14.8392424097327	55
3.65434243691796	-14.843822283263	55
3.60793911213589	-14.8481266653352	55
3.5619391762088	-14.8521624316208	55
3.51634862186191	-14.855936466974	55
3.47117330305692	-14.8594556604227	55
3.42641893165034	-14.8627269001599	55
3.38209107405171	-14.8657570685345	55
3.33819514788191	-14.8685530370429	55
3.29473641863141	-14.8711216613198	55
3.25171999631854	-14.8734697761296	55
3.20915083214779	-14.8756041903577	55
3.16703371516804	-14.8775316820012	55
3.12537326893087	-14.8792589931605	55
3.08417394814882	-14.8807928250304	55
3.04344003535365	-14.8821398328912	55
3.0031756375546	-14.8833066210998	55
2.96338468289672	-14.8842997380811	55
2.92407091731908	-14.8851256713189	55
2.88523790121307	-14.8857908423473	55
2.84688900608068	-14.8863016017418	55
2.80902741119274	-14.8866642241104	55
2.77165610024722	-14.8868849030851	55
2.7347778580275	-14.8869697463123	55
2.69839526706062	-14.8869247704451	55
2.6625107042756	-14.8867558961334	55
2.62712633766164	-14.8864689430157	55
2.59224412292645	-14.8860696247102	55
2.55786580015451	-14.8855635438058	55
2.52399289046533	-14.8849561868533	55
2.49062669267172	-14.8842529193569	55
2.45776827993808	-14.8834589807647	55
2.42541849649128	-14.8825794795093	55
2.39357795581356	-14.8816193894145	55
2.3622470427876	-14.8805835497504	55
2.33142591747678	-14.8794766667972	55
2.30111451897359	-14.8783033154718	55
2.27131256924787	-14.8770679409545	55
2.24201957699519	-14.8757748603156	55
2.21323484148513	-14.8744282641421	55
2.18495745640962	-14.873032218164	55
2.15718631373123	-14.8715906648816	55
2.12992010753155	-14.8701074251913	55
2.10315733785942	-14.868586200013	55
2.07689631457932	-14.867030571916	55
2.05113516121968	-14.8654440067465	55
2.02587181882117	-14.8638298552532	55
2.00110404978501	-14.8621913547148	55
1.97682944172137	-14.8605316305664	55
1.95304541129757	-14.8588536980257	55
1.9297492080865	-14.8571604637201	55
1.90693791841488	-14.8554547273134	55
1.88460846921161	-14.8537391831319	55
1.86275763185607	-14.8520164217916	55
1.84138202602644	-14.8502889318244	55
1.82047812354804	-14.848559101305	55
1.80004225224162	-14.8468292194774	55
1.78007059977169	-14.8451014783818	55
1.76055921749486	-14.8433779744806	55
1.74150402430811	-14.8416607102858	55
1.72290081049717	-14.8399515959851	55
1.70474524158478	-14.8382524510687	55
1.68703286217905	-14.8365650059559	55
1.66975909982178	-14.834890903622	55
1.65291926883673	-14.8332317012242	55
1.636508574178	-14.8315888717293	55
1.6205221152783	-14.8299638055393	55
1.60495488989732	-14.8283578121186	55
1.58980179796999	-14.8267721216207	55
1.57505764545484	-14.8252078865144	55
1.56071714818232	-14.8236661832108	55
1.54677493570308	-14.8221480136898	55
1.53322555513633	-14.8206543071267	55
1.52006347501815	-14.8191859215187	55
1.50728308914979	-14.817743645312	55
1.494878720446	-14.816328199028	55
1.48284462478336	-14.81494023689	55
1.47117499484858	-14.8135803484498	55
1.45986396398684	-14.8122490602147	55
1.44890561005009	-14.8109468372736	55
1.43829395924536	-14.8096740849239	55
1.42802298998313	-14.8084311502983	55
1.41808663672558	-14.807218323991	55
1.39919331942186	-14.8048838857769	55
1.38156475030254	-14.8026720260827	55
1.36515121545606	-14.8005832002015	55
1.34990266723724	-14.798617114971	55
1.3357688474134	-14.796772780825	55
1.32269941031064	-14.7950485638461	55
1.31064404595999	-14.7934422378179	55
1.29955260324366	-14.7919510362767	55
1.2893752130412	-14.7905717045642	55
1.2757149148385	-14.7887042828491	55
1.2638354823431	-14.7870661519889	55
1.25357594284461	-14.7856417408605	55
1.24214679240884	-14.7840459546037	55
1.23098073732378	-14.7824801775284	55
1.22003159404017	-14.780941750297	55
1.21003154988744	-14.7795363357905	55
