1.20515765865591	6.28647387485511	44.5
1.1921002262679	6.28837176640873	44.5
1.17906126073989	6.29039263525062	44.5
1.16604192026819	6.29253630187553	44.5
1.1530433613059	6.29480257587059	44.5
1.14006673846019	6.29719125593225	44.5
1.12711320438973	6.29970212988411	44.5
1.11418390970232	6.30233497469586	44.5
1.10128000285266	6.30508955650298	44.5
1.08840263004038	6.30796563062759	44.5
1.07555293510818	6.31096294160015	44.5
1.06273205944027	6.31408122318219	44.5
1.04994114186096	6.31732019838989	44.5
1.03718131853351	6.32067957951875	44.5
1.0244537228592	6.32415906816911	44.5
1.01175948537667	6.32775835527267	44.5
0.999099733661496	6.33147712111995	44.5
0.986475592226023	6.33531503538866	44.5
0.973888182419488	6.33927175717306	44.5
0.961338622328412	6.34334693501423	44.5
0.948828026677284	6.34754020693133	44.5
0.93635750672955	6.3518512004537	44.5
0.923928170188894	6.35627953265396	44.5
0.911541121100857	6.36082481018205	44.5
0.899197459754763	6.36548662930013	44.5
0.886898282585984	6.37026457591847	44.5
0.874644682078551	6.37515822563223	44.5
0.862437746668113	6.38016714375915	44.5
0.850278560645255	6.38529088537815	44.5
0.838168204059185	6.39052899536888	44.5
0.826107752621798	6.39588100845213	44.5
0.814098277612126	6.40134644923113	44.5
0.802140845781179	6.40692483223385	44.5
0.790236519257192	6.41261566195605	44.5
0.778386355451278	6.41841843290532	44.5
0.766591406963504	6.42433262964601	44.5
0.754852721489397	6.43035772684495	44.5
0.743171341726873	6.43649318931819	44.5
0.731548305283626	6.44273847207846	44.5
0.719984644584959	6.44909302038364	44.5
0.708481386782077	6.455556269786	44.5
0.69703955366085	6.46212764618237	44.5
0.685660161551056	6.4688065658651	44.5
0.674344221236097	6.47559243557392	44.5
0.663092737863223	6.48248465254864	44.5
0.651906710854243	6.48948260458271	44.5
0.640787133816756	6.49658567007756	44.5
0.629734994455888	6.50379321809784	44.5
0.618751274486562	6.51110460842747	44.5
0.607836949546295	6.51851919162648	44.5
0.596992989108535	6.52603630908872	44.5
0.58622035639655	6.53365529310035	44.5
0.575520008297866	6.54137546689915	44.5
0.56489289527927	6.54919614473465	44.5
0.554339961302389	6.55711663192903	44.5
0.543862143739837	6.56513622493882	44.5
0.533460373291951	6.57325421141739	44.5
0.52313557390413	6.58146987027825	44.5
0.512888662684753	6.58978247175907	44.5
0.502720549823722	6.59819127748653	44.5
0.492632138511617	6.60669554054188	44.5
0.48262432485946	6.6152945055273	44.5
0.472697997819128	6.623987408633	44.5
0.462854039104383	6.63277347770507	44.5
0.453093323112557	6.64165193231404	44.5
0.443416716846881	6.65062198382426	44.5
0.433825079839476	6.65968283546386	44.5
0.424319264074999	6.66883368239563	44.5
0.414900113914972	6.67807371178841	44.5
0.405568466022772	6.68740210288939	44.5
0.396325149289324	6.69681802709692	44.5
0.387170984759465	6.70632064803416	44.5
0.378106785559018	6.7159091216234	44.5
0.369133356822567	6.72558259616094	44.5
0.360251495621938	6.73534021239287	44.5
0.351461990895397	6.74518110359127	44.5
0.342765623377577	6.75510439563131	44.5
0.334163165530124	6.76510920706879	44.5
0.325655381473085	6.77519464921852	44.5
0.317243026917031	6.78535982623321	44.5
0.308926849095936	6.79560383518306	44.5
0.300707586700799	6.80592576613597	44.5
0.29258596981403	6.81632470223835	44.5
0.284562719844602	6.82679971979656	44.5
0.276638549463967	6.83734988835898	44.5
0.268814162542757	6.84797427079863	44.5
0.261090254088261	6.85867192339643	44.5
0.253467510182687	6.86944189592503	44.5
0.245946607922224	6.88028323173319	44.5
0.238528215356898	6.89119496783078	44.5
0.231212991431231	6.90217613497432	44.5
0.224001585925709	6.91322575775302	44.5
0.216894639399065	6.92434285467552	44.5
0.209892783131384	6.93552643825698	44.5
0.202996639068025	6.94677551510684	44.5
0.196206819764377	6.95808908601706	44.5
0.189523928331451	6.96946614605085	44.5
0.182948558382305	6.98090568463196	44.5
0.176481293979317	6.99240668563442	44.5
0.170122709582305	7.00396812747282	44.5
0.163873369997502	7.01558898319306	44.5
0.157733830327385	7.02726822056353	44.5
0.151704635921365	7.03900480216684	44.5
0.145786322327352	7.05079768549195	44.5
0.13997941524418	7.06264582302678	44.5
0.13428443047491	7.07454816235124	44.5
0.128701873881021	7.08650364623073	44.5
0.123232241337467	7.09851121271005	44.5
0.117876018688636	7.11056979520771	44.5
0.112633681705195	7.12267832261069	44.5
0.107505696041827	7.13483571936958	44.5
0.102492517195868	7.1470409055941	44.5
0.0975945904668494	7.15929279714904	44.5
0.092812350916945	7.17159030575054	44.5
0.0881462233323225	7.1839323390628	44.5
0.0835966221854134	7.19631780079504	44.5
0.0791639515980986	7.20874559079894	44.5
0.0748486053058095	7.22121460516634	44.5
0.0706509666225552	7.23372373632728	44.5
0.0665714084068756	7.2462718731484	44.5
0.0626102930287189	7.25885790103164	44.5
0.0587679723372567	7.27148070201323	44.5
0.0550447876296305	7.28413915486299	44.5
0.0514410696206324	7.29683213518395	44.5
0.0479571384133337	7.30955851551222	44.5
0.0445933034706494	7.32231716541709	44.5
0.0413498635878478	7.33510695160152	44.5
0.0382271068660136	7.34792673800274	44.5
0.0352253106864557	7.36077538589321	44.5
0.0323447416860667	7.37365175398172	44.5
0.0295856557336409	7.3865546985148	44.5
0.0269482979071465	7.39948307337832	44.5
0.0244329024719545	7.41243573019928	44.5
0.0220396928600322	7.42541151844779	44.5
0.0197688816500947	7.43840928553931	44.5
0.0176206705487241	7.45142787693703	44.5
0.0155952503724512	7.46446613625437	44.5
0.0136928010308077	7.47752290535776	44.5
0.0119134915103438	7.49059702446947	44.5
0.0102574798596196	7.50368733227064	44.5
0.00872491317516499	7.51679266600445	44.5
0.00731592758841448	7.52991186157938	44.5
0.00603064825361477	7.54304375367261	44.5
0.00486918933670766	7.55618717583356	44.5
0.00383165400519014	7.56934096058749	44.5
0.00291813441894928	7.58250393953917	44.5
0.00212871172207718	7.59567494347669	44.5
0.00146345603566189	7.60885280247535	44.5
0.000922426451560376	7.6220363460015	44.5
0.000505671027148269	7.63522440301658	44.5
0.000213226781052178	7.64841580208111	44.5
4.51196898612061e-05	7.66160937145875	44.5
1.36468581879434e-06	7.67480393922039	44.5
8.19656554977843e-05	7.68799833334822	44.5
0.000286915439454027	7.70119138183986	44.5
0.000616195832862321	7.71438191281246	44.5
0.00106977758713445	7.7275687546068	44.5
0.00164762041251598	7.74075073589134	44.5
0.00234967298166655	7.75392668576628	44.5
0.00317587293421751	7.76709543386757	44.5
0.00412614688231172	7.78025581047085	44.5
0.00520041041712238	7.79340664659539	44.5
0.0063985681163512	7.80654677410789	44.5
0.0077205135527032	7.81967502582622	44.5
0.00916612930334137	7.83279023562319	44.5
0.0107352869603157	7.84589123853	44.5
0.0124278471419703	7.85897687083983	44.5
0.0142436595053232	7.87204597021117	44.5
0.0161825627594212	7.88509737577103	44.5
0.0182443846796663	7.89812992821811	44.5
0.0204289421231139	7.91114246992575	44.5
0.0227360410447399	7.92413384504475	44.5
0.0251654765146794	7.93710289960606	44.5
0.027717032736426	7.95004848162326	44.5
0.0303904830660027	7.9629694411949	44.5
0.0331855900320932	7.97586463060665	44.5
0.0361021053571353	7.98873290443322	44.5
0.0391397699793739	8.00157311964012	44.5
0.0422983140758735	8.0143841356852	44.5
0.0455774570864844	8.02716481461993	44.5
0.0489769077387636	8.03991402119052	44.5
0.0524963640738492	8.05263062293871	44.5
0.0561355134732786	8.06531349030242	44.5
0.0598940326867607	8.07796149671602	44.5
0.0637715878608871	8.09057351871047	44.5
0.0677678345687862	8.10314843601304	44.5
0.0718824178407191	8.11568513164686	44.5
0.0761149721956089	8.12818249203014	44.5
0.0804651216735039	8.14063940707508	44.5
0.0849324798689752	8.15305477028644	44.5
0.0895166499654372	8.16542747885989	44.5
0.0942172247703952	8.1777564337799	44.5
0.0990337867516162	8.19004053991742	44.5
0.103965908074216	8.20227870612711	44.5
0.109013150638659	8.21446984534428	44.5
0.114175066119678	8.22661287468146	44.5
0.119451196006093	8.23870671552457	44.5
0.12484107164154	8.25075029362873	44.5
0.130344214266102	8.26274253921371	44.5
0.135960135058829	8.27468238705892	44.5
0.141688335181166	8.28656877659802	44.5
0.147528305821256	8.29840065201316	44.5
0.153479528239141	8.31017696232878	44.5
0.159541473812834	8.32189666150488	44.5
0.165713604085278	8.33355870853003	44.5
0.171995370812176	8.34516206751377	44.5
0.178386216010683	8.35670570777867	44.5
0.184885572008979	8.36818860395186	44.5
0.191492861496682	8.3796097360561	44.5
0.198207497576137	8.3909680896004	44.5
0.205028883814541	8.40226265567011	44.5
0.211956414296929	8.41349243101659	44.5
0.218989473679986	8.42465641814625	44.5
0.226127437246711	8.4357536254092	44.5
0.23336967096191	8.44678306708732	44.5
0.240715531528507	8.45774376348185	44.5
0.248164366444694	8.46863474100033	44.5
0.255715514061882	8.47945503224319	44.5
0.263368303643479	8.49020367608958	44.5
0.271122055424464	8.50087971778281	44.5
0.278976080671773	8.51148220901513	44.5
0.286929681745469	8.52201020801196	44.5
0.294982152160717	8.53246277961555	44.5
0.303132776650534	8.54283899536807	44.5
0.311380831229325	8.55313793359403	44.5
0.319725583257192	8.56335867948218	44.5
0.328166291505009	8.57350032516678	44.5
0.336702206220264	8.58356196980822	44.5
0.345332569193658	8.59354271967305	44.5
0.354056613826449	8.60344168821334	44.5
0.36287356519855	8.61325799614549	44.5
0.371782640137358	8.62299077152826	44.5
0.380783047287326	8.63263914984027	44.5
0.389873987180249	8.64220227405676	44.5
0.399054652306279	8.65167929472575	44.5
0.408324227185659	8.66106937004346	44.5
0.417681888441149	8.67037166592911	44.5
0.42712680487117	8.679585356099	44.5
0.436658137523632	8.68870962213989	44.5
0.446275039770459	8.69774365358171	44.5
0.455976657382787	8.70668664796954	44.5
0.465762128606844	8.71553781093494	44.5
0.475630584240495	8.7242963562664	44.5
0.485581147710451	8.73296150597931	44.5
0.495612935150129	8.74153249038497	44.5
0.505725055478162	8.75000854815896	44.5
0.515916610477557	8.75838892640884	44.5
0.526186694875468	8.76667288074096	44.5
0.536534396423616	8.77485967532658	44.5
0.546958795979319	8.78294858296728	44.5
0.557458967587131	8.79093888515952	44.5
0.568033978561101	8.79882987215844	44.5
0.578682889567606	8.80662084304096	44.5
0.589404754708796	8.814311105768	44.5
0.600198621606618	8.82189997724595	44.5
0.6110635314874	8.82938678338738	44.5
0.621998519267024	8.83677085917086	44.5
0.63300261363665	8.84405154870009	44.5
0.64407483714899	8.85122820526214	44.5
0.655214206305128	8.85830019138487	44.5
0.666419731641889	8.86526687889357	44.5
0.67769041781972	8.8721276489668	44.5
0.689025263711106	8.87888189219126	44.5
0.700423262489498	8.88552900861604	44.5
0.711883401718738	8.89206840780581	44.5
0.723404663442996	8.89849950889333	44.5
0.73498602427719	8.90482174063101	44.5
0.746626455497885	8.91103454144168	44.5
0.758324923134673	8.91713735946844	44.5
0.770080388062019	8.92312965262371	44.5
0.781891806091557	8.92901088863737	44.5
0.793758128064839	8.93478054510402	44.5
0.805678299946539	8.94043810952941	44.5
0.817651262918066	8.94598307937597	44.5
0.829675953471618	8.9514149621074	44.5
0.841751303504655	8.95673327523248	44.5
0.853876240414764	8.96193754634789	44.5
0.866049687194941	8.96702731318016	44.5
0.878270562529257	8.97200212362679	44.5
0.890537780888901	8.97686153579634	44.5
0.902850252628607	8.98160511804773	44.5
0.915206884083446	8.98623244902855	44.5
0.927606577665962	8.99074311771251	44.5
0.940048231963676	8.99513672343594	44.5
0.952530741836914	8.99941287593337	44.5
0.965052998516975	9.00357119537221	44.5
0.977613889704614	9.00761131238648	44.5
0.990212299668849	9.01153286810964	44.5
1.00284710934606	9.01533551420642	44.5
1.0155171964394	9.01901891290382	44.5
1.02822143551847	9.02258273702106	44.5
1.04095869811929	9.02602666999868	44.5
1.05372785284457	9.02935040592664	44.5
1.06652776546413	9.0325536495715	44.5
1.07935729901573	9.03563611640263	44.5
1.09221531390603	9.0385975326175	44.5
1.10510066801178	9.04143763516602	44.5
1.11801221678134	9.04415617177384	44.5
1.13094881333629	9.04675290096482	44.5
1.14390930857332	9.04922759208246	44.5
1.1568925512663	9.0515800253104	44.5
1.16989738816855	9.0538099916919	44.5
1.18292266411526	9.05591729314846	44.5
1.1959672221261	9.05790174249739	44.5
1.22516290840443	9.06205761583776	44.5
1.24517024023443	9.06493424497783	44.5
1.2651796541459	9.06785435475171	44.5
1.28519115013884	9.07081794515939	44.5
1.30520472821325	9.07382501620088	44.5
1.32522038836914	9.07687556787618	44.5
1.34523813060649	9.07996960018529	44.5
1.36525795492532	9.0831071131282	44.5
1.38527986132562	9.08628810670492	44.5
1.40530384980739	9.08951258091546	44.5
1.42532992037064	9.09278053575979	44.5
1.44535807301535	9.09609197123794	44.5
1.46538830774154	9.09944688734991	44.5
1.4854206245492	9.10284528409567	44.5
1.50545502343833	9.10628716147524	44.5
1.52549150440893	9.10977251948862	44.5
1.54553006746101	9.11330135813581	44.5
1.56557071259455	9.11687367741682	44.5
1.58561343980957	9.12048947733162	44.5
1.60565824910606	9.12414875788023	44.5
1.62570514048402	9.12785151906266	44.5
1.64575411394346	9.13159776087889	44.5
1.66580516948436	9.13538748332893	44.5
1.68585830710674	9.13922068641278	44.5
1.70591352681059	9.14309737013043	44.5
1.72597082859591	9.1470175344819	44.5
1.74603021246271	9.15098117946717	44.5
1.76609167841097	9.15498830508625	44.5
1.78615522644071	9.15903891133914	44.5
1.80622085655192	9.16313299822584	44.5
1.8262885687446	9.16727056574635	44.5
1.84635836301875	9.17145161390066	44.5
1.86643023937437	9.17567614268878	44.5
1.88650419781147	9.17994415211071	44.5
1.90658023833004	9.18425564216645	44.5
1.92665836093008	9.188610612856	44.5
1.94673856561159	9.19300906417935	44.5
1.96682085237457	9.19745099613652	44.5
1.98690522121903	9.20193640872749	44.5
2.00699167214495	9.20646530195227	44.5
2.02708020515235	9.21103767581086	44.5
2.04717082024122	9.21565353030326	44.5
2.06726351741157	9.22031286542946	44.5
2.08735829666338	9.22501568118948	44.5
2.10745515799667	9.2297619775833	44.5
2.12755410141142	9.23455175461093	44.5
2.14765512690765	9.23938501227237	44.5
2.16775823448536	9.24426175056762	44.5
2.18786342414453	9.24918196949668	44.5
2.20797069588517	9.25414566905954	44.5
2.22808004970729	9.2591528492562	44.5
2.24819148561088	9.26420351008669	44.5
2.26830500359594	9.26929765155097	44.5
2.28842060366247	9.27443527364907	44.5
2.30853828581048	9.27961637638098	44.5
2.32865805003996	9.28484095974668	44.5
2.3487798963509	9.29010902374621	44.5
2.36890382474332	9.29542056837954	44.5
2.38902983521722	9.30077559364668	44.5
2.40915792777258	9.30617409954762	44.5
2.42928810240942	9.31161608608237	44.5
2.44942035912772	9.31710155325094	44.5
2.4695546979275	9.32263050105331	44.5
2.48969111880875	9.32820292948949	44.5
2.50982962177148	9.33381883855948	44.5
2.52997020681567	9.33947822826327	44.5
2.55011287394134	9.34518109860089	44.5
2.57025762314848	9.35092744957229	44.5
2.59040445443709	9.35671728117751	44.5
2.61055336780717	9.36255059341654	44.5
2.63070436325872	9.36842738628938	44.5
2.65085744079175	9.37434765979603	44.5
2.67101260040625	9.38031141393648	44.5
2.69116984210222	9.38631864871074	44.5
2.71132916587966	9.39236936411881	44.5
2.73149057173857	9.3984635601607	44.5
2.75165405967896	9.40460123683638	44.5
2.77181962970081	9.41078239414587	44.5
2.79198728180414	9.41700703208918	44.5
2.81215701598894	9.42327515066629	44.5
2.83232883225521	9.42958674987721	44.5
2.85250273060296	9.43594182972194	44.5
2.87267871103218	9.44234039020047	44.5
2.89285677354286	9.44878243131282	44.5
2.91303691813502	9.45526795305897	44.5
2.93321914480865	9.46179695543893	44.5
2.95340345356376	9.4683694384527	44.5
2.97358984440033	9.47498540210028	44.5
2.99377831731838	9.48164484638167	44.5
3.0139688723179	9.48834777129686	44.5
3.03416150939889	9.49509417684587	44.5
3.05435622856135	9.50188406302867	44.5
3.07455302980529	9.50871742984529	44.5
3.09475191313069	9.51559427729572	44.5
3.11495287853757	9.52251460537995	44.5
3.13515592602592	9.529478414098	44.5
3.15536105559574	9.53648570344986	44.5
3.17556826724704	9.54353647343552	44.5
3.1957775609798	9.55063072405498	44.5
3.21598893679404	9.55776845530826	44.5
3.23620239468975	9.56494966719535	44.5
3.25641793466693	9.57217435971624	44.5
3.27663555672558	9.57944253287094	44.5
3.29685526086571	9.58675418665946	44.5
3.31707704708731	9.59410932108177	44.5
3.33730091539037	9.6015079361379	44.5
3.35752686577491	9.60895003182784	44.5
3.37775489824093	9.61643560815158	44.5
3.39798501278841	9.62396466510913	44.5
3.41821720941737	9.63153720270049	44.5
3.43845148812779	9.63915322092566	44.5
3.45868784891969	9.64681271978464	44.5
3.47892629179307	9.65451569927742	44.5
3.49916681674791	9.66226215940401	44.5
3.51940942378422	9.67005210016441	44.5
3.53965411290201	9.67788552155863	44.5
3.55990088410127	9.68576242358665	44.5
3.580149737382	9.69368280624847	44.5
3.6004006727442	9.7016466695441	44.5
3.62065369018788	9.70965401347354	44.5
3.64090878971302	9.7177048380368	44.5
3.66116597131964	9.72579914323386	44.5
3.68142523500773	9.73393692906473	44.5
3.70168658077729	9.7421181955294	44.5
3.72195000862833	9.75034294262788	44.5
3.74221551856083	9.75861117036018	44.5
3.76248311057481	9.76692287872628	44.5
3.78275278467026	9.77527806772619	44.5
3.80302454084718	9.7836767373599	44.5
3.82329837910557	9.79211888762743	44.5
3.84357429944543	9.80060451852877	44.5
3.86385230186677	9.80913363006391	44.5
3.88413238636958	9.81770622223286	44.5
3.90441455295386	9.82632229503561	44.5
3.92469880161961	9.83498184847218	44.5
3.94498513236684	9.84368488254256	44.5
3.96527354519553	9.85243139724674	44.5
3.9855640401057	9.86122139258474	44.5
4.00585661709734	9.87005486855654	44.5
4.02615127617045	9.87893182516214	44.5
4.04644801732503	9.88785226240156	44.5
4.06674684056109	9.89681618027479	44.5
4.08704774587861	9.90582357878182	44.5
4.10735073327761	9.91487445792266	44.5
4.12765580275808	9.92396881769731	44.5
4.14796295432002	9.93310665810577	44.5
4.16827218796344	9.94228797914804	44.5
4.18858350368832	9.95151278082411	44.5
4.20889690149468	9.96078106313399	44.5
4.22921238138251	9.97009282607768	44.5
4.24952994335181	9.97944806965519	44.5
4.26984958740259	9.98884679386649	44.5
4.29017131353483	9.99828899871161	44.5
4.31049512174855	10.0077746841905	44.5
4.33082101204374	10.0173038503033	44.5
4.3511489844204	10.0268764970498	44.5
4.37147903887853	10.0364926244302	44.5
4.39181117541813	10.0461522324443	44.5
4.41214539403921	10.0558553210923	44.5
4.43248169474176	10.0656018903741	44.5
4.45282007752578	10.0753919402896	44.5
4.47316054239127	10.085225470839	44.5
4.49350308933823	10.0951024820222	44.5
4.51384771836667	10.1050229738392	44.5
4.53419442947657	10.11498694629	44.5
4.55454322266795	10.1249943993747	44.5
4.5748940979408	10.1350453330931	44.5
4.59524705529513	10.1451397474453	44.5
4.61560209473092	10.1552776424314	44.5
4.63595921624819	10.1654590180513	44.5
4.65631841984692	10.1756838743049	44.5
4.67667970552713	10.1859522111924	44.5
4.69704307328882	10.1962640287137	44.5
4.71740852313197	10.2066193268688	44.5
4.7377760550566	10.2170181056577	44.5
4.75814566906269	10.2274603650804	44.5
4.77851736515026	10.2379461051369	44.5
4.7988911433193	10.2484753258272	44.5
4.81926700356982	10.2590480271513	44.5
4.8396449459018	10.2696642091093	44.5
4.86002497031526	10.280323871701	44.5
4.88040707681018	10.2910270149266	44.5
4.90079126538659	10.3017736387859	44.5
4.92117753604446	10.3125637432791	44.5
4.9415658887838	10.3233973284061	44.5
4.96195632360462	10.3342743941669	44.5
4.9823488405069	10.3451949405615	44.5
5.00274343949066	10.3561589675899	44.5
5.0231401205559	10.3671664752521	44.5
5.0435388837026	10.3782174635481	44.5
5.06393972893077	10.389311932478	44.5
5.08434265624042	10.4004498820416	44.5
5.10474766563154	10.411631312239	44.5
5.12515475710413	10.4228562230703	44.5
5.14556393065819	10.4341246145354	44.5
5.16597518629372	10.4454364866342	44.5
5.18638852401073	10.4567918393669	44.5
5.20680394380921	10.4681906727334	44.5
5.22722144568916	10.4796329867337	44.5
5.24764102965058	10.4911187813678	44.5
5.26806269569347	10.5026480566357	44.5
5.28848644381784	10.5142208125374	44.5
5.30891227402368	10.525837049073	44.5
5.32934018631098	10.5374967662423	44.5
5.34977018067977	10.5491999640455	44.5
5.37020225713002	10.5609466424824	44.5
5.39063641566174	10.5727368015532	44.5
5.41107265627494	10.5845704412577	44.5
5.43151097896961	10.5964475615961	44.5
5.45195138374575	10.6083681625683	44.5
5.47239387060336	10.6203322441743	44.5
5.49283843954244	10.6323398064141	44.5
5.513285090563	10.6443908492877	44.5
5.53373382366502	10.6564853727952	44.5
5.55418463884852	10.6686233769364	44.5
5.57463753611349	10.6808048617114	44.5
5.59509251545994	10.6930298271203	44.5
5.61554957688785	10.7052982731629	44.5
5.63600872039724	10.7176101998394	44.5
5.6564699459881	10.7299656071497	44.5
5.67693325366043	10.7423644950937	44.5
5.69739864341423	10.7548068636716	44.5
5.7178661152495	10.7672927128833	44.5
5.73833566916625	10.7798220427288	44.5
5.75880730516447	10.7923948532081	44.5
5.77928102324416	10.8050111443213	44.5
5.79975682340532	10.8176709160682	44.5
5.82023470564795	10.8303741684489	44.5
5.84071466997205	10.8431209014635	44.5
5.86119671637763	10.8559111151118	44.5
5.88168084486468	10.868744809394	44.5
5.9021670554332	10.88162198431	44.5
5.92265534808319	10.8945426398597	44.5
5.94314572281466	10.9075067760433	44.5
5.96363817962759	10.9205143928607	44.5
5.984132718522	10.9335654903119	44.5
6.00462933949788	10.9466600683969	44.5
6.02512804255523	10.9597981271157	44.5
6.04562882769406	10.9729796664684	44.5
6.06613169491435	10.9862046864548	44.5
6.08663664421612	10.9994731870751	44.5
6.10714367559936	11.0127851683291	44.5
6.12765278906407	11.026140630217	44.5
6.14816398461025	11.0395395727386	44.5
6.1686772622379	11.0529819958941	44.5
6.18919262194703	11.0664678996834	44.5
6.20971006373763	11.0799972841065	44.5
6.2302295876097	11.0935701491634	44.5
6.25075119356324	11.1071864948541	44.5
6.27127488159825	11.1208463211786	44.5
6.29180065171474	11.134549628137	44.5
6.31232850391269	11.1482964157291	44.5
6.33285843819212	11.162086683955	44.5
6.35339045455302	11.1759204328148	44.5
6.3739245529954	11.1897976623084	44.5
6.39446073351924	11.2037183724357	44.5
6.41499899612456	11.2176825631969	44.5
6.43553934081135	11.2316902345919	44.5
6.45608176757961	11.2457413866207	44.5
6.47662627642934	11.2598360192833	44.5
6.49717286736054	11.2739741325797	44.5
6.51772154037322	11.2881557265099	44.5
6.53827229546737	11.3023808010739	44.5
6.55882513264298	11.3166493562718	44.5
6.57938005190008	11.3309613921034	44.5
6.59993705323864	11.3453169085689	44.5
6.62049613665867	11.3597159056681	44.5
6.64105730216018	11.3741583834012	44.5
6.66162054974316	11.3886443417681	44.5
6.68218587940761	11.4031737807688	44.5
6.70275329115353	11.4177467004032	44.5
6.72332278498093	11.4323631006716	44.5
6.74389436088979	11.4470229815737	44.5
6.76446801888013	11.4617263431096	44.5
6.78504375895194	11.4764731852793	44.5
6.80562158110522	11.4912635080828	44.5
6.82620148533997	11.5060973115202	44.5
6.8467834716562	11.5209745955913	44.5
6.86736754005389	11.5358953602963	44.5
6.88795369053306	11.5508596056351	44.5
6.9085419230937	11.5658673316076	44.5
6.92913223773582	11.580918538214	44.5
6.9497246344594	11.5960132254542	44.5
6.97031911326446	11.6111513933282	44.5
6.99091567415099	11.626333041836	44.5
7.01151431711898	11.6415581709776	44.5
7.03211504216846	11.6568267807531	44.5
7.0527178492994	11.6721388711623	44.5
7.07332273851181	11.6874944422053	44.5
7.0939297098057	11.7028934938822	44.5
7.11453876318106	11.7183360261929	44.5
7.13514989863789	11.7338220391373	44.5
7.1557631161762	11.7493515327156	44.5
7.17637841579597	11.7649245069277	44.5
7.19699579749722	11.7805409617736	44.5
7.21761526127993	11.7962008972533	44.5
7.23823680714412	11.8119043133668	44.5
7.25886043508979	11.8276512101141	44.5
7.27948614511692	11.8434415874952	44.5
7.30011393722553	11.8592754455102	44.5
7.3207438114156	11.8751527841589	44.5
7.34137576768715	11.8910736034414	44.5
7.36200980604017	11.9070379033578	44.5
7.38264592647467	11.923045683908	44.5
7.40328412899063	11.9390969450919	44.5
7.42392441358807	11.9551916869097	44.5
7.44456678026698	11.9713299093613	44.5
7.46521122902736	11.9875116124467	44.5
7.48585775986921	12.0037367961659	44.5
7.50650637279253	12.0200054605189	44.5
7.52715706779733	12.0363176055058	44.5
7.5478098448836	12.0526732311264	44.5
7.56846470405133	12.0690723373808	44.5
7.58912164530055	12.0855149242691	44.5
7.60978066863123	12.1020009917911	44.5
7.63044177404338	12.118530539947	44.5
7.65110496153701	12.1351035687367	44.5
7.67177023111211	12.1517200781602	44.5
7.69243758276868	12.1683800682175	44.5
7.71310701650672	12.1850835389086	44.5
7.73377853232624	12.2018304902335	44.5
7.75445213022722	12.2186209221922	44.5
7.77512781020968	12.2354548347847	44.5
7.79580557227361	12.252332228011	44.5
7.81648541641901	12.2692531018712	44.5
7.83716734264588	12.2862174563651	44.5
7.85785135095423	12.3032252914929	44.5
7.87853744134405	12.3202766072544	44.5
7.89922561381534	12.3373714036498	44.5
7.9199158683681	12.354509680679	44.5
7.94060820500233	12.371691438342	44.5
7.96130262371803	12.3889166766388	44.5
7.98199912451521	12.4061853955694	44.5
8.00269770739386	12.4234975951338	44.5
8.02339837235398	12.440853275332	44.5
8.04410111939557	12.4582524361641	44.5
8.06480594851863	12.4756950776299	44.5
8.08551285972317	12.4931811997296	44.5
8.10622185300918	12.510710802463	44.5
8.12693292837666	12.5282838858303	44.5
8.14764608582561	12.5459004498313	44.5
8.16836132535603	12.5635604944662	44.5
8.18907864696792	12.5812640197349	44.5
8.20979805066129	12.5990110256374	44.5
8.23051953643613	12.6168015121737	44.5
8.25124310429244	12.6346354793438	44.5
8.27196875423022	12.6525129271478	44.5
8.29269648624948	12.6704338555855	44.5
8.3134263003502	12.688398264657	44.5
8.3341581965324	12.7064061543624	44.5
8.35489217479607	12.7244575247015	44.5
8.37562823514121	12.7425523756745	44.5
8.39636637756782	12.7606907072813	44.5
8.41710660207591	12.7788725195218	44.5
8.43784890866547	12.7970978123962	44.5
8.45859329733649	12.8153665859044	44.5
8.47933976808899	12.8336788400464	44.5
8.50008832092297	12.8520345748222	44.5
8.52083895583841	12.8704337902319	44.5
8.54159167283533	12.8888764862753	44.5
8.56234647191372	12.9073626629525	44.5
8.58310335307357	12.9258923202636	44.5
8.60386231631491	12.9444654582084	44.5
8.62462336163771	12.9630820767871	44.5
8.64538648904198	12.9817421759996	44.5
8.66615169852773	13.0004457558459	44.5
8.68691899009495	13.019192816326	44.5
8.70768836374364	13.0379833574398	44.5
8.7284598194738	13.0568173791875	44.5
8.74923335728544	13.0756948815691	44.5
8.77000897717854	13.0946158645844	44.5
8.79078667915312	13.1135803282335	44.5
8.81156646320917	13.1325882725165	44.5
8.83234832934669	13.1516396974332	44.5
8.85313227756569	13.1707346029837	44.5
8.87391830786615	13.1898729891681	44.5
8.89470642024809	13.2090548559863	44.5
8.9154966147115	13.2282802034383	44.5
8.93628889125638	13.2475490315241	44.5
8.95708324988273	13.2668613402436	44.5
8.97787969059056	13.286217129597	44.5
8.99867821337985	13.3056163995843	44.5
9.01947881825062	13.3250591502053	44.5
9.04028150520286	13.3445453814601	44.5
9.06108627423657	13.3640750933487	44.5
9.08189312535176	13.3836482858712	44.5
9.10270205854841	13.4032649590274	44.5
9.12351307382654	13.4229251128175	44.5
9.14432617118614	13.4426287472414	44.5
9.16514135062721	13.4623758622991	44.5
9.18595861214975	13.4821664579905	44.5
9.20677795575377	13.5020005343158	44.5
9.22759938143926	13.5218780912749	44.5
9.24842288920621	13.5417991288679	44.5
9.26924847905465	13.5617636470946	44.5
9.29007615098455	13.5817716459551	44.5
9.31090590499592	13.6018231254494	44.5
9.33173774108877	13.6219180855776	44.5
9.35257165926308	13.6420565263395	44.5
9.37340765951888	13.6622384477353	44.5
9.39424574185614	13.6824638497649	44.5
9.41508590627487	13.7027327324282	44.5
9.43592815277507	13.7230450957254	44.5
9.45677248135675	13.7434009396564	44.5
9.4776188920199	13.7638002642212	44.5
9.49846738476452	13.7842430694198	44.5
9.51931795959061	13.8047293552523	44.5
9.54017061649818	13.8252591217185	44.5
9.56102535548721	13.8458323688185	44.5
9.58188217655772	13.8664490965524	44.5
9.6027410797097	13.88710930492	44.5
9.62360206494315	13.9078129939215	44.5
9.64446513225808	13.9285601635567	44.5
9.66533028165447	13.9493508138258	44.5
9.68619751313234	13.9701849447287	44.5
9.70706682669168	13.9910625562654	44.5
9.72793822233249	14.0119836484359	44.5
9.74881170005477	14.0329482212402	44.5
9.76968725985853	14.0539562746783	44.5
9.79056490174375	14.0750078087503	44.5
9.81144462571045	14.096102823456	44.5
9.83232643175862	14.1172413187955	44.5
9.85321031988826	14.1384232947689	44.5
9.87409629009938	14.1596487513761	44.5
9.89498434239196	14.180917688617	44.5
9.91587447676602	14.2022301064918	44.5
9.93676669322155	14.2235860050004	44.5
9.95766099175855	14.2449853841428	44.5
9.97855737237702	14.266428243919	44.5
9.99945583507697	14.287914584329	44.5
10.0203563798584	14.3094444053728	44.5
10.0412590067213	14.3310177070504	44.5
10.0621637156656	14.3526344893619	44.5
10.0830705066915	14.3742947523071	44.5
10.1039793797988	14.3959984958862	44.5
10.1248903349875	14.417745720099	44.5
10.1458033722578	14.4395364249457	44.5
10.1667184916095	14.4613706104262	44.5
10.1876356930427	14.4832482765404	44.5
10.2085549765574	14.5051694232885	44.5
10.2294763421535	14.5271340506704	44.5
10.2503997898311	14.5491421586861	44.5
10.2713253195902	14.5711937473357	44.5
10.2922529314307	14.593288816619	44.5
10.3131826253528	14.6154273665361	44.5
10.3341144013563	14.6376093970871	44.5
10.3550482594412	14.6598349082718	44.5
10.3759841996077	14.6821039000904	44.5
10.3969222218556	14.7044163725427	44.5
10.417862326185	14.7267723256289	44.5
10.4388045125958	14.7491717593489	44.5
10.4597487810881	14.7716146737027	44.5
10.4806951316619	14.7941010686903	44.5
10.5016435643172	14.8166309443117	44.5
10.5225940790539	14.8392043005669	44.5
10.5435466758722	14.8618211374559	44.5
10.5645013547718	14.8844814549788	44.5
10.585458115753	14.9071852531354	44.5
10.6064169588156	14.9299325319259	44.5
10.6273778839597	14.9527232913501	44.5
10.6483408911853	14.9755575314082	44.5
10.6693059804923	14.9984352521001	44.5
10.6902731518809	15.0213564534257	44.5
10.7112424053508	15.0443211353852	44.5
10.7322137409023	15.0673292979785	44.5
10.7531871585352	15.0903809412056	44.5
10.7741626582496	15.1134760650666	44.5
10.7951402400455	15.1366146695613	44.5
10.8161199039229	15.1597967546898	44.5
10.8371016498817	15.1830223204522	44.5
10.858085477922	15.2062913668483	44.5
10.8790713880437	15.2296038938783	44.5
10.900059380247	15.252959901542	44.5
10.9210494545317	15.2763593898396	44.5
10.9420416108978	15.299802358771	44.5
10.9630358493455	15.3232888083362	44.5
10.9840321698746	15.3468187385352	44.5
11.0050305724852	15.370392149368	44.5
11.0260310571773	15.3940090408346	44.5
11.0470336239508	15.417669412935	44.5
11.0680382728058	15.4413732656692	44.5
11.0890450037423	15.4651205990373	44.5
11.1100538167602	15.4889114130391	44.5
11.1310647118597	15.5127457076748	44.5
11.1520776890406	15.5366234829443	44.5
11.1730927483029	15.5605447388475	44.5
11.1941098896468	15.5845094753846	44.5
11.2151291130721	15.6085176925555	44.5
11.2361504185789	15.6325693903602	44.5
11.2571738061671	15.6566645687987	44.5
11.2781992758369	15.680803227871	44.5
11.2992268275881	15.7049853675771	44.5
11.3202564614207	15.7292109879171	44.5
11.3412881773349	15.7534800888908	44.5
11.3623219753305	15.7777926704984	44.5
11.3833578554076	15.8021487327397	44.5
11.4043958175661	15.8265482756149	44.5
11.4254358618062	15.8509912991239	44.5
11.4464779881277	15.8754778032666	44.5
11.4675221965306	15.9000077880432	44.5
11.4885684870151	15.9245812534536	44.5
11.509616859581	15.9491981994978	44.5
11.5306673142284	15.9738586261758	44.5
11.5517198509572	15.9985625334877	44.5
11.5727744697676	16.0233099214333	44.5
11.5938311706594	16.0481007900127	44.5
11.6148899536327	16.072935139226	44.5
11.6359508186874	16.097812969073	44.5
11.6570137658236	16.1227342795539	44.5
11.6780787950413	16.1476990706686	44.5
11.6991459063405	16.1727073424171	44.5
11.7202150997211	16.1977590947993	44.5
11.7412863751832	16.2228543278154	44.5
11.7623597327268	16.2479930414653	44.5
11.7834351723519	16.2731752357491	44.5
11.8045126940584	16.2984009106666	44.5
11.8255922978464	16.3236700662179	44.5
11.8466739837158	16.3489827024031	44.5
11.8677577516668	16.374338819222	44.5
11.8888436016992	16.3997384166748	44.5
11.9099315338131	16.4251814947613	44.5
11.9310215480084	16.4506680534817	44.5
11.9521136442853	16.4761980928359	44.5
11.9732078226436	16.5017716128239	44.5
11.9943040830833	16.5273886134457	44.5
12.0154024256046	16.5530490947013	44.5
12.0365028502073	16.5787530565907	44.5
12.0576053568915	16.6045004991139	44.5
12.0787099456571	16.6302914222709	44.5
12.0998166165042	16.6561258260618	44.5
12.1209253694328	16.6820037104864	44.5
12.1420362044429	16.7079250755449	44.5
12.1631491215345	16.7338899212371	44.5
12.1842641207075	16.7598982475632	44.5
12.205381201962	16.7859500545231	44.5
12.2265003652979	16.8120453421168	44.5
12.2476216107154	16.8381841103443	44.5
12.2687449382143	16.8643663592056	44.5
12.2898703477946	16.8905920887007	44.5
12.3109978394565	16.9168612988296	44.5
12.3321274131998	16.9431739895923	44.5
12.3532590690246	16.9695301609889	44.5
12.3743928069309	16.9959298130192	44.5
12.3955286269186	17.0223729456834	44.5
12.4166665289878	17.0488595589813	44.5
12.4378065131385	17.0753896529131	44.5
12.4589485793706	17.1019632274787	44.5
12.4800927276842	17.128580282678	44.5
12.5012389580793	17.1552408185112	44.5
12.5223872705559	17.1819448349782	44.5
12.5435376651139	17.2086923320791	44.5
12.5646901417535	17.2354833098137	44.5
12.5858447004744	17.2623177681821	44.5
12.6070013412769	17.2891957071843	44.5
12.6281600641608	17.3161171268204	44.5
12.6493208691262	17.3430820270902	44.5
12.6704837561731	17.3700904079939	44.5
12.6916487253014	17.3971422695314	44.5
12.7128157765112	17.4242376117027	44.5
12.7339849098025	17.4513764345077	44.5
12.7551561251753	17.4785587379466	44.5
12.7763294226295	17.5057845220193	44.5
12.7975048021652	17.5330537867258	44.5
12.8186822637824	17.5603665320662	44.5
12.839861807481	17.5877227580403	44.5
12.8610434332611	17.6151224646482	44.5
12.8822271411227	17.64256565189	44.5
12.9034129310658	17.6700523197655	44.5
12.9246008030903	17.6975824682749	44.5
12.9457907571963	17.7251560974181	44.5
12.9669827933838	17.752773207195	44.5
12.9881769116527	17.7804337976058	44.5
13.0093731120031	17.8081378686504	44.5
13.030571394435	17.8358854203288	44.5
13.0517717589484	17.863676452641	44.5
13.0729742055432	17.891510965587	44.5
13.0941787342195	17.9193889591669	44.5
13.1153853449773	17.9473104333805	44.5
13.1365940378166	17.9752753882279	44.5
13.1578048127373	18.0032838237092	44.5
13.1790176697395	18.0313357398243	44.5
13.2002326088231	18.0594311365731	44.5
13.2214496299883	18.0875700139558	44.5
13.2426687332349	18.1157523719723	44.5
13.263889918563	18.1439782106226	44.5
13.2851131859725	18.1722475299067	44.5
13.3063385354635	18.2005603298246	44.5
13.327565967036	18.2289166103763	44.5
13.34879548069	18.2573163715618	44.5
13.3700270764254	18.2857596133812	44.5
13.3912607542424	18.3142463358343	44.5
13.4124965141407	18.3427765389213	44.5
13.4337343561206	18.371350222642	44.5
13.4549742801819	18.3999673869966	44.5
13.4762162863247	18.428628031985	44.5
13.497460374549	18.4573321576071	44.5
13.5187065448547	18.4860797638631	44.5
13.539954797242	18.5148708507529	44.5
13.5612051317106	18.5437054182765	44.5
13.5824575482608	18.572583466434	44.5
13.6037120468924	18.6015049952252	44.5
13.6249686276055	18.6304700046502	44.5
13.6462272904001	18.6594784947091	44.5
13.6674880352761	18.6885304654017	44.5
13.6887508622337	18.7176259167282	44.5
13.7100157712726	18.7467648486884	44.5
13.7312827623931	18.7759472612825	44.5
13.752551835595	18.8051731545104	44.5
13.7738229908784	18.8344425283721	44.5
13.7950962282433	18.8637553828676	44.5
13.8163715476897	18.8931117179969	44.5
13.8376489492175	18.92251153376	44.5
13.8589284328268	18.9519548301569	44.5
13.8802099985175	18.9814416071877	44.5
13.9014936462898	19.0109718648522	44.5
13.9227793761435	19.0405456031506	44.5
13.9440671880787	19.0701628220827	44.5
13.9653570820953	19.0998235216487	44.5
13.9866490581934	19.1295277018485	44.5
14.007943116373	19.159275362682	44.5
14.0292392566341	19.1890665041494	44.5
14.0505374789766	19.2189011262506	44.5
14.0718377834006	19.2487792289856	44.5
14.0931401699061	19.2787008123545	44.5
14.1144446384931	19.3086658763571	44.5
14.1357511891615	19.3386744209935	44.5
14.1570598219114	19.3687264462638	44.5
14.1783705367428	19.3988219521678	44.5
14.1996833336556	19.4289609387057	44.5
14.2209982126499	19.4591434058773	44.5
14.2423151737257	19.4893693536828	44.5
14.263634216883	19.5196387821221	44.5
14.2849553421217	19.5499516911952	44.5
14.3062785494419	19.5803080809021	44.5
14.3276038388436	19.6107079512428	44.5
14.3489312103267	19.6411513022173	44.5
14.3702606638913	19.6716381338256	44.5
14.3915921995374	19.7021684460677	44.5
14.412925817265	19.7327422389437	44.5
14.434261517074	19.7633595124534	44.5
14.4555992989645	19.794020266597	44.5
14.4769391629365	19.8247245013744	44.5
14.4982811089899	19.8554722167855	44.5
14.5196251371249	19.8862634128305	44.5
14.5409712473412	19.9170980895093	44.5
14.5623194396391	19.9479762468219	44.5
14.5836697140184	19.9788978847683	44.5
14.6050220704792	20.0098630033485	44.5
14.6263765090215	20.0408716025626	44.5
14.6477330296453	20.0719236824104	44.5
14.6690916323505	20.103019242892	44.5
14.6904523171372	20.1341582840075	44.5
14.7118150840054	20.1653408057567	44.5
14.733179932955	20.1965668081398	44.5
14.7545468639861	20.2278362911567	44.5
14.7759158770987	20.2591492548073	44.5
14.7972869722927	20.2905056990918	44.5
14.8186601495683	20.3219056240101	44.5
14.8400354089253	20.3533490295622	44.5
14.8614127503637	20.3848359157481	44.5
14.8827921738837	20.4163662825679	44.5
14.9041736794851	20.4479401300214	44.5
14.925557267168	20.4795574581087	44.5
14.9469429369323	20.5112182668299	44.5
14.9683306887781	20.5429225561848	44.5
14.9897205227054	20.5746703261736	44.5
15.0111124387142	20.6064615767962	44.5
15.0325064368045	20.6382963080526	44.5
15.0539025169762	20.6701745199427	44.5
15.0753006792294	20.7020962124667	44.5
15.096700923564	20.7340613856245	44.5
15.1181032499801	20.7660700394162	44.5
15.1395076584777	20.7981221738416	44.5
15.1609141490568	20.8302177889008	44.5
15.1823227217174	20.8623568845938	44.5
15.2037333764594	20.8945394609207	44.5
15.2251461132829	20.9267655178813	44.5
15.2465609321878	20.9590350554758	44.5
15.2679778331743	20.9913480737041	44.5
15.2893968162422	21.0237045725662	44.5
15.3108178813915	21.056104552062	44.5
15.3322410286224	21.0885480121917	44.5
15.3536662579347	21.1210349529553	44.5
15.3750935693285	21.1535653743526	44.5
15.3965229628038	21.1861392763837	44.5
15.4179544383605	21.2187566590486	44.5
15.4393879959987	21.2514175223473	44.5
15.4608236357184	21.2841218662799	44.5
15.4822613575195	21.3168696908463	44.5
15.5037011614022	21.3496609960464	44.5
15.5251430473663	21.3824957818804	44.5
15.5465870154118	21.4153740483482	44.5
15.5680330655389	21.4482957954497	44.5
15.5894811977474	21.4812610231851	44.5
15.6109314120374	21.5142697315543	44.5
15.6323837084088	21.5473219205574	44.5
15.6538380868618	21.5804175901942	44.5
15.6752945473961	21.6135567404648	44.5
15.696753090012	21.6467393713692	44.5
15.7182137147094	21.6799654829075	44.5
15.7396764214882	21.7132350750795	44.5
15.7611412103485	21.7465481478854	44.5
15.7826080812902	21.7799047013251	44.5
15.8040770343134	21.8133047353985	44.5
15.8255480694181	21.8467482501058	44.5
15.8470211866043	21.8802352454469	44.5
15.868496385872	21.9137657214218	44.5
15.8899736672211	21.9473396780305	44.5
15.9114530306517	21.9809571152731	44.5
15.9329344761637	22.0146180331494	44.5
15.9544180037573	22.0483224316595	44.5
15.9759036134323	22.0820703108035	44.5
15.9973913051887	22.1158616705812	44.5
16.0188810790267	22.1496965109928	44.5
16.0403729349461	22.1835748320382	44.5
16.061866872947	22.2174966337173	44.5
16.0833628930294	22.2514619160303	44.5
16.1048609951932	22.2854706789771	44.5
16.1263611794385	22.3195229225577	44.5
16.1478634457653	22.3536186467721	44.5
16.1693677941735	22.3877578516204	44.5
16.1908742246633	22.4219405371024	44.5
16.2123827372344	22.4561667032182	44.5
16.2338933318871	22.4904363499679	44.5
16.2554060086213	22.5247494773513	44.5
16.2769207674369	22.5591060853686	44.5
16.2984376083339	22.5935061740196	44.5
16.3199565313125	22.6279497433045	44.5
16.3414775363725	22.6624367932232	44.5
16.363000623514	22.6969673237757	44.5
16.384525792737	22.731541334962	44.5
16.4060530440414	22.7661588267821	44.5
16.4275823774273	22.800819799236	44.5
16.4491137928947	22.8355242523238	44.5
16.4706472904436	22.8702721860453	44.5
16.4921828700739	22.9050636004006	44.5
16.5137205317857	22.9398984953898	44.5
16.535260275579	22.9747768710127	44.5
16.5568021014537	23.0096987272695	44.5
16.5783460094099	23.0446640641601	44.5
16.5998919994476	23.0796728816845	44.5
16.6214400715668	23.1147251798427	44.5
16.6429902257674	23.1498209586347	44.5
16.6645424620495	23.1849602180605	44.5
16.6860967804131	23.2201429581201	44.5
16.7076531808581	23.2553691788135	44.5
16.7292116633847	23.2906388801408	44.5
16.7507722279926	23.3259520621018	44.5
16.7723348746821	23.3613087246966	44.5
16.793899603453	23.3967088679253	44.5
16.8154664143054	23.4321524917878	44.5
16.8370353072393	23.467639596284	44.5
16.8586062822547	23.5031701814141	44.5
16.8801793393515	23.538744247178	44.5
16.9017544785298	23.5743617935757	44.5
16.9233316997896	23.6100228206072	44.5
16.9449110031308	23.6457273282725	44.5
16.9664923885535	23.6814753165717	44.5
16.9880758560577	23.7172667855046	44.5
17.0096614056433	23.7531017350713	44.5
17.0312490373105	23.7889801652719	44.5
17.0528387510591	23.8249020761063	44.5
17.0744305468891	23.8608674675744	44.5
17.0960244248007	23.8968763396764	44.5
17.1176203847937	23.9329286924122	44.5
17.1392184268682	23.9690245257818	44.5
17.1608185510241	24.0051638397852	44.5
17.1824207572615	24.0413466344224	44.5
17.2040250455804	24.0775729096934	44.5
17.2256314159808	24.1138426655982	44.5
17.2472398684626	24.1501559021369	44.5
17.268850403026	24.1865126193093	44.5
17.2904630196707	24.2229128171155	44.5
17.312077718397	24.2593564955556	44.5
17.3336944992047	24.2958436546295	44.5
17.3553133620939	24.3323742943371	44.5
17.3769343070646	24.3689484146786	44.5
17.3985573341168	24.4055660156539	44.5
17.4201824432504	24.442227097263	44.5
17.4418096344655	24.4789316595059	44.5
17.463438907762	24.5156797023826	44.5
17.4850702631401	24.5524712258932	44.5
17.5067037005996	24.5893062300375	44.5
17.5283392201405	24.6261847148156	44.5
17.549976821763	24.6631066802276	44.5
17.5716165054669	24.7000721262733	44.5
17.5932582712523	24.7370810529529	44.5
17.6149021191192	24.7741334602663	44.5
17.6365480490675	24.8112293482135	44.5
17.6581960610973	24.8483687167945	44.5
17.6798461552086	24.8855515660093	44.5
17.7014983314013	24.9227778958579	44.5
17.7231525896756	24.9600477063403	44.5
17.7448089300313	24.9973609974565	44.5
17.7664673524684	25.0347177692065	44.5
17.7881278569871	25.0721180215904	44.5
17.8097904435872	25.109561754608	44.5
17.8314551122687	25.1470489682595	44.5
17.8531218630318	25.1845796625447	44.5
17.8747906958763	25.2221538374638	44.5
17.8964616108023	25.2597714930167	44.5
17.9181346078098	25.2974326292034	44.5
17.9398096868987	25.3351372460239	44.5
17.9614868480691	25.3728853434782	44.5
17.983166091321	25.4106769215663	44.5
18.0048474166544	25.4485119802882	44.5
18.0265308240692	25.486390519644	44.5
18.0482163135655	25.5243125396335	44.5
18.0699038851433	25.5622780402568	44.5
18.0915935388025	25.600287021514	44.5
18.1132852745433	25.638339483405	44.5
18.1349790923654	25.6764354259297	44.5
18.1566749922691	25.7145748490883	44.5
18.1783729742542	25.7527577528807	44.5
18.2000730383208	25.7909841373069	44.5
18.2217751844689	25.8292540023669	44.5
18.2434794126985	25.8675673480607	44.5
18.2651857230095	25.9059241743883	44.5
18.286894115402	25.9443244813498	44.5
18.3086045898759	25.982768268945	44.5
18.3303171464314	26.0212555371741	44.5
18.3520317850683	26.0597862860369	44.5
18.3737485057867	26.0983605155336	44.5
18.3954673085865	26.136978225664	44.5
18.4171881934678	26.1756394164283	44.5
18.4389111604306	26.2143440878264	44.5
18.4606362094749	26.2530922398583	44.5
18.4823633406006	26.291883872524	44.5
18.5040925538078	26.3307189858235	44.5
18.5258238490965	26.3695975797569	44.5
18.5475572264667	26.408519654324	44.5
18.5692926859183	26.4474852095249	44.5
18.5910302274514	26.4864942453597	44.5
18.612769851066	26.5255467618282	44.5
18.634511556762	26.5646427589306	44.5
18.6562553445395	26.6037822366668	44.5
18.6780012143985	26.6429651950367	44.5
18.6997491663389	26.6821916340405	44.5
18.7214992003609	26.7214615536781	44.5
18.7432513164643	26.7607749539495	44.5
18.7650055146491	26.8001318348547	44.5
18.7867617949155	26.8395321963938	44.5
18.8085201572633	26.8789760385666	44.5
18.8302806016926	26.9184633613732	44.5
18.8520431282033	26.9579941648137	44.5
18.8738077367956	26.9975684488879	44.5
18.8955744274693	27.037186213596	44.5
18.9173432002245	27.0768474589379	44.5
18.9391140550611	27.1165521849135	44.5
18.9608869919792	27.156300391523	44.5
18.9826620109788	27.1960920787663	44.5
19.0044391120599	27.2359272466434	44.5
19.0262182952224	27.2758058951543	44.5
19.0479995604664	27.3157280242991	44.5
19.0697829077919	27.3556936340776	44.5
19.0915683371988	27.3957027244899	44.5
19.1133558486873	27.4357552955361	44.5
19.1351454422571	27.475851347216	44.5
19.1569371179085	27.5159908795298	44.5
19.1787308756413	27.5561738924774	44.5
19.2005267154557	27.5964003860587	44.5
19.2223246373514	27.6366703602739	44.5
19.2441246413287	27.6769838151229	44.5
19.2659267273874	27.7173407506057	44.5
19.2877308955276	27.7577411667223	44.5
19.3095371457493	27.7981850634727	44.5
19.3313454780524	27.838672440857	44.5
19.353155892437	27.879203298875	44.5
19.3749683889031	27.9197776375269	44.5
19.3967829674507	27.9603954568125	44.5
19.4185996280797	28.001056756732	44.5
19.4404183707902	28.0417615372852	44.5
19.4622391955822	28.0825097984723	44.5
19.4840621024556	28.1233015402932	44.5
19.5058870914105	28.1641367627479	44.5
19.5277141624469	28.2050154658364	44.5
19.5495433155648	28.2459376495587	44.5
19.5713745507641	28.2869033139148	44.5
19.5932078680449	28.3279124589048	44.5
19.6150432674072	28.3689650845285	44.5
19.6368807488509	28.410061190786	44.5
19.6587203123761	28.4512007776774	44.5
19.6805619579828	28.4923838452025	44.5
19.702405685671	28.5336103933615	44.5
19.7242514954406	28.5748804221543	44.5
19.7460993872917	28.6161939315809	44.5
19.7679493612243	28.6575509216413	44.5
19.7898014172383	28.6989513923355	44.5
19.8116555553339	28.7403953436635	44.5
19.8335117755108	28.7818827756253	44.5
19.8553700777693	28.8234136882209	44.5
19.8772304621092	28.8649880814504	44.5
19.8990929285306	28.9066059553136	44.5
19.9209574770335	28.9482673098106	44.5
19.9428241076179	28.9899721449415	44.5
19.9646928202837	29.0317204607062	44.5
19.986563615031	29.0735122571047	44.5
20.0084364918598	29.1153475341369	44.5
20.03031145077	29.157226291803	44.5
20.0521884917617	29.1991485301029	44.5
20.0740676148349	29.2411142490366	44.5
20.0959488199895	29.2831234486042	44.5
20.1178321072257	29.3251761288055	44.5
20.1397174765433	29.3672722896406	44.5
20.1616049279423	29.4094119311096	44.5
20.1834944614229	29.4515950532123	44.5
20.2053860769849	29.4938216559489	44.5
20.2272797746284	29.5360917393192	44.5
20.2491755543533	29.5784053033234	44.5
20.2710734161598	29.6207623479614	44.5
20.2929733600477	29.6631628732332	44.5
20.314875386017	29.7056068791388	44.5
20.3367794940679	29.7480943656782	44.5
20.3586856842002	29.7906253328514	44.5
20.380593956414	29.8331997806584	44.5
20.4025043107092	29.8758177090993	44.5
20.424416747086	29.9184791181739	44.5
20.4463312655442	29.9611840078824	44.5
20.4682478660838	30.0039323782246	44.5
20.490166548705	30.0467242292007	44.5
20.5120873134076	30.0895595608106	44.5
20.5340101601917	30.1324383730542	44.5
20.5559350890573	30.1753606659317	44.5
20.5778621000043	30.218326439443	44.5
20.5997911930328	30.2613356935881	44.5
20.6217223681428	30.3043884283671	44.5
20.6436556253342	30.3474846437798	44.5
20.6655909646072	30.3906243398263	44.5
20.6875283859615	30.4338075165067	44.5
20.7094678893974	30.4770341738208	44.5
20.7314094749147	30.5203043117688	44.5
20.7533531425136	30.5636179303505	44.5
20.7752988921938	30.6069750295661	44.5
20.7972467239556	30.6503756094155	44.5
20.8191966377988	30.6938196698987	44.5
20.8411486337235	30.7373072110157	44.5
20.8631027117297	30.7808382327665	44.5
20.8850588718173	30.8244127351511	44.5
20.9070171139864	30.8680307181695	44.5
20.928977438237	30.9116921818218	44.5
20.9509398445691	30.9553971261078	44.5
20.9729043329826	30.9991455510276	44.5
20.9948709034776	31.0429374565813	44.5
21.0168395560541	31.0867728427688	44.5
21.038810290712	31.1306517095901	44.5
21.0607831074514	31.1745740570451	44.5
21.0827580062723	31.218539885134	44.5
21.1047349871747	31.2625491938567	44.5
21.1267140501585	31.3066019832132	44.5
21.1486951952238	31.3506982532035	44.5
21.1706784223706	31.3948380038277	44.5
21.1926637315988	31.4390212350856	44.5
21.2146511229085	31.4832479469773	44.5
21.2366405962997	31.5275181395029	44.5
21.2586321517724	31.5718318126622	44.5
21.2806257893265	31.6161889664554	44.5
21.3026215089621	31.6605896008824	44.5
21.3246193106792	31.7050337159432	44.5
21.3466191944777	31.7495213116377	44.5
21.3686211603578	31.7940523879661	44.5
21.3906252083193	31.8386269449283	44.5
21.4126313383622	31.8832449825244	44.5
21.4346395504867	31.9279065007542	44.5
21.4566498446926	31.9726114996178	44.5
21.4786622209799	32.0173599791153	44.5
21.5006766793488	32.0621519392465	44.5
21.5226932197991	32.1069873800116	44.5
21.5447118423309	32.1518663014104	44.5
21.5667325469442	32.1967887034431	44.5
21.5887553336389	32.2417545861096	44.5
21.6107802024151	32.2867639494099	44.5
21.6328071532728	32.331816793344	44.5
21.654836186212	32.3769131179119	44.5
21.6768673012326	32.4220529231136	44.5
21.6989004983347	32.4672362089491	44.5
21.7209357775183	32.5124629754184	44.5
21.7429731387833	32.5577332225216	44.5
21.7650125821298	32.6030469502585	44.5
21.7870541075578	32.6484041586293	44.5
21.8090977150673	32.6938048476338	44.5
21.8311434046582	32.7392490172722	44.5
21.8531911763306	32.7847366675444	44.5
21.8752410300845	32.8302677984504	44.5
21.8972929659198	32.8758424099902	44.5
21.9193469838366	32.9214605021638	44.5
21.9414030838349	32.9671220749712	44.5
21.9634612659147	33.0128271284124	44.5
21.9855215300759	33.0585756624874	44.5
22.0075838763186	33.1043676771963	44.5
22.0296483046428	33.1502031725389	44.5
22.0517148150484	33.1960821485154	44.5
22.0737834075356	33.2420046051256	44.5
22.0958540821041	33.2879705423697	44.5
22.1179268387542	33.3339799602476	44.5
22.1400016774857	33.3800328587593	44.5
22.1620785982987	33.4261292379048	44.5
22.1841576011932	33.4722690976841	44.5
22.2062386861692	33.5184524380972	44.5
22.2283218532266	33.5646792591441	44.5
22.2331376336012	33.5745640164682	44.5
22.2381080828848	33.5843719113439	44.5
22.2432319746934	33.5941005238198	44.5
22.2485080447833	33.6037474535064	44.5
22.2539349913632	33.6133103201682	44.5
22.2595114754153	33.6227867643109	44.5
22.2652361210255	33.6321744477637	44.5
22.2711075157232	33.6414710542562	44.5
22.2771242108296	33.6506742899899	44.5
22.2832847218152	33.659781884204	44.5
22.2895875286662	33.6687915897359	44.5
22.2960310762591	33.6777011835757	44.5
22.3026137747452	33.6865084674143	44.5
22.309333999942	33.6952112681863	44.5
22.3161900937345	33.7038074386058	44.5
22.3231803644842	33.7122948576964	44.5
22.3303030874463	33.7206714313143	44.5
22.3375565051956	33.7289350926655	44.5
22.3449388280597	33.7370838028151	44.5
22.352448234561	33.7451155511908	44.5
22.3600828718658	33.753028356079	44.5
22.3678408562415	33.7608202651133	44.5
22.3757202735216	33.7684893557568	44.5
22.3837191795777	33.7760337357762	44.5
22.3918356007996	33.7834515437086	44.5
22.4000675345816	33.7907409493209	44.5
22.4084129498174	33.7979001540613	44.5
22.4168697874006	33.8049273915032	44.5
22.425435960733	33.8118209277808	44.5
22.4341093562397	33.8185790620173	44.5
22.4428878338899	33.8252001267442	44.5
22.4517692277257	33.8316824883127	44.5
22.4607513463961	33.8380245472973	44.5
22.4698319736977	33.8442247388897	44.5
22.4790088691215	33.8502815332854	44.5
22.4882797684061	33.8561934360611	44.5
22.4976423840955	33.8619589885432	44.5
22.5070944061047	33.8675767681678	44.5
22.5166335022885	33.873045388832	44.5
22.5262573190177	33.8783635012354	44.5
22.5359634817595	33.8835297932134	44.5
22.5457495956636	33.8885429900607	44.5
22.5556132461527	33.8934018548459	44.5
22.5655519995186	33.8981051887171	44.5
22.5755634035228	33.9026518311967	44.5
22.585644988001	33.907040660469	44.5
22.5957942654732	33.9112705936558	44.5
22.606008731757	33.9153405870846	44.5
22.6162858665856	33.9192496365453	44.5
22.62662313423	33.9229967775384	44.5
22.6370179841238	33.9265810855131	44.5
22.6474678514935	33.9300016760948	44.5
22.6579701579907	33.9332577053042	44.5
22.6685223123283	33.9363483697646	44.5
22.6791217109203	33.939272906901	44.5
22.6897657385235	33.9420305951274	44.5
22.7004517688835	33.9446207540257	44.5
22.7111771653821	33.9470427445128	44.5
22.7219392816883	33.9492959689989	44.5
22.7327354624109	33.9513798715344	44.5
22.7435630437538	33.9532939379478	44.5
22.7544193541735	33.9550376959716	44.5
22.7653017150376	33.9566107153597	44.5
22.7762074412865	33.9580126079932	44.5
22.7871338420955	33.9592430279759	44.5
22.7980782215387	33.9603016717202	44.5
22.8090378792541	33.9611882780215	44.5
22.8200101111102	33.961902628123	44.5
22.8309922098731	33.9624445457696	44.5
22.8419814658741	33.9628138972511	44.5
22.8529751676788	33.9630105914356	44.5
22.8639706027557	33.9630345797918	44.5
22.8749650581458	33.9628858564008	44.5
22.8859558211318	33.962564457958	44.5
22.8969401799073	33.9620704637636	44.5
22.9079154242461	33.9614039957033	44.5
22.918878846171	33.9605652182181	44.5
22.9298277406216	33.9595543382638	44.5
22.9407594061221	33.9583716052599	44.5
22.9516711454475	33.957017311028	44.5
22.9625602662895	33.9554917897201	44.5
22.9734240819204	33.9537954177356	44.5
22.9842599118564	33.9519286136291	44.5
22.9950650825184	33.9498918380063	44.5
23.0058369278923	33.9476855934113	44.5
23.0165727901865	33.9453104242019	44.5
23.0272700204875	33.9427669164156	44.5
23.0379259794139	33.9400556976248	44.5
23.0485380377673	33.9371774367823	44.5
23.0591035771809	33.9341328440557	44.5
23.0696199907662	33.9309226706529	44.5
23.0800846837553	33.927547708636	44.5
23.090495074142	33.9240087907264	44.5
23.100848593318	33.9203067900993	44.5
23.1111426867076	33.9164426201677	44.5
23.1213748143971	33.9124172343579	44.5
23.1315424517623	33.9082316258736	44.5
23.1416430900906	33.903886827451	44.5
23.1516742372007	33.8993839111042	44.5
23.1616334180573	33.8947239878602	44.5
23.1715181753814	33.8899082074856	44.5
23.181326070257	33.884937758202	44.5
23.1910546827329	33.8798138663934	44.5
23.2007016124196	33.8745377963035	44.5
23.2102644790814	33.8691108497236	44.5
23.2197409232241	33.8635343656715	44.5
23.2291286066769	33.8578097200613	44.5
23.2384252131694	33.8519383253636	44.5
23.247628448903	33.8459216302572	44.5
23.2567360431171	33.8397611192716	44.5
23.2657457486491	33.8334583124207	44.5
23.2746553424889	33.8270147648277	44.5
23.2834626263275	33.8204320663417	44.5
23.2921654270995	33.8137118411449	44.5
23.300761597519	33.8068557473524	44.5
23.3092490166095	33.7998654766027	44.5
23.3176255902275	33.7927427536405	44.5
23.3258892515787	33.7854893358912	44.5
23.3340379617283	33.7781070130271	44.5
23.342069710104	33.7705976065258	44.5
23.3499825149921	33.7629629692211	44.5
23.3577744240265	33.7552049848454	44.5
23.36544351467	33.7473255675653	44.5
23.3729878946894	33.7393266615091	44.5
23.3804057026218	33.7312102402873	44.5
23.3876951082341	33.7229783065052	44.5
23.3948543129745	33.7146328912694	44.5
23.4018815504163	33.7061760536862	44.5
23.408775086694	33.6976098803538	44.5
23.4155332209305	33.6889364848472	44.5
23.4221542856573	33.680158007197	44.5
23.4286366472259	33.6712766133611	44.5
23.4349787062105	33.6622944946907	44.5
23.4411788978029	33.6532138673892	44.5
23.4472356921986	33.6440369719653	44.5
23.4531475949743	33.6347660726808	44.5
23.4589131474563	33.6254034569913	44.5
23.464530927081	33.6159514349822	44.5
23.4699995477452	33.6064123387983	44.5
23.4753176601486	33.5967885220691	44.5
23.4804839521266	33.5870823593273	44.5
23.4854971489738	33.5772962454233	44.5
23.4903560137591	33.5674325949342	44.5
23.4950593476302	33.5574938415682	44.5
23.4996059901099	33.547482437564	44.5
23.5039948193821	33.5374008530858	44.5
23.508224752569	33.5272515756136	44.5
23.5122947459978	33.5170371093298	44.5
23.5162037954585	33.5067599745012	44.5
23.5199509364516	33.4964227068569	44.5
23.5235352444262	33.486027856963	44.5
23.526955835008	33.4755779895933	44.5
23.5302118642173	33.4650756830961	44.5
23.5333025286778	33.4545235287585	44.5
23.5362270658141	33.4439241301666	44.5
23.5389847540406	33.4332801025633	44.5
23.5415749129388	33.4225940722034	44.5
23.543996903426	33.4118686757047	44.5
23.546250127912	33.4011065593985	44.5
23.5483340304476	33.3903103786759	44.5
23.5502480968609	33.379482797333	44.5
23.5519918548848	33.3686264869134	44.5
23.5535648742729	33.3577441260493	44.5
23.5549667669063	33.3468383998003	44.5
23.5561971868891	33.3359119989913	44.5
23.5572558306333	33.3249676195482	44.5
23.5581424369347	33.3140079618328	44.5
23.5588567870362	33.3030357299766	44.5
23.5593987046828	33.2920536312138	44.5
23.5597680561643	33.2810643752128	44.5
23.5599647503488	33.2700706734081	44.5
23.559988738705	33.2590752383311	44.5
23.559840015314	33.248080782941	44.5
23.5595186168712	33.237090019955	44.5
23.5590246226768	33.2261056611795	44.5
23.5583581546165	33.2151304168407	44.5
23.5575193771313	33.2041669949158	44.5
23.5565084971769	33.1932181004652	44.5
23.555325764173	33.1822864349648	44.5
23.5539714699412	33.1713746956393	44.5
23.5524459486333	33.1604855747973	44.5
23.5507495766488	33.1496217591664	44.5
23.5488827725422	33.1387859292305	44.5
23.5468459969195	33.1279807585685	44.5
23.5446397523245	33.1172089131945	44.5
23.5422645831151	33.1064730509004	44.5
23.5397210753288	33.0957758205993	44.5
23.537009856538	33.0851198616729	44.5
23.5341315956954	33.0745078033196	44.5
23.5310870029689	33.0639422639059	44.5
23.527876829566	33.0534258503206	44.5
23.5245018675491	33.0429611573315	44.5
23.5209629496396	33.0325507669449	44.5
23.5172609490124	33.0221972477688	44.5
23.5133967790809	33.0119031543792	44.5
23.5093713932711	33.0016710266897	44.5
23.5051857847868	32.9915033893246	44.5
23.5008409863642	32.9814027509963	44.5
23.4963380700173	32.9713716038861	44.5
23.4917307821149	32.9615226762579	44.5
23.4869906992762	32.9515915777941	44.5
23.4818665510517	32.9408558118952	44.5
23.4765045468479	32.9296217079836	44.5
23.4711495514857	32.9184022916878	44.5
23.4668310745158	32.9093545200112	44.5
23.4618390800652	32.8988956450597	44.5
23.456107019557	32.8868862408144	44.5
23.4495664299208	32.8731828706569	44.5
23.4421472063558	32.8576386589044	44.5
23.4337778750946	32.8401038623442	44.5
23.4292142763243	32.8305425565681	44.5
23.4243858661669	32.8204264417682	44.5
23.4192834468448	32.8097362480617	44.5
23.4138977861629	32.7984526335078	44.5
23.4082196260328	32.7865562019684	44.5
23.4022396909966	32.7740275209682	44.5
23.3959486967507	32.7608471395557	44.5
23.3893373586697	32.7469956061633	44.5
23.3823964003304	32.7324534864675	44.5
23.3751165620351	32.7172013812501	44.5
23.3674886093364	32.7012199442579	44.5
23.3595033415601	32.6844899000636	44.5
23.3511516003297	32.6669920619261	44.5
23.3424242780902	32.648707349651	44.5
23.3333123266315	32.6296168074512	44.5
23.3238067656127	32.609701621807	44.5
23.3138986910859	32.5889431393268	44.5
23.3035792840201	32.5673228846076	44.5
23.2928398188246	32.5448225780953	44.5
23.2816716718736	32.5214241539452	44.5
23.2700663300294	32.4971097778828	44.5
23.2580153991667	32.4718618650635	44.5
23.2455106126963	32.4456630979338	44.5
23.2325438400888	32.4184964440913	44.5
23.2191070953989	32.3903451741455	44.5
23.2051925457887	32.3611928795779	44.5
23.190792520052	32.3310234906028	44.5
23.175899517138	32.2998212940274	44.5
23.1605062146751	32.2675709511127	44.5
23.1446054774949	32.2342575154334	44.5
23.1281903661558	32.1998664507388	44.5
23.1112541454673	32.1643836488133	44.5
23.0937902930134	32.1277954473364	44.5
23.0757925076769	32.0900886477436	44.5
23.0572547181627	32.0512505330866	44.5
23.0381710915223	32.0112688858938	44.5
23.0185360416771	31.970132006031	44.5
22.9983442379428	31.9278287285616	44.5
22.9775906135526	31.8843484416069	44.5
22.9562703741817	31.8396811042071	44.5
22.9343790064707	31.7938172641812	44.5
22.9119122865499	31.7467480759877	44.5
22.8888662885628	31.6984653185852	44.5
22.8652373931898	31.6489614132927	44.5
22.8410222961728	31.5982294416497	44.5
22.8162180168383	31.5462631632775	44.5
22.7908219066215	31.493057033739	44.5
22.7648316575904	31.4386062223991	44.5
22.7382453109695	31.3829066302858	44.5
22.7110612656566	31.3259549079358	44.5
22.6832782857131	31.2677484710879	44.5
22.6548955015994	31.208285503269	44.5
22.6259124059041	31.1475649468387	44.5
22.5963288484112	31.0855864926463	44.5
22.5661450311649	31.0223505696843	44.5
22.5353615035353	30.957858334742	44.5
22.5039791572837	30.8921116620588	44.5
22.4719992216277	30.8251131329777	44.5
22.4394232583064	30.7568660255992	44.5
22.4062531566461	30.6873743044344	44.5
22.3724911286253	30.6166426100585	44.5
22.33813970394	30.5446762487646	44.5
22.3032017250691	30.4714811822169	44.5
22.2676803423396	30.3970640171044	44.5
22.2315790089922	30.3214319947942	44.5
22.1949014762459	30.2445929809854	44.5
22.1576517883643	30.166555455362	44.5
22.1198342777198	30.0873285012471	44.5
22.0814535598598	30.0069217952558	44.5
22.0425145285715	29.9253455969489	44.5
22.0030223509474	29.8426107384867	44.5
21.9629824624505	29.758728614282	44.5
21.9224005619795	29.6737111706541	44.5
21.8812826069345	29.5875708954817	44.5
21.8396348082818	29.5003208078571	44.5
21.7974636256195	29.4119744477392	44.5
21.7547757622427	29.3225458656072	44.5
21.7115781602088	29.2320496121141	44.5
21.6678779954028	29.1405007277402	44.5
21.6236826726027	29.0479147324463	44.5
21.5789998205445	28.9543076153279	44.5
21.533837286988	28.8596958242679	44.5
21.4882031337815	28.7640962555907	44.5
21.4421056319277	28.6675262437155	44.5
21.3955532566482	28.5700035508097	44.5
21.3485546824499	28.4715463564424	44.5
21.3011187781892	28.3721732472382	44.5
21.2532546021381	28.2719032065303	44.5
21.2049713970489	28.1707556040143	44.5
21.15627858522	28.0687501854017	44.5
21.1071857635608	27.9659070620731	44.5
21.0577026986575	27.862246700732	44.5
21.0078393218375	27.7577899130581	44.5
20.9576057242357	27.6525578453613	44.5
20.9070121518594	27.5465719682343	44.5
20.8560690006532	27.4398540662068	44.5
20.8047868115649	27.3324262273991	44.5
20.7531762656105	27.2243108331749	44.5
20.7012481789396	27.1155305477955	44.5
20.6490134979005	27.006108308073	44.5
20.5964832941058	26.8960673130236	44.5
20.5436687594975	26.7854310135216	44.5
20.4905812014121	26.6742231019525	44.5
20.4372320376466	26.5624675018667	44.5
20.3836327915229	26.450188357633	44.5
20.3297950869537	26.3374100240919	44.5
20.2757306435075	26.2241570562093	44.5
20.2214512714744	26.11045419873	44.5
20.1669688669304	25.996326375831	44.5
20.112295406804	25.8817986807755	44.5
20.0574429439401	25.7668963655656	44.5
20.0024236021666	25.6516448305965	44.5
19.9472495713588	25.5360696143099	44.5
19.891933102505	25.4201963828471	44.5
19.8364865027719	25.304050919703	44.5
19.7809221305699	25.1876591153791	44.5
19.7252523906179	25.0710469570376	44.5
19.6694897290093	24.9542405181543	44.5
19.613646628277	24.8372659481725	44.5
19.5577356024585	24.7201494621564	44.5
19.5017691921616	24.6029173304446	44.5
19.4457599596291	24.4855958683034	44.5
19.3897204838049	24.3682114255807	44.5
19.3336633553987	24.2507903763594	44.5
19.2776011719514	24.1333591086104	44.5
19.2215465329008	24.0159440138494	44.5
19.1655120346499	23.8985714768067	44.5
19.1095102656359	23.781267865109	44.5
19.0535538014009	23.6640595189629	44.5
18.9976551996613	23.5469727408376	44.5
18.941826995378	23.4300337851484	44.5
18.8860816958262	23.3132688479398	44.5
18.8304317756657	23.1967040565685	44.5
18.7748896720102	23.0803654593869	44.5
18.7194677794978	22.9642790154258	44.5
18.6641784453608	22.8484705840779	44.5
18.6090339644956	22.7329659147808	44.5
18.5540465745324	22.6177906367004	44.5
18.4992284509057	22.5029702484135	44.5
18.4445917019236	22.3885301075917	44.5
18.3901483638384	22.274495420684	44.5
18.335910395916	22.1608912326001	44.5
18.2818896755061	22.0477424163939	44.5
18.228097993112	21.935073662946	44.5
18.1745470474608	21.8229094706474	44.5
18.1212484405731	21.7112741350825	44.5
18.068213672833	21.6001917387122	44.5
18.015454138058	21.4896861405571	44.5
17.9629811185691	21.3797809658807	44.5
17.9108057802607	21.2704995958725	44.5
17.8589391676703	21.1618651573311	44.5
17.8073921990488	21.0539005123475	44.5
17.7561756614303	20.9466282479883	44.5
17.7053002057017	20.8400706659785	44.5
17.6547763416734	20.7342497723853	44.5
17.6046144331484	20.6291872673004	44.5
17.554824692993	20.524904534524	44.5
17.505417178206	20.4214226312475	44.5
17.4564017849894	20.3187622777366	44.5
17.4077882438177	20.2169438470149	44.5
17.3595861145083	20.1159873545464	44.5
17.3118047812911	20.0159124479193	44.5
17.2644534478787	19.9167383965287	44.5
17.2175411325361	19.8184840812603	44.5
17.171076663151	19.7211679841727	44.5
17.1250686723033	19.6248081781814	44.5
17.0795255923354	19.5294223167416	44.5
17.034455650422	19.4350276235313	44.5
16.9898668636399	19.3416408821344	44.5
16.9457670340384	19.2492784257243	44.5
16.9021637437086	19.1579561267466	44.5
16.8590643498539	19.0676893866024	44.5
16.8164759798596	18.9784931253314	44.5
16.774405526363	18.8903817712954	44.5
16.7328596423233	18.8033692508609	44.5
16.6918447360915	18.7174689780828	44.5
16.6513669664806	18.6326938443871	44.5
16.611432237835	18.5490562082543	44.5
16.5720461951009	18.4665678849027	44.5
16.5332142188964	18.3852401359713	44.5
16.4949414205807	18.3050836592028	44.5
16.4572326373247	18.2261085781275	44.5
16.4200924271809	18.1483244317456	44.5
16.3835250641529	18.0717401642107	44.5
16.3475345332658	17.9963641145131	44.5
16.312124525636	17.922204006163	44.5
16.277298433541	17.8492669368733	44.5
16.2430593454894	17.7775593682429	44.5
16.2094100412911	17.70708711544	44.5
16.1763529871269	17.6378553368853	44.5
16.1438903306186	17.5698685239348	44.5
16.1120238958989	17.5031304905635	44.5
16.0807551786815	17.4376443630479	44.5
16.0500853413307	17.3734125696498	44.5
16.0200152079316	17.3104368302989	44.5
15.9905452593602	17.2487181462766	44.5
15.9616756283529	17.1882567898984	44.5
15.9334060945767	17.1290522941978	44.5
15.9057360796993	17.0711034426088	44.5
15.8786646424708	17.0144082586751	44.5
15.8521904750699	16.9589639984039	44.5
15.8263119060298	16.9047671563958	44.5
15.8010269082372	16.8518134825951	44.5
15.7763331074446	16.8000980001137	44.5
15.7522277907834	16.7496150230583	44.5
15.7287079152773	16.7003581743557	44.5
15.7057701163551	16.6523204035797	44.5
15.6834107163637	16.605494004777	44.5
15.6616257330817	16.5598706342936	44.5
15.6404108882318	16.5154413286007	44.5
15.6197616159945	16.4721965221212	44.5
15.5996730715211	16.4301260650559	44.5
15.5801401394464	16.3892192412096	44.5
15.5611574424022	16.3494647858173	44.5
15.5427193495303	16.3108509033707	44.5
15.5248199849956	16.2733652854439	44.5
15.5074532364991	16.2369951285201	44.5
15.4906127637911	16.2017271518176	44.5
15.4742920071843	16.1675476151162	44.5
15.4584841960668	16.1344423365829	44.5
15.4431823574155	16.102396710599	44.5
15.4283793243087	16.0713957255852	44.5
15.4140677444397	16.041423981829	44.5
15.4002400886294	16.01246570931	44.5
15.38688865934	15.9845047855265	44.5
15.3740055991876	15.9575247533217	44.5
15.3615828994556	15.9315088387098	44.5
15.3496124086074	15.9064399687026	44.5
15.3380858408001	15.8823007891351	44.5
15.3269947843971	15.8590736824921	44.5
15.3163307104814	15.8367407857345	44.5
15.3060849813688	15.8152840081253	44.5
15.2962488591207	15.7946850490557	44.5
15.2868135140574	15.7749254158718	44.5
15.2777700332713	15.7559864417004	44.5
15.2691094291399	15.7378493032753	44.5
15.2608226478386	15.7204950387636	44.5
15.2529005778545	15.7039045655919	44.5
15.2453340584986	15.6880586982724	44.5
15.2381138884198	15.6729381662292	44.5
15.2312308341173	15.6585236316247	44.5
15.2246756384542	15.6447957071855	44.5
15.2184390291701	15.6317349740287	44.5
15.2125117273948	15.6193219994884	44.5
15.2068844561607	15.6075373549414	44.5
15.2015479489168	15.5963616336339	44.5
15.1964929580407	15.5857754685075	44.5
15.1917102633527	15.5757595500254	44.5
15.1871906806282	15.5662946439987	44.5
15.1789043450277	15.5489414162523	44.5
15.1715615200487	15.5335640961105	44.5
15.1650908946254	15.5200133408587	44.5
15.1594225502353	15.5081427246653	44.5
15.1544882333191	15.49780930902	44.5
15.148318589614	15.4848888848646	44.5
15.1434376070658	15.4746671693094	44.5
15.1385890584862	15.4645133789644	44.5
15.1340134536505	15.454931186045	44.5
15.1296946913696	15.4458868706919	44.5
15.1253382465656	15.4367641173473	44.5
15.1208105684049	15.4272917426519	44.5
15.1155541085525	15.4163168950567	44.5
15.1109187278505	15.4066607983854	44.5
15.1052117095256	15.3948006300374	44.5
15.1001371382213	15.3842802237122	44.5
15.0943078825458	15.3722235777119	44.5
15.087655289118	15.3584994227622	44.5
15.0827280873765	15.3483580103571	44.5
15.0773823858066	15.3373767726311	44.5
15.0715966034875	15.3255159140737	44.5
15.0653488909102	15.312735583422	44.5
15.0586171555744	15.2989959500017	44.5
15.0513790875856	15.2842572800678	44.5
15.0436121852521	15.2684800131453	44.5
15.0352937806818	15.2516248383705	44.5
15.0264010653791	15.2336527708315	44.5
15.0217321814013	15.2242358274049	44.5
15.0169111158422	15.2145252279092	44.5
15.0119349894939	15.2045162248999	44.5
15.00680091916	15.1942041056184	44.5
15.001506018456	15.1835841943777	44.5
14.9960473986088	15.1726518549481	44.5
14.9904221692567	15.1614024929426	44.5
14.9846274392494	15.1498315582029	44.5
14.978660317448	15.1379345471848	44.5
14.9725179135244	15.1257070053438	44.5
14.9661973387618	15.113144529521	44.5
14.9596957068544	15.1002427703286	44.5
14.9530101347072	15.0869974345356	44.5
14.9461377432359	15.0734042874534	44.5
14.939075658167	15.0594591553214	44.5
14.9318210108376	15.045157927693	44.5
14.9243709389952	15.0304965598207	44.5
14.9167225875977	15.0154710750422	44.5
14.9088731096133	15.0000775671657	44.5
14.9008196668206	14.984312202856	44.5
14.892559430608	14.9681712240198	44.5
14.8840895827742	14.9516509501914	44.5
14.8754073163276	14.9347477809184	44.5
14.8665098362865	14.9174581981474	44.5
14.8573943604792	14.8997787686095	44.5
14.8480581203431	14.8817061462061	44.5
14.8384983617257	14.8632370743948	44.5
14.8287123456836	14.8443683885742	44.5
14.8186973492829	14.8250970184706	44.5
14.8084506663988	14.8054199905228	44.5
14.797969608516	14.7853344302685	44.5
14.7872515055279	14.7648375647292	44.5
14.776293706537	14.7439267247965	44.5
14.7650935806549	14.7225993476173	44.5
14.7536485178017	14.7008529789796	44.5
14.7419559295062	14.6786852756983	44.5
14.7300132497062	14.6560940080008	44.5
14.7178179355474	14.6330770619122	44.5
14.7053674681844	14.6096324416419	44.5
14.6926593535798	14.5857582719682	44.5
14.6796911233047	14.5614528006247	44.5
14.6664603353381	14.5367144006855	44.5
14.6529645748671	14.5115415729512	44.5
14.6392014550867	14.4859329483344	44.5
14.6251686179999	14.4598872902452	44.5
14.6108637352173	14.4334034969772	44.5
14.5962845087571	14.4064806040927	44.5
14.5814286718452	14.3791177868088	44.5
14.5662939897149	14.3513143623829	44.5
14.5508782604069	14.323069792498	44.5
14.5351793155691	14.2943836856489	44.5
14.5191950212567	14.2652557995278	44.5
14.5029232787318	14.2356860434092	44.5
14.4863620252637	14.2056744805367	44.5
14.4695092349285	14.1752213305076	44.5
14.452362919409	14.1443269716594	44.5
14.4349211287948	14.1129919434549	44.5
14.4171819523822	14.0812169488679	44.5
14.3991435194739	14.0490028567692	44.5
14.380804000179	14.0163507043119	44.5
14.3621616062131	13.9832616993172	44.5
14.3432145916977	13.94973722266	44.5
14.3239612539609	13.9157788306548	44.5
14.3043999343363	13.8813882574407	44.5
14.284529018964	13.846567417368	44.5
14.2643469395895	13.8113184073829	44.5
14.2438521743629	13.7756435094042	44.5
14.2230432485405	13.7395451920573	44.5
14.2019187347754	13.7030261096756	44.5
14.1804772531435	13.6660890995383	44.5
14.1587174711479	13.6287371789687	44.5
14.136638103723	13.5909735424312	44.5
14.1142379132392	13.5528015586292	44.5
14.0915157095074	13.5142247676025	44.5
14.0684703497831	13.4752468778251	44.5
14.0451007387714	13.4358717633027	44.5
14.0214058286307	13.3961034606703	44.5
13.997384618978	13.3559461662896	44.5
13.9730361568925	13.3154042333471	44.5
13.9483595369207	13.274482168951	44.5
13.9233539010805	13.2331846312294	44.5
13.8980184388656	13.1915164264277	44.5
13.8723523872502	13.1494825060059	44.5
13.8463550306932	13.1070879637367	44.5
13.8200257011427	13.0643380328026	44.5
13.7933637780407	13.021238082894	44.5
13.766368688327	12.9777936173064	44.5
13.7390399064442	12.9340102700379	44.5
13.7113769543417	12.8898938028874	44.5
13.6833794014805	12.8454501025516	44.5
13.6550468648374	12.8006851777227	44.5
13.6263790089095	12.7556051561863	44.5
13.5973755457186	12.7102162819186	44.5
13.5680362348159	12.6645249121844	44.5
13.5383608832861	12.6185375146342	44.5
13.5083493457519	12.5722606644023	44.5
13.4780015243785	12.5257010412041	44.5
13.4473173688784	12.4788654264336	44.5
13.416296876515	12.4317607002613	44.5
13.3849400921079	12.3843938387317	44.5
13.3532471080368	12.3367719108606	44.5
13.3212180642462	12.2889020757332	44.5
13.2888531482497	12.2407915796012	44.5
13.2561525951346	12.1924477529807	44.5
13.223116687566	12.1438780077497	44.5
13.1897457557918	12.0950898342459	44.5
13.1560401776466	12.0460907983636	44.5
13.1220003785563	11.9968885386523	44.5
13.0876268315428	11.9474907634136	44.5
13.0529200572282	11.8979052477988	44.5
13.0178806238391	11.8481398309069	44.5
12.9825091472113	11.7982024128819	44.5
12.9468062907944	11.7481009520105	44.5
12.9107727656556	11.6978434618195	44.5
12.8744093304848	11.6474380081737	44.5
12.8377167915987	11.5968927063732	44.5
12.8006960029454	11.5462157182513	44.5
12.7633478661086	11.4954152492717	44.5
12.7256733303123	11.4444995456266	44.5
12.6876733924251	11.3934768913338	44.5
12.6493490969648	11.3423556053345	44.5
12.6107015361026	11.2911440385911	44.5
12.5717318496675	11.2398505711843	44.5
12.5324412251514	11.1884836094113	44.5
12.4928308977124	11.1370515828828	44.5
12.4529021501805	11.0855629416211	44.5
12.4126563130609	11.0340261531572	44.5
12.3720947645393	10.982449699629	44.5
12.3312189304858	10.9308420748784	44.5
12.2900302844597	10.8792117815488	44.5
12.2485303477137	10.8275673281833	44.5
12.2067206891984	10.7759172263219	44.5
12.1646029255669	10.7242699875989	44.5
12.1221787211788	10.6726341208408	44.5
12.0794497881053	10.621018129164	44.5
12.036417886133	10.569430507072	44.5
11.9930848227688	10.5178797375534	44.5
11.9494524532441	10.4663742891789	44.5
11.9055226805193	10.4149226131999	44.5
11.8612974552883	10.3635331406449	44.5
11.8167787759828	10.312214279418	44.5
11.7719686887767	10.2609744113961	44.5
11.7268692875911	10.2098218895266	44.5
11.6814827140978	10.1587650349248	44.5
11.6358111577245	10.1078121339719	44.5
11.589856855659	10.0569714354121	44.5
11.5436220928536	10.0062511474506	44.5
11.4971092020295	9.95565943485106	44.5
11.4503205636813	9.90520441603296	44.5
11.4032586060815	9.85489416016958	44.5
11.355925805285	9.80473668428534	44.5
11.3083246851331	9.75473995035352	44.5
11.2604578172586	9.70491186239373	44.5
11.2123278210897	9.65526026356962	44.5
11.1639373638547	9.60579293328642	44.5
11.1152891605865	9.55651758428852	44.5
11.0663859741267	9.50744185975712	44.5
11.0172306151305	9.45857333040776	44.5
10.9678259420707	9.40991949158795	44.5
10.9181748612425	9.36148776037474	44.5
10.8682803267678	9.31328547267235	44.5
10.8181453405994	9.26531988030975	44.5
10.7677729525259	9.2175981481382	44.5
10.7171662601759	9.17012735112894	44.5
10.6663284090223	9.1229144714707	44.5
10.6152625923869	9.07596639566734	44.5
10.5639720514451	9.02928991163543	44.5
10.5124600752297	8.98289170580184	44.5
10.4607300006359	8.93677836020133	44.5
10.4087852124256	8.89095634957415	44.5
10.3566291432316	8.84543203846368	44.5
10.3042652735623	8.8002116783139	44.5
10.2516971318063	8.75530140456713	44.5
10.1989282942363	8.7107072337615	44.5
10.1459623850139	8.66643506062864	44.5
10.0928030761942	8.62249065519121	44.5
10.0394540877298	8.57887965986054	44.5
9.98591918747554	8.53560758653416	44.5
9.93220219119292	8.49267981369346	44.5
9.87830696255445	8.45010158350125	44.5
9.82423741314812	8.40787799889937	44.5
9.76999750248189	8.36601402070627	44.5
9.71559123798805	8.32451446471457	44.5
9.66102267502771	8.28338399878874	44.5
9.60629591689526	8.24262713996263	44.5
9.55141511482274	8.20224825153706	44.5
9.49638446798436	8.16225154017747	44.5
9.44120822350088	8.12264105301144	44.5
9.38589067644407	8.08342067472631	44.5
9.33043616984116	8.0445941246668	44.5
9.27484909467927	8.00616495393263	44.5
9.21913388990356	7.9681365425001	44.5
9.16329504219087	7.93051209720417	44.5
9.10733708503424	7.89329465236069	44.5
9.05126459750034	7.85648707164231	44.5
8.99508220296999	7.8200920500186	44.5
8.93879456787881	7.7841121156964	44.5
8.88240640045776	7.74854963205993	44.5
8.82592244947374	7.71340679961106	44.5
8.76934750297017	7.67868565790948	44.5
8.71268638700759	7.64438808751295	44.5
8.65594396440422	7.61051581191752	44.5
8.59912513347659	7.57707039949771	44.5
8.54223482678006	7.54405326544677	44.5
8.48527800984947	7.51146567371685	44.5
8.42825967993967	7.47930873895923	44.5
8.37118486476617	7.44758342846455	44.5
8.31405862124565	7.41629056410305	44.5
8.25688603423658	7.3854308242647	44.5
8.19967221527985	7.35500474579948	44.5
8.14242230133925	7.3250127259576	44.5
8.08514145354218	7.29545502432968	44.5
8.02783485592013	7.26633176478696	44.5
7.97050771414932	7.2376429374216	44.5
7.91316525429129	7.20938840048677	44.5
7.85581272153343	7.18156788233694	44.5
7.79845537892965	7.1541809833681	44.5
7.74109850614088	7.12722717795795	44.5
7.68374739817571	7.1007058164061	44.5
7.62640736413097	7.07461612687434	44.5
7.56908372593228	7.0489572173268	44.5
7.51178181707468	7.02372807747019	44.5
7.45450698136318	6.99892758069402	44.5
7.39726457165338	6.97455448601077	44.5
7.34005994859201	6.95060743999622	44.5
7.28289847935757	6.92708497872951	44.5
7.22578553640084	6.90398552973346	44.5
7.16872649618557	6.88130741391476	44.5
7.11172673792896	6.85904884750419	44.5
7.0547916423423	6.83720794399681	44.5
6.99792659037157	6.81578271609218	44.5
6.94113696193798	6.79477107763463	44.5
6.88442813467858	6.7741708455534	44.5
6.82780548268685	6.75397974180289	44.5
6.77127437525326	6.7341953953029	44.5
6.71484017560589	6.71481534387876	44.5
6.65850823965099	6.69583703620166	44.5
6.60228391471359	6.67725783372878	44.5
6.54617253827803	6.65907501264352	44.5
6.49017943672862	6.64128576579578	44.5
6.43430992409017	6.62388720464205	44.5
6.37856930076861	6.60687636118576	44.5
6.32296285229154	6.59025018991741	44.5
6.26749584804884	6.57400556975479	44.5
6.21217354003326	6.55813930598323	44.5
6.15700116158098	6.54264813219578	44.5
6.10198392611222	6.52752871223351	44.5
6.04712702587181	6.51277764212555	44.5
5.99243563066977	6.49839145202951	44.5
5.93791488662195	6.48436660817154	44.5
5.88356991489051	6.47069951478662	44.5
5.8294058104246	6.45738651605877	44.5
5.77542764070091	6.44442389806123	44.5
5.72164044446425	6.43180789069672	44.5
5.66804923046815	6.41953466963762	44.5
5.61465897621542	6.4076003582662	44.5
5.56147462669876	6.39600102961485	44.5
5.50850109314136	6.38473270830625	44.5
5.45574325173742	6.37379137249363	44.5
5.40320594239281	6.36317295580098	44.5
5.35089396746561	6.35287334926321	44.5
5.29881209050672	6.34288840326648	44.5
5.24696503500041	6.33321392948827	44.5
5.19535748310494	6.32384570283772	44.5
5.14399407439316	6.31477946339577	44.5
5.09287940459303	6.30601091835539	44.5
5.04201802432825	6.29753574396185	44.5
4.99141443785886	6.28934958745283	44.5
4.9410731018218	6.28144806899873	44.5
4.89099842397148	6.27382678364284	44.5
4.8411947619204	6.26648130324157	44.5
4.79166642187973	6.25940717840466	44.5
4.74241765739986	6.25259994043535	44.5
4.69345266811104	6.24605510327074	44.5
4.6447755984639	6.23976816542179	44.5
4.59639053647011	6.23373461191372	44.5
4.5483015124429	6.22794991622614	44.5
4.50051249773768	6.22240954223328	44.5
4.45302740349261	6.21710894614418	44.5
4.4058500793692	6.21204357844298	44.5
4.3589843122929	6.20720888582901	44.5
4.31243382519364	6.20260031315717	44.5
4.26620227574647	6.19821330537798	44.5
4.22029325511212	6.19404330947791	44.5
4.17471028667758	6.19008577641955	44.5
4.12945682479671	6.1863361630818	44.5
4.08453625353079	6.18278993420017	44.5
4.03995188538913	6.1794425643069	44.5
3.99570696006965	6.1762895396712	44.5
3.95180464319946	6.17332636023953	44.5
3.90824802507546	6.17054854157574	44.5
3.86504011940491	6.16795161680129	44.5
3.82218386204601	6.16553113853553	44.5
3.7796821097485	6.16328268083582	44.5
3.73753763889426	6.16120184113784	44.5
3.69575314423784	6.15928424219572	44.5
3.65433123764709	6.15752553402235	44.5
3.61327444684377	6.15592139582948	44.5
3.57258521414406	6.15446753796803	44.5
3.5322658951992	6.15315970386827	44.5
3.49231875773606	6.15199367198003	44.5
3.45274598029774	6.15096525771291	44.5
3.41354965098412	6.15007031537652	44.5
3.37473176619248	6.14930474012069	44.5
3.33629422935807	6.14866446987564	44.5
3.29823884969471	6.14814548729227	44.5
3.26056734093533	6.14774382168232	44.5
3.22328132007262	6.1474555509586	44.5
3.18638230609957	6.1472768035752	44.5
3.14987171875007	6.14720376046774	44.5
3.11375087723949	6.1472326569935	44.5
3.07802099900526	6.14735978487175	44.5
3.0426831984475	6.14758149412389	44.5
3.00773848566953	6.14789419501366	44.5
2.97318776521851	6.14829435998739	44.5
2.93903183482601	6.14877852561421	44.5
2.9052713841786	6.14934329449697	44.5
2.87190699432916	6.14998533655859	44.5
2.8389391385419	6.15070138893028	44.5
2.80636818363473	6.15148825535516	44.5
2.77419439133693	6.15234280557665	44.5
2.74241791964704	6.15326197472693	44.5
2.71103882419055	6.15424276271535	44.5
2.68005705957775	6.1552822336168	44.5
2.64947248076149	6.15637751506027	44.5
2.61928484439493	6.15752579761711	44.5
2.58949381018939	6.15872433418961	44.5
2.56009894227208	6.15997043939932	44.5
2.53109971054389	6.16126148897553	44.5
2.5024954920372	6.16259491914367	44.5
2.47428557227364	6.16396822601374	44.5
2.44646914662188	6.16537896496875	44.5
2.41904532165539	6.16682475005317	44.5
2.39201311651027	6.16830325336126	44.5
2.36537146424299	6.16981220442561	44.5
2.3391192131882	6.1713493896055	44.5
2.31325512831649	6.17291265147536	44.5
2.2877778925922	6.17449988821314	44.5
2.26268610833118	6.17610905298882	44.5
2.23797829855857	6.17773815335278	44.5
2.21365290836662	6.17938525062421	44.5
2.18970830627241	6.1810484592796	44.5
2.16614278557571	6.18272594634113	44.5
2.14295456571669	6.18441593076507	44.5
2.12014179363375	6.18611668283024	44.5
2.09770254512128	6.18782652352646	44.5
2.07563482618746	6.18954382394291	44.5
2.05393657441203	6.19126700465661	44.5
2.03260566030408	6.19299453512082	44.5
2.01163988865981	6.1947249330535	44.5
1.99103699992035	6.19645676382565	44.5
1.97079467152953	6.19818863984987	44.5
1.95091051929165	6.19991921996867	44.5
1.93138209872926	6.20164720884294	44.5
1.91220690644098	6.2033713563404	44.5
1.89338238145922	6.20509045692399	44.5
1.87490590660803	6.20680334904028	44.5
1.85677480986084	6.20850891450798	44.5
1.83898636569826	6.21020607790625	44.5
1.82153779646585	6.21189380596325	44.5
1.80442627373192	6.21357110694445	44.5
1.7876489196453	6.21523703004113	44.5
1.77120280829312	6.21689066475878	44.5
1.7550849670586	6.21853114030556	44.5
1.73929237797885	6.22015762498067	44.5
1.72382197910261	6.22176932556279	44.5
1.70867066584808	6.22336548669856	44.5
1.69383529236067	6.22494539029094	44.5
1.67931267287078	6.22650835488766	44.5
1.66509958305163	6.22805373506969	44.5
1.65119276137698	6.22958092083958	44.5
1.63758891047895	6.23108933700992	44.5
1.6242846985058	6.23257844259184	44.5
1.61127676047971	6.23404773018333	44.5
1.59856169965455	6.23549672535772	44.5
1.58613608887368	6.2369249860521	44.5
1.57399647192773	6.23833210195571	44.5
1.56213936491237	6.23971769389847	44.5
1.55056125758611	6.24108141323928	44.5
1.53925861472808	6.2424229412545	44.5
1.52822787749579	6.24374198852641	44.5
1.51746546478294	6.24503829433159	44.5
1.50696777457721	6.24631162602935	44.5
1.496731185318	6.24756177845017	44.5
1.48675205725425	6.24878857328414	44.5
1.46755154290327	6.25117150758035	44.5
1.44933680130211	6.25345951639066	44.5
1.43207819807922	6.25565207780049	44.5
1.41574593816266	6.2577490409377	44.5
1.40031010922918	6.2597506064022	44.5
1.38574072515324	6.26165730669553	44.5
1.37200776945608	6.2634699866506	44.5
1.35908123875479	6.26518978386128	44.5
1.34693118621132	6.26681810911204	44.5
1.33552776498157	6.26835662680757	44.5
1.32484127166441	6.26980723540248	44.5
1.31484218975077	6.27117204783086	44.5
1.30106847344584	6.2730634955477	44.5
1.28867796315072	6.27477564367325	44.5
1.27757473492958	6.27631773928877	44.5
1.26766491079162	6.27769961990334	44.5
1.25615044989901	6.2793107158732	44.5
1.24419470091073	6.2809880823887	44.5
1.23291591042141	6.28257271556246	44.5
1.2220913554985	6.28409399896626	44.5
1.21187500938659	6.28552981277642	44.5
